1.000000
1.000000
1.000000
1.000000
1.000000
1.000000
1.000000
1.000000
1.000000
1.000000
1.000000
1.000000
1.000000
1.000000
1.000000
1.000000
1.000000
1.000000
1.000000
1.000000
1.000000
1.000000
1.000000
1.000000
1.000000
1.000000
1.000000
1.000000
1.000000
1.000000
1.000000
1.000000
1.000000
1.000000
1.000000
1.000000
1.000000
1.000000
1.000000
1.000000
1.000000
1.000000
1.000000
1.000000
1.000000
1.000000
1.000000
1.000000
1.000000
1.000000
1.000000
1.000000
1.000000
1.000000
1.000000
1.000000
1.000000
1.000000
1.000000
1.000000
1.000000
1.000000
1.000000
1.000000
1.000000
1.000000
1.000000
1.000000
1.000000
1.000000
1.000000
1.000000
1.000000
1.000000
1.000000
1.000000
1.000000
1.000000
1.000000
1.000000
1.000000
1.000000
1.000000
1.000000
1.000000
1.000000
1.000000
1.000000
1.000000
1.000000
1.000000
1.000000
1.000000
1.000000
1.000000
1.000000
1.000000
1.000000
1.000000
1.000000
1.000000
1.000000
1.000000
1.000000
1.000000
1.000000
1.000000
1.000000
1.000000
1.000000
1.000000
1.000000
1.000000
1.000000
1.000000
1.000000
1.000000
1.000000
1.000000
1.000000
1.000000
1.000000
1.000000
1.000000
1.000000
1.000000
1.000000
1.000000
1.000000
1.000000
1.000000
1.000000
1.000000
1.000000
1.000000
1.000000
1.000000
1.000000
1.000000
1.000000
1.000000
1.000000
1.000000
1.000000
1.000000
1.000000
1.000000
1.000000
1.000000
1.000000
1.000000
1.000000
1.000000
1.000000
1.000000
1.000000
1.000000
1.000000
1.000000
1.000000
1.000000
1.000000
1.000000
1.000000
1.000000
1.000000
1.000000
1.000000
1.000000
1.000000
1.000000
1.000000
1.000000
1.000000
1.000000
1.000000
1.000000
1.000000
1.000000
1.000000
1.000000
1.000000
1.000000
1.000000
1.000000
1.000000
1.000000
1.000000
1.000000
1.000000
1.000000
1.000000
1.000000
1.000000
1.000000
1.000000
1.000000
1.000000
1.000000
1.000000
1.000000
1.000000
1.000000
1.000000
1.000000
1.000000
1.000000
1.000000
1.000000
1.000000
1.000000
1.000000
1.000000
1.000000
1.000000
1.000000
1.000000
1.000000
1.000000
1.000000
1.000000
1.000000
1.000000
1.000000
1.000000
1.000000
1.000000
1.000000
1.000000
1.000000
1.000000
1.000000
1.000000
1.000000
1.000000
1.000000
1.000000
1.000000
1.000000
1.000000
1.000000
1.000000
1.000000
1.000000
1.000000
1.000000
1.000000
1.000000
1.000000
1.000000
1.000000
1.000000
1.000000
1.000000
1.000000
1.000010
1.000013
1.000027
1.000040
1.000054
1.000058
1.000059
1.000059
1.000059
1.000059
1.000057
1.000049
1.000039
1.000025
1.000012
1.000000
1.000000
1.000000
1.000000
1.000000
1.000000
1.000000
1.000000
1.000000
1.000000
1.000000
1.000000
1.000000
1.000000
1.000000
1.000000
1.000000
1.000000
1.000000
1.000000
1.000000
1.000000
1.000000
1.000000
1.000000
1.000013
1.000085
1.000215
1.000382
1.000513
1.000595
1.000634
1.000648
1.000656
1.000657
1.000654
1.000636
1.000572
1.000441
1.000272
1.000136
1.000056
1.000020
1.000007
1.000000
1.000000
1.000000
1.000000
1.000000
1.000000
1.000000
1.000000
1.000000
1.000000
1.000000
1.000000
1.000000
1.000000
1.000000
1.000000
1.000000
1.000000
1.000000
1.000000
1.000008
1.000046
1.000215
1.000747
1.001835
1.003164
1.004261
1.004945
1.005284
1.005424
1.005471
1.005487
1.005458
1.005317
1.004840
1.003762
1.002360
1.001186
1.000486
1.000167
1.000049
1.000013
1.000000
1.000000
1.000000
1.000000
1.000000
1.000000
1.000000
1.000000
1.000000
1.000000
1.000000
1.000000
1.000000
1.000000
1.000000
1.000000
1.000000
1.000000
1.000011
1.000051
1.000292
1.001321
1.004467
1.010788
1.018426
1.024803
1.028857
1.030940
1.031837
1.032166
1.032249
1.032122
1.031396
1.028837
1.022839
1.014641
1.007486
1.003102
1.001068
1.000313
1.000079
1.000017
1.000004
1.000000
1.000000
1.000000
1.000000
1.000000
1.000000
1.000000
1.000000
1.000000
1.000000
1.000000
1.000000
1.000000
1.000000
1.000000
1.000000
1.000025
1.000205
1.001160
1.005145
1.017001
1.039975
1.067283
1.090345
1.105562
1.113825
1.117629
1.119138
1.119593
1.119295
1.117109
1.109029
1.088889
1.058916
1.030867
1.012953
1.004480
1.001313
1.000333
1.000073
1.000017
1.000003
1.000000
1.000000
1.000000
1.000000
1.000000
1.000000
1.000000
1.000000
1.000000
1.000000
1.000000
1.000000
1.000000
1.000000
1.000013
1.000067
1.000464
1.002604
1.011427
1.037191
1.086001
1.143964
1.194259
1.229207
1.249549
1.259706
1.264107
1.265671
1.265421
1.261508
1.246202
1.205767
1.140377
1.074840
1.031502
1.010840
1.003153
1.000793
1.000177
1.000039
1.000008
1.000000
1.000000
1.000000
1.000000
1.000000
1.000000
1.000000
1.000000
1.000000
1.000000
1.000000
1.000000
1.000000
1.000000
1.000013
1.000108
1.000731
1.004104
1.017957
1.058138
1.133816
1.224950
1.306943
1.367117
1.404614
1.424831
1.434350
1.438147
1.438474
1.433177
1.410965
1.349369
1.242906
1.130398
1.054495
1.018500
1.005308
1.001320
1.000293
1.000059
1.000012
1.000000
1.000000
1.000000
1.000000
1.000000
1.000000
1.000000
1.000000
1.000000
1.000000
1.000000
1.000000
1.000000
1.000000
1.000017
1.000135
1.000930
1.005234
1.022937
1.074383
1.171860
1.291823
1.403891
1.490392
1.547607
1.580543
1.597161
1.604374
1.605919
1.599774
1.571712
1.490890
1.344460
1.184451
1.075995
1.025342
1.007153
1.001758
1.000386
1.000077
1.000015
1.000001
1.000000
1.000000
1.000000
1.000000
1.000000
1.000000
1.000000
1.000000
1.000000
1.000000
1.000000
1.000000
1.000000
1.000019
1.000152
1.001050
1.005900
1.025949
1.084540
1.196746
1.337968
1.474393
1.584246
1.660524
1.706788
1.731422
1.742790
1.746036
1.739509
1.706706
1.609602
1.428513
1.227524
1.092190
1.030208
1.008402
1.002042
1.000443
1.000089
1.000017
1.000001
1.000000
1.000000
1.000000
1.000000
1.000000
1.000000
1.000000
1.000000
1.000000
1.000000
1.000000
1.000000
1.000000
1.000019
1.000161
1.001103
1.006225
1.027462
1.089870
1.210607
1.365390
1.518897
1.646593
1.738590
1.796620
1.828777
1.844266
1.849330
1.842713
1.806200
1.696182
1.488067
1.256454
1.102368
1.033077
1.009101
1.002195
1.000473
1.000093
1.000017
1.000001
1.000000
1.000000
1.000000
1.000000
1.000000
1.000000
1.000000
1.000000
1.000000
1.000000
1.000000
1.000000
1.000000
1.000019
1.000162
1.001124
1.006360
1.028112
1.092283
1.217315
1.379646
1.543585
1.683087
1.786221
1.853084
1.891174
1.910054
1.916683
1.910094
1.870846
1.751442
1.524566
1.273104
1.107824
1.034518
1.009434
1.002265
1.000486
1.000094
1.000017
1.000001
1.000000
1.000000
1.000000
1.000000
1.000000
1.000000
1.000000
1.000000
1.000000
1.000000
1.000000
1.000000
1.000000
1.000019
1.000163
1.001133
1.006408
1.028355
1.093238
1.220171
1.386191
1.555707
1.702011
1.811966
1.884512
1.926577
1.947802
1.955543
1.948996
1.907910
1.782393
1.544047
1.281408
1.110357
1.035145
1.009570
1.002291
1.000490
1.000095
1.000017
1.000001
1.000000
1.000000
1.000000
1.000000
1.000000
1.000000
1.000000
1.000000
1.000000
1.000000
1.000000
1.000000
1.000000
1.000019
1.000163
1.001133
1.006422
1.028423
1.093536
1.221186
1.388777
1.560901
1.710627
1.824208
1.899912
1.944254
1.966858
1.975261
1.968733
1.926535
1.797486
1.552987
1.284907
1.111326
1.035362
1.009613
1.002299
1.000491
1.000095
1.000017
1.000001
1.000000
1.000000
1.000000
1.000000
1.000000
1.000000
1.000000
1.000000
1.000000
1.000000
1.000000
1.000000
1.000000
1.000019
1.000162
1.001128
1.006395
1.028315
1.093283
1.220885
1.388810
1.561808
1.712890
1.828035
1.905163
1.950565
1.973818
1.982527
1.975964
1.933098
1.802121
1.554783
1.284947
1.111068
1.035224
1.009568
1.002285
1.000487
1.000094
1.000017
1.000001
1.000000
1.000000
1.000000
1.000000
1.000000
1.000000
1.000000
1.000000
1.000000
1.000000
1.000000
1.000000
1.000000
1.000018
1.000155
1.001087
1.006182
1.027484
1.090959
1.216498
1.382582
1.554291
1.704600
1.819327
1.896228
1.941491
1.964644
1.973247
1.966426
1.922778
1.790247
1.542639
1.276463
1.107152
1.033880
1.009186
1.002192
1.000470
1.000090
1.000016
1.000001
1.000000
1.000000
1.000000
1.000000
1.000000
1.000000
1.000000
1.000000
1.000000
1.000000
1.000000
1.000000
1.000000
1.000016
1.000137
1.000936
1.005370
1.024152
1.081254
1.197085
1.353199
1.516231
1.659364
1.768316
1.840815
1.883019
1.904272
1.911732
1.903869
1.858401
1.724205
1.484253
1.240109
1.091484
1.028687
1.007748
1.001845
1.000394
1.000075
1.000013
1.000000
1.000000
1.000000
1.000000
1.000000
1.000000
1.000000
1.000000
1.000000
1.000000
1.000000
1.000000
1.000000
1.000000
1.000011
1.000094
1.000672
1.003905
1.017868
1.061650
1.154169
1.282834
1.419268
1.539011
1.628918
1.687300
1.720196
1.736051
1.740671
1.731216
1.685461
1.559563
1.356243
1.169784
1.063500
1.019798
1.005339
1.001268
1.000269
1.000052
1.000008
1.000000
1.000000
1.000000
1.000000
1.000000
1.000000
1.000000
1.000000
1.000000
1.000000
1.000000
1.000000
1.000000
1.000000
1.000005
1.000053
1.000397
1.002320
1.010788
1.038102
1.098002
1.183417
1.274370
1.352834
1.409686
1.444830
1.463511
1.471852
1.473286
1.464325
1.427430
1.335006
1.203381
1.094360
1.035091
1.010972
1.002970
1.000707
1.000148
1.000029
1.000003
1.000000
1.000000
1.000000
1.000000
1.000000
1.000000
1.000000
1.000000
1.000000
1.000000
1.000000
1.000000
1.000000
1.000000
1.000000
1.000025
1.000192
1.001133
1.005332
1.019124
1.050007
1.094232
1.140430
1.178670
1.204806
1.219892
1.227341
1.230354
1.230299
1.224652
1.203665
1.154923
1.091663
1.042253
1.015808
1.004984
1.001358
1.000324
1.000067
1.000012
1.000000
1.000000
1.000000
1.000000
1.000000
1.000000
1.000000
1.000000
1.000000
1.000000
1.000000
1.000000
1.000000
1.000000
1.000000
1.000000
1.000011
1.000074
1.000462
1.002195
1.007941
1.020889
1.039194
1.057647
1.072107
1.081349
1.086310
1.088582
1.089406
1.089171
1.086671
1.077883
1.058363
1.034265
1.015863
1.005992
1.001906
1.000522
1.000125
1.000025
1.000003
1.000000
1.000000
1.000000
1.000000
1.000000
1.000000
1.000000
1.000000
1.000000
1.000000
1.000000
1.000000
1.000000
1.000000
1.000000
1.000000
1.000000
1.000024
1.000160
1.000769
1.002794
1.007351
1.013667
1.019792
1.024340
1.027072
1.028445
1.029033
1.029223
1.029104
1.028233
1.025264
1.018817
1.011045
1.005146
1.001960
1.000628
1.000172
1.000040
1.000007
1.000000
1.000000
1.000000
1.000000
1.000000
1.000000
1.000000
1.000000
1.000000
1.000000
1.000000
1.000000
1.000000
1.000000
1.000000
1.000000
1.000000
1.000000
1.000007
1.000047
1.000232
1.000850
1.002233
1.004113
1.005873
1.007122
1.007834
1.008172
1.008308
1.008350
1.008307
1.008050
1.007190
1.005342
1.003140
1.001470
1.000563
1.000180
1.000049
1.000010
1.000000
1.000000
1.000000
1.000000
1.000000
1.000000
1.000000
1.000000
1.000000
1.000000
1.000000
1.000000
1.000000
1.000000
1.000000
1.000000
1.000000
1.000000
1.000000
1.000000
1.000012
1.000061
1.000226
1.000596
1.001089
1.001538
1.001845
1.002013
1.002087
1.002118
1.002128
1.002113
1.002048
1.001827
1.001356
1.000798
1.000374
1.000143
1.000046
1.000011
1.000000
1.000000
1.000000
1.000000
1.000000
1.000000
1.000000
1.000000
1.000000
1.000000
1.000000
1.000000
1.000000
1.000000
1.000000
1.000000
1.000000
1.000000
1.000000
1.000000
1.000000
1.000000
1.000013
1.000053
1.000140
1.000256
1.000360
1.000427
1.000464
1.000481
1.000487
1.000488
1.000485
1.000469
1.000419
1.000310
1.000182
1.000084
1.000032
1.000008
1.000000
1.000000
1.000000
1.000000
1.000000
1.000000
1.000000
1.000000
1.000000
1.000000
1.000000
1.000000
1.000000
1.000000
1.000000
1.000000
1.000000
1.000000
1.000000
1.000000
1.000000
1.000000
1.000000
1.000000
1.000009
1.000027
1.000052
1.000074
1.000089
1.000097
1.000099
1.000100
1.000100
1.000100
1.000097
1.000086
1.000064
1.000037
1.000015
1.000004
1.000000
1.000000
1.000000
1.000000
1.000000
1.000000
1.000000
1.000000
1.000000
1.000000
1.000000
1.000000
1.000000
1.000000
1.000000
1.000000
1.000000
1.000000
1.000000
1.000000
1.000000
1.000000
1.000000
1.000000
1.000000
1.000000
1.000004
1.000008
1.000012
1.000014
1.000015
1.000016
1.000016
1.000016
1.000016
1.000015
1.000013
1.000009
1.000004
1.000000
1.000000
1.000000
1.000000
1.000000
1.000000
1.000000
1.000000
1.000000
1.000000
1.000000
1.000000
1.000000
1.000000
1.000000
1.000000
1.000000
1.000000
1.000000
1.000000
1.000000
1.000000
1.000000
1.000000
1.000000
1.000000
1.000000
1.000000
1.000000
1.000000
1.000000
1.000000
1.000001
1.000001
1.000001
1.000001
1.000001
1.000000
1.000000
1.000000
1.000000
1.000000
1.000000
1.000000
1.000000
1.000000
1.000000
1.000000
1.000000
1.000000
1.000000
1.000000
1.000000
1.000000
1.000000
1.000000
1.000000
1.000000
1.000000
1.000000
1.000000
1.000000
1.000000
1.000000
1.000000
1.000000
1.000000
1.000000
1.000000
1.000000
1.000000
1.000000
1.000000
1.000000
1.000000
1.000000
1.000000
1.000000
1.000000
1.000000
1.000000
1.000000
1.000000
1.000000
1.000000
1.000000
1.000000
1.000000
1.000000
1.000000
1.000000
1.000000
1.000000
1.000000
1.000000
1.000000
1.000000
1.000000
1.000000
1.000000
1.000000
1.000000
1.000000
1.000000
1.000000
1.000000
1.000000
1.000000
1.000000
1.000000
1.000000
1.000000
1.000000
1.000000
1.000000
1.000000
1.000000
1.000000
1.000000
1.000000
1.000000
1.000000
1.000000
1.000000
1.000000
1.000000
1.000000
1.000000
1.000000
1.000000
1.000000
1.000000
1.000000
1.000000
1.000000
1.000000
1.000000
1.000000
1.000000
1.000000
1.000000
1.000000
1.000000
1.000000
1.000000
1.000000
1.000000
1.000000
1.000000
1.000000
1.000000
1.000000
1.000000
1.000000
1.000000
1.000000
1.000000
1.000000
1.000000
1.000000
1.000000
1.000000
1.000000
1.000000
1.000000
1.000000
1.000000
1.000000
1.000000
1.000000
1.000000
1.000000
1.000000
1.000000
1.000000
1.000000
1.000000
1.000000
1.000000
1.000000
1.000000
1.000000
1.000000
1.000000
1.000000
1.000000
1.000000
1.000000
1.000000
1.000000
1.000000
1.000000
1.000000
1.000000
1.000000
1.000000
1.000000
1.000000
1.000000
1.000000
1.000000
1.000000
1.000000
1.000000
1.000000
1.000000
1.000000
1.000000
1.000000
1.000000
1.000000
1.000000
1.000000
1.000000
1.000000
1.000000
1.000000
1.000000
1.000000
1.000000
1.000000
1.000000
1.000000
1.000000
1.000000
1.000000
1.000000
1.000000
1.000000
1.000000
1.000000
1.000000
1.000000
1.000000
1.000000
1.000000
1.000000
1.000000
1.000000
1.000000
1.000000
1.000000
1.000000
1.000000
1.000000
1.000000
1.000000
1.000000
1.000000
1.000000
1.000000
1.000000
1.000000
1.000000
1.000000
1.000000
1.000000
1.000000
1.000000
1.000000
1.000000
1.000000
1.000000
1.000000
1.000000
1.000000
1.000000
1.000000
1.000000
1.000000
1.000000
1.000000
1.000000
1.000000
1.000000
1.000000
1.000000
1.000000
1.000000
1.000000
1.000000
1.000000
1.000000
1.000000
1.000000
1.000000
1.000000
1.000000
1.000000
1.000000
1.000000
1.000000
1.000000
1.000000
1.000000
1.000000
1.000000
1.000000
1.000000
1.000000
1.000000
1.000000
1.000000
1.000000
1.000000
1.000000
1.000000
1.000000
1.000000
1.000000
1.000000
1.000000
1.000000
1.000000
1.000000
1.000000
1.000000
1.000000
1.000000
1.000000
1.000000
1.000000
1.000000
1.000000
1.000000
1.000000
1.000000
1.000000
1.000000
1.000000
1.000000
1.000000
1.000000
1.000000
1.000000
1.000000
1.000000
1.000000
1.000000
1.000000
1.000000
1.000000
1.000000
1.000000
1.000000
1.000000
1.000000
1.000000
1.000000
1.000000
1.000000
1.000000
1.000000
1.000000
1.000000
1.000000
1.000000
1.000000
1.000000
1.000000
1.000000
1.000000
1.000000
1.000000
1.000000
1.000000
1.000000
1.000000
1.000000
1.000000
1.000000
1.000000
1.000000
1.000000
1.000000
1.000000
1.000000
1.000000
1.000000
1.000000
1.000000
1.000000
1.000000
1.000000
1.000000
1.000000
1.000000
