1.000000
1.000000
1.000000
1.000000
1.000000
1.000000
1.000000
1.000000
1.000000
1.000000
1.000000
1.000000
1.000000
1.000000
1.000000
1.000000
1.000000
1.000000
1.000000
1.000000
1.000000
1.000000
1.000000
1.000000
1.000000
1.000000
1.000000
1.000000
1.000000
1.000000
1.000000
1.000000
1.000000
1.000000
1.000000
1.000000
1.000000
1.000000
1.000000
1.000000
1.000000
1.000000
1.000000
1.000000
1.000000
1.000000
1.000000
1.000000
1.000000
1.000000
1.000000
1.000000
1.000000
1.000000
1.000000
1.000000
1.000000
1.000000
1.000000
1.000000
1.000000
1.000000
1.000000
1.000000
1.000000
1.000000
1.000000
1.000000
1.000000
1.000000
1.000000
1.000000
1.000000
1.000000
1.000000
1.000000
1.000000
1.000000
1.000000
1.000000
1.000000
1.000000
1.000000
1.000000
1.000000
1.000000
1.000000
1.000000
1.000000
1.000000
1.000000
1.000000
1.000000
1.000000
1.000000
1.000000
1.000000
1.000000
1.000000
1.000000
1.000000
1.000000
1.000000
1.000000
1.000000
1.000000
1.000000
1.000000
1.000000
1.000000
1.000000
1.000000
1.000000
1.000000
1.000000
1.000000
1.000000
1.000000
1.000000
1.000000
1.000000
1.000000
1.000000
1.000000
1.000000
1.000000
1.000000
1.000000
1.000000
1.000000
1.000000
1.000000
1.000000
1.000000
1.000000
1.000000
1.000000
1.000000
1.000000
1.000000
1.000000
1.000000
1.000000
1.000000
1.000000
1.000000
1.000000
1.000000
1.000000
1.000000
1.000000
1.000000
1.000000
1.000000
1.000000
1.000000
1.000000
1.000000
1.000000
1.000000
1.000000
1.000000
1.000000
1.000000
1.000000
1.000000
1.000000
1.000000
1.000000
1.000000
1.000000
1.000000
1.000000
1.000000
1.000000
1.000000
1.000000
1.000000
1.000000
1.000000
1.000000
1.000000
1.000000
1.000000
1.000000
1.000000
1.000000
1.000000
1.000000
1.000000
1.000000
1.000000
1.000000
1.000000
1.000000
1.000000
1.000000
1.000000
1.000000
1.000000
1.000000
1.000000
1.000000
1.000000
1.000000
1.000000
1.000000
1.000000
1.000000
1.000000
1.000000
1.000000
1.000000
1.000000
1.000000
1.000000
1.000000
1.000000
1.000000
1.000000
1.000000
1.000000
1.000000
1.000000
1.000000
1.000000
1.000000
1.000000
1.000000
1.000000
1.000000
1.000000
1.000000
1.000000
1.000000
1.000000
1.000000
1.000000
1.000000
1.000000
1.000000
1.000000
1.000000
1.000000
1.000000
1.000000
1.000000
1.000000
1.000000
1.000000
1.000000
1.000000
1.000000
1.000000
1.000000
1.000010
1.000013
1.000027
1.000040
1.000057
1.000064
1.000065
1.000065
1.000065
1.000065
1.000064
1.000056
1.000043
1.000030
1.000016
1.000002
1.000000
1.000000
1.000000
1.000000
1.000000
1.000000
1.000000
1.000000
1.000000
1.000000
1.000000
1.000000
1.000000
1.000000
1.000000
1.000000
1.000000
1.000000
1.000000
1.000000
1.000000
1.000000
1.000000
1.000000
1.000013
1.000085
1.000216
1.000384
1.000520
1.000612
1.000654
1.000672
1.000683
1.000685
1.000680
1.000663
1.000598
1.000468
1.000298
1.000155
1.000066
1.000025
1.000010
1.000000
1.000000
1.000000
1.000000
1.000000
1.000000
1.000000
1.000000
1.000000
1.000000
1.000000
1.000000
1.000000
1.000000
1.000000
1.000000
1.000000
1.000000
1.000000
1.000000
1.000011
1.000050
1.000218
1.000726
1.001746
1.003016
1.004103
1.004809
1.005177
1.005337
1.005394
1.005413
1.005385
1.005245
1.004791
1.003789
1.002455
1.001288
1.000557
1.000201
1.000062
1.000016
1.000002
1.000000
1.000000
1.000000
1.000000
1.000000
1.000000
1.000000
1.000000
1.000000
1.000000
1.000000
1.000000
1.000000
1.000000
1.000000
1.000000
1.000000
1.000013
1.000054
1.000298
1.001277
1.004156
1.009820
1.016789
1.022808
1.026796
1.028939
1.029907
1.030280
1.030383
1.030267
1.029582
1.027259
1.021939
1.014518
1.007756
1.003382
1.001230
1.000381
1.000102
1.000023
1.000007
1.000000
1.000000
1.000000
1.000000
1.000000
1.000000
1.000000
1.000000
1.000000
1.000000
1.000000
1.000000
1.000000
1.000000
1.000000
1.000000
1.000028
1.000211
1.001142
1.004830
1.015378
1.035453
1.059741
1.080892
1.095361
1.103536
1.107464
1.109092
1.109617
1.109363
1.107358
1.100207
1.082828
1.056572
1.030965
1.013686
1.005006
1.001555
1.000419
1.000097
1.000022
1.000006
1.000000
1.000000
1.000000
1.000000
1.000000
1.000000
1.000000
1.000000
1.000000
1.000000
1.000000
1.000000
1.000000
1.000000
1.000013
1.000073
1.000486
1.002586
1.010821
1.033933
1.076939
1.128780
1.174939
1.208003
1.227912
1.238230
1.242886
1.244622
1.244485
1.240915
1.227358
1.192438
1.135265
1.075485
1.033552
1.012234
1.003775
1.001010
1.000238
1.000053
1.000012
1.000000
1.000000
1.000000
1.000000
1.000000
1.000000
1.000000
1.000000
1.000000
1.000000
1.000000
1.000000
1.000000
1.000000
1.000015
1.000120
1.000781
1.004152
1.017313
1.053956
1.121648
1.204112
1.279918
1.337017
1.373676
1.394124
1.404122
1.408289
1.408858
1.404075
1.384345
1.330893
1.237328
1.133779
1.059228
1.021347
1.006503
1.001718
1.000404
1.000086
1.000019
1.000003
1.000000
1.000000
1.000000
1.000000
1.000000
1.000000
1.000000
1.000000
1.000000
1.000000
1.000000
1.000000
1.000000
1.000020
1.000156
1.001011
1.005392
1.022503
1.070182
1.158651
1.268502
1.373052
1.455653
1.511830
1.545239
1.562731
1.570659
1.572674
1.567252
1.542312
1.471858
1.342245
1.193098
1.084511
1.029950
1.008976
1.002343
1.000545
1.000115
1.000024
1.000004
1.000000
1.000000
1.000000
1.000000
1.000000
1.000000
1.000000
1.000000
1.000000
1.000000
1.000000
1.000000
1.000000
1.000022
1.000177
1.001156
1.006165
1.025805
1.080813
1.183887
1.314595
1.443059
1.548833
1.624312
1.671615
1.697776
1.710396
1.714468
1.708928
1.679790
1.594738
1.433052
1.242956
1.104727
1.036464
1.010761
1.002774
1.000639
1.000134
1.000027
1.000005
1.000000
1.000000
1.000000
1.000000
1.000000
1.000000
1.000000
1.000000
1.000000
1.000000
1.000000
1.000000
1.000000
1.000023
1.000190
1.001229
1.006563
1.027554
1.086674
1.198582
1.343099
1.488905
1.612960
1.704872
1.764853
1.799442
1.816895
1.823249
1.817917
1.785483
1.688556
1.500883
1.278551
1.118297
1.040573
1.011828
1.003021
1.000690
1.000144
1.000029
1.000005
1.000000
1.000000
1.000000
1.000000
1.000000
1.000000
1.000000
1.000000
1.000000
1.000000
1.000000
1.000000
1.000000
1.000023
1.000193
1.001258
1.006737
1.028348
1.089467
1.206035
1.358570
1.515398
1.652033
1.756065
1.825974
1.867516
1.889143
1.897563
1.892549
1.857626
1.751711
1.545039
1.300455
1.126100
1.042785
1.012371
1.003142
1.000713
1.000147
1.000029
1.000005
1.000000
1.000000
1.000000
1.000000
1.000000
1.000000
1.000000
1.000000
1.000000
1.000000
1.000000
1.000000
1.000000
1.000023
1.000194
1.001271
1.006805
1.028662
1.090634
1.209370
1.366010
1.529002
1.673221
1.785032
1.861654
1.908104
1.932785
1.942764
1.938024
1.901353
1.789258
1.570217
1.312186
1.129996
1.043821
1.012612
1.003192
1.000723
1.000148
1.000029
1.000005
1.000000
1.000000
1.000000
1.000000
1.000000
1.000000
1.000000
1.000000
1.000000
1.000000
1.000000
1.000000
1.000000
1.000023
1.000194
1.001272
1.006824
1.028760
1.091031
1.210637
1.369120
1.535143
1.683376
1.799549
1.880112
1.929547
1.956137
1.967110
1.962543
1.924750
1.808848
1.582682
1.317566
1.131635
1.044220
1.012696
1.003210
1.000726
1.000148
1.000029
1.000005
1.000000
1.000000
1.000000
1.000000
1.000000
1.000000
1.000000
1.000000
1.000000
1.000000
1.000000
1.000000
1.000000
1.000023
1.000193
1.001267
1.006799
1.028666
1.090837
1.210499
1.369490
1.536661
1.686636
1.804852
1.887350
1.938298
1.965874
1.977358
1.972840
1.934333
1.816218
1.586416
1.318456
1.131590
1.044111
1.012650
1.003193
1.000720
1.000147
1.000029
1.000005
1.000000
1.000000
1.000000
1.000000
1.000000
1.000000
1.000000
1.000000
1.000000
1.000000
1.000000
1.000000
1.000000
1.000022
1.000185
1.001224
1.006592
1.027889
1.088765
1.206700
1.364220
1.530488
1.680105
1.798328
1.880987
1.932098
1.959771
1.971252
1.966512
1.927188
1.807265
1.576145
1.310359
1.127455
1.042573
1.012184
1.003073
1.000695
1.000142
1.000028
1.000004
1.000000
1.000000
1.000000
1.000000
1.000000
1.000000
1.000000
1.000000
1.000000
1.000000
1.000000
1.000000
1.000000
1.000019
1.000165
1.001072
1.005811
1.024859
1.080309
1.190198
1.339523
1.498732
1.642572
1.756142
1.835177
1.883660
1.909599
1.919962
1.914158
1.872942
1.750589
1.523446
1.274809
1.110876
1.036699
1.010457
1.002630
1.000594
1.000122
1.000022
1.000003
1.000000
1.000000
1.000000
1.000000
1.000000
1.000000
1.000000
1.000000
1.000000
1.000000
1.000000
1.000000
1.000000
1.000014
1.000120
1.000794
1.004359
1.018961
1.062735
1.152857
1.279101
1.415965
1.540007
1.637105
1.703446
1.743090
1.763550
1.770786
1.762952
1.720238
1.601761
1.401005
1.202105
1.079793
1.026205
1.007449
1.001870
1.000421
1.000085
1.000014
1.000000
1.000000
1.000000
1.000000
1.000000
1.000000
1.000000
1.000000
1.000000
1.000000
1.000000
1.000000
1.000000
1.000000
1.000008
1.000071
1.000489
1.002706
1.011959
1.040503
1.101483
1.189297
1.285410
1.371681
1.437414
1.480536
1.505034
1.516865
1.519951
1.511418
1.474463
1.381357
1.241935
1.118052
1.046146
1.015170
1.004327
1.001089
1.000243
1.000049
1.000007
1.000000
1.000000
1.000000
1.000000
1.000000
1.000000
1.000000
1.000000
1.000000
1.000000
1.000000
1.000000
1.000000
1.000000
1.000000
1.000034
1.000250
1.001391
1.006224
1.021428
1.054657
1.102951
1.155196
1.200580
1.233471
1.253754
1.264511
1.269260
1.269800
1.263685
1.240717
1.187483
1.115366
1.055647
1.021829
1.007233
1.002077
1.000525
1.000116
1.000024
1.000003
1.000000
1.000000
1.000000
1.000000
1.000000
1.000000
1.000000
1.000000
1.000000
1.000000
1.000000
1.000000
1.000000
1.000000
1.000000
1.000015
1.000105
1.000600
1.002710
1.009421
1.024207
1.045515
1.067888
1.086391
1.098984
1.106226
1.109794
1.111219
1.111093
1.108097
1.097686
1.074785
1.045503
1.021992
1.008707
1.002912
1.000842
1.000213
1.000046
1.000008
1.000000
1.000000
1.000000
1.000000
1.000000
1.000000
1.000000
1.000000
1.000000
1.000000
1.000000
1.000000
1.000000
1.000000
1.000000
1.000000
1.000002
1.000036
1.000221
1.001007
1.003517
1.009045
1.016876
1.024809
1.031040
1.035028
1.037176
1.038165
1.038521
1.038399
1.037270
1.033507
1.025462
1.015466
1.007518
1.003003
1.001012
1.000293
1.000073
1.000015
1.000001
1.000000
1.000000
1.000000
1.000000
1.000000
1.000000
1.000000
1.000000
1.000000
1.000000
1.000000
1.000000
1.000000
1.000000
1.000000
1.000000
1.000000
1.000013
1.000070
1.000323
1.001137
1.002920
1.005399
1.007828
1.009650
1.010757
1.011320
1.011565
1.011645
1.011593
1.011237
1.010077
1.007634
1.004642
1.002268
1.000912
1.000308
1.000089
1.000021
1.000002
1.000000
1.000000
1.000000
1.000000
1.000000
1.000000
1.000000
1.000000
1.000000
1.000000
1.000000
1.000000
1.000000
1.000000
1.000000
1.000000
1.000000
1.000000
1.000000
1.000018
1.000091
1.000323
1.000829
1.001521
1.002180
1.002656
1.002933
1.003067
1.003123
1.003142
1.003124
1.003025
1.002709
1.002050
1.001248
1.000611
1.000246
1.000082
1.000023
1.000004
1.000000
1.000000
1.000000
1.000000
1.000000
1.000000
1.000000
1.000000
1.000000
1.000000
1.000000
1.000000
1.000000
1.000000
1.000000
1.000000
1.000000
1.000000
1.000000
1.000000
1.000002
1.000020
1.000081
1.000208
1.000381
1.000542
1.000655
1.000718
1.000748
1.000762
1.000764
1.000760
1.000735
1.000658
1.000497
1.000302
1.000148
1.000059
1.000018
1.000003
1.000000
1.000000
1.000000
1.000000
1.000000
1.000000
1.000000
1.000000
1.000000
1.000000
1.000000
1.000000
1.000000
1.000000
1.000000
1.000000
1.000000
1.000000
1.000000
1.000000
1.000000
1.000000
1.000003
1.000015
1.000045
1.000084
1.000120
1.000144
1.000160
1.000166
1.000167
1.000168
1.000167
1.000162
1.000145
1.000109
1.000066
1.000031
1.000010
1.000001
1.000000
1.000000
1.000000
1.000000
1.000000
1.000000
1.000000
1.000000
1.000000
1.000000
1.000000
1.000000
1.000000
1.000000
1.000000
1.000000
1.000000
1.000000
1.000000
1.000000
1.000000
1.000000
1.000000
1.000000
1.000001
1.000007
1.000015
1.000023
1.000028
1.000031
1.000032
1.000032
1.000032
1.000032
1.000031
1.000027
1.000018
1.000009
1.000004
1.000000
1.000000
1.000000
1.000000
1.000000
1.000000
1.000000
1.000000
1.000000
1.000000
1.000000
1.000000
1.000000
1.000000
1.000000
1.000000
1.000000
1.000000
1.000000
1.000000
1.000000
1.000000
1.000000
1.000000
1.000000
1.000000
1.000000
1.000000
1.000001
1.000003
1.000003
1.000004
1.000004
1.000004
1.000004
1.000004
1.000004
1.000003
1.000001
1.000000
1.000000
1.000000
1.000000
1.000000
1.000000
1.000000
1.000000
1.000000
1.000000
1.000000
1.000000
1.000000
1.000000
1.000000
1.000000
1.000000
1.000000
1.000000
1.000000
1.000000
1.000000
1.000000
1.000000
1.000000
1.000000
1.000000
1.000000
1.000000
1.000000
1.000000
1.000000
1.000000
1.000000
1.000000
1.000000
1.000000
1.000000
1.000000
1.000000
1.000000
1.000000
1.000000
1.000000
1.000000
1.000000
1.000000
1.000000
1.000000
1.000000
1.000000
1.000000
1.000000
1.000000
1.000000
1.000000
1.000000
1.000000
1.000000
1.000000
1.000000
1.000000
1.000000
1.000000
1.000000
1.000000
1.000000
1.000000
1.000000
1.000000
1.000000
1.000000
1.000000
1.000000
1.000000
1.000000
1.000000
1.000000
1.000000
1.000000
1.000000
1.000000
1.000000
1.000000
1.000000
1.000000
1.000000
1.000000
1.000000
1.000000
1.000000
1.000000
1.000000
1.000000
1.000000
1.000000
1.000000
1.000000
1.000000
1.000000
1.000000
1.000000
1.000000
1.000000
1.000000
1.000000
1.000000
1.000000
1.000000
1.000000
1.000000
1.000000
1.000000
1.000000
1.000000
1.000000
1.000000
1.000000
1.000000
1.000000
1.000000
1.000000
1.000000
1.000000
1.000000
1.000000
1.000000
1.000000
1.000000
1.000000
1.000000
1.000000
1.000000
1.000000
1.000000
1.000000
1.000000
1.000000
1.000000
1.000000
1.000000
1.000000
1.000000
1.000000
1.000000
1.000000
1.000000
1.000000
1.000000
1.000000
1.000000
1.000000
1.000000
1.000000
1.000000
1.000000
1.000000
1.000000
1.000000
1.000000
1.000000
1.000000
1.000000
1.000000
1.000000
1.000000
1.000000
1.000000
1.000000
1.000000
1.000000
1.000000
1.000000
1.000000
1.000000
1.000000
1.000000
1.000000
1.000000
1.000000
1.000000
1.000000
1.000000
1.000000
1.000000
1.000000
1.000000
1.000000
1.000000
1.000000
1.000000
1.000000
1.000000
1.000000
1.000000
1.000000
1.000000
1.000000
1.000000
1.000000
1.000000
1.000000
1.000000
1.000000
1.000000
1.000000
1.000000
1.000000
1.000000
1.000000
1.000000
1.000000
1.000000
1.000000
1.000000
1.000000
1.000000
1.000000
1.000000
1.000000
1.000000
1.000000
1.000000
1.000000
1.000000
1.000000
1.000000
1.000000
1.000000
1.000000
1.000000
1.000000
1.000000
1.000000
1.000000
1.000000
1.000000
1.000000
1.000000
1.000000
1.000000
1.000000
1.000000
1.000000
1.000000
1.000000
1.000000
1.000000
1.000000
1.000000
1.000000
1.000000
1.000000
1.000000
1.000000
1.000000
1.000000
1.000000
1.000000
1.000000
1.000000
1.000000
1.000000
1.000000
1.000000
1.000000
1.000000
1.000000
1.000000
1.000000
1.000000
1.000000
1.000000
1.000000
1.000000
1.000000
1.000000
1.000000
1.000000
1.000000
1.000000
1.000000
1.000000
1.000000
1.000000
1.000000
1.000000
1.000000
1.000000
1.000000
1.000000
1.000000
1.000000
1.000000
1.000000
1.000000
1.000000
1.000000
1.000000
1.000000
1.000000
1.000000
1.000000
1.000000
1.000000
1.000000
1.000000
1.000000
1.000000
1.000000
1.000000
1.000000
1.000000
1.000000
1.000000
1.000000
1.000000
1.000000
1.000000
1.000000
1.000000
1.000000
1.000000
1.000000
1.000000
1.000000
1.000000
1.000000
1.000000
1.000000
1.000000
1.000000
1.000000
1.000000
1.000000
1.000000
1.000000
1.000000
1.000000
1.000000
1.000000
1.000000
1.000000
1.000000
1.000000
1.000000
1.000000
