1.000000
1.000000
1.000000
1.000000
1.000000
1.000000
1.000000
1.000000
1.000000
1.000000
1.000000
1.000000
1.000000
1.000000
1.000000
1.000000
1.000000
1.000000
1.000000
1.000000
1.000000
1.000000
1.000000
1.000000
1.000000
1.000000
1.000000
1.000000
1.000000
1.000000
1.000000
1.000000
1.000000
1.000000
1.000000
1.000000
1.000000
1.000000
1.000000
1.000000
1.000000
1.000000
1.000000
1.000000
1.000000
1.000000
1.000000
1.000000
1.000000
1.000000
1.000000
1.000000
1.000000
1.000000
1.000000
1.000000
1.000000
1.000000
1.000000
1.000000
1.000000
1.000000
1.000000
1.000000
1.000000
1.000000
1.000000
1.000000
1.000000
1.000000
1.000000
1.000000
1.000000
1.000000
1.000000
1.000000
1.000000
1.000000
1.000000
1.000000
1.000000
1.000000
1.000000
1.000000
1.000000
1.000000
1.000000
1.000000
1.000000
1.000000
1.000000
1.000000
1.000000
1.000000
1.000000
1.000000
1.000000
1.000000
1.000000
1.000000
1.000000
1.000000
1.000000
1.000000
1.000000
1.000000
1.000000
1.000000
1.000000
1.000000
1.000000
1.000000
1.000000
1.000000
1.000000
1.000000
1.000000
1.000000
1.000000
1.000000
1.000000
1.000000
1.000000
1.000000
1.000000
1.000000
1.000000
1.000000
1.000000
1.000000
1.000000
1.000000
1.000000
1.000000
1.000000
1.000000
1.000000
1.000000
1.000000
1.000000
1.000000
1.000000
1.000000
1.000000
1.000000
1.000000
1.000000
1.000000
1.000000
1.000000
1.000000
1.000000
1.000000
1.000000
1.000000
1.000000
1.000000
1.000000
1.000000
1.000000
1.000000
1.000000
1.000000
1.000000
1.000000
1.000000
1.000000
1.000000
1.000000
1.000000
1.000000
1.000000
1.000000
1.000000
1.000000
1.000000
1.000000
1.000000
1.000000
1.000000
1.000000
1.000000
1.000000
1.000000
1.000000
1.000000
1.000000
1.000000
1.000000
1.000000
1.000000
1.000000
1.000000
1.000000
1.000000
1.000000
1.000000
1.000000
1.000000
1.000000
1.000000
1.000000
1.000000
1.000000
1.000000
1.000000
1.000000
1.000000
1.000000
1.000000
1.000000
1.000000
1.000000
1.000000
1.000000
1.000000
1.000000
1.000000
1.000000
1.000000
1.000000
1.000000
1.000000
1.000000
1.000000
1.000000
1.000000
1.000000
1.000000
1.000000
1.000000
1.000000
1.000000
1.000000
1.000000
1.000000
1.000000
1.000000
1.000000
1.000000
1.000000
1.000000
1.000000
1.000000
1.000000
1.000000
1.000000
1.000000
1.000000
1.000000
1.000000
1.000000
1.000000
1.000000
1.000000
1.000009
1.000013
1.000027
1.000040
1.000048
1.000051
1.000052
1.000052
1.000053
1.000052
1.000051
1.000044
1.000033
1.000019
1.000008
1.000000
1.000000
1.000000
1.000000
1.000000
1.000000
1.000000
1.000000
1.000000
1.000000
1.000000
1.000000
1.000000
1.000000
1.000000
1.000000
1.000000
1.000000
1.000000
1.000000
1.000000
1.000000
1.000000
1.000000
1.000000
1.000013
1.000084
1.000214
1.000376
1.000502
1.000571
1.000605
1.000619
1.000623
1.000624
1.000621
1.000605
1.000542
1.000411
1.000243
1.000114
1.000045
1.000017
1.000003
1.000000
1.000000
1.000000
1.000000
1.000000
1.000000
1.000000
1.000000
1.000000
1.000000
1.000000
1.000000
1.000000
1.000000
1.000000
1.000000
1.000000
1.000000
1.000000
1.000000
1.000005
1.000042
1.000212
1.000761
1.001918
1.003301
1.004401
1.005051
1.005358
1.005477
1.005517
1.005529
1.005500
1.005359
1.004860
1.003705
1.002241
1.001073
1.000417
1.000136
1.000039
1.000010
1.000000
1.000000
1.000000
1.000000
1.000000
1.000000
1.000000
1.000000
1.000000
1.000000
1.000000
1.000000
1.000000
1.000000
1.000000
1.000000
1.000000
1.000000
1.000008
1.000047
1.000282
1.001357
1.004789
1.011852
1.020213
1.026934
1.031021
1.033018
1.033835
1.034120
1.034184
1.034050
1.033286
1.030469
1.023694
1.014655
1.007138
1.002797
1.000906
1.000249
1.000059
1.000014
1.000001
1.000000
1.000000
1.000000
1.000000
1.000000
1.000000
1.000000
1.000000
1.000000
1.000000
1.000000
1.000000
1.000000
1.000000
1.000000
1.000000
1.000022
1.000196
1.001170
1.005463
1.018813
1.045237
1.076018
1.101147
1.117089
1.125381
1.129025
1.130400
1.130789
1.130451
1.128076
1.118927
1.095451
1.061146
1.030513
1.012098
1.003938
1.001084
1.000258
1.000055
1.000013
1.000000
1.000000
1.000000
1.000000
1.000000
1.000000
1.000000
1.000000
1.000000
1.000000
1.000000
1.000000
1.000000
1.000000
1.000000
1.000011
1.000059
1.000438
1.002596
1.012010
1.040750
1.096366
1.161306
1.216080
1.252903
1.273557
1.283458
1.287565
1.288946
1.288589
1.284319
1.267006
1.219916
1.144971
1.073438
1.029124
1.009414
1.002569
1.000607
1.000128
1.000027
1.000005
1.000000
1.000000
1.000000
1.000000
1.000000
1.000000
1.000000
1.000000
1.000000
1.000000
1.000000
1.000000
1.000000
1.000000
1.000013
1.000093
1.000673
1.004011
1.018512
1.062549
1.147406
1.248262
1.336875
1.400076
1.438178
1.457965
1.466901
1.470295
1.470384
1.464556
1.439507
1.368160
1.246914
1.125486
1.049250
1.015678
1.004218
1.000984
1.000206
1.000042
1.000007
1.000000
1.000000
1.000000
1.000000
1.000000
1.000000
1.000000
1.000000
1.000000
1.000000
1.000000
1.000000
1.000000
1.000000
1.000014
1.000114
1.000842
1.005018
1.023221
1.078665
1.186318
1.317435
1.437398
1.527606
1.585439
1.617532
1.633064
1.639489
1.640562
1.633679
1.602081
1.508979
1.343675
1.173591
1.067006
1.020940
1.005544
1.001279
1.000263
1.000051
1.000009
1.000000
1.000000
1.000000
1.000000
1.000000
1.000000
1.000000
1.000000
1.000000
1.000000
1.000000
1.000000
1.000000
1.000000
1.000015
1.000129
1.000936
1.005580
1.025917
1.088241
1.210645
1.363299
1.507891
1.621400
1.697796
1.742433
1.765199
1.775193
1.777611
1.770099
1.733210
1.622040
1.419762
1.209680
1.079525
1.024436
1.006382
1.001458
1.000298
1.000056
1.000010
1.000000
1.000000
1.000000
1.000000
1.000000
1.000000
1.000000
1.000000
1.000000
1.000000
1.000000
1.000000
1.000000
1.000000
1.000016
1.000133
1.000975
1.005839
1.027197
1.093006
1.223557
1.389393
1.550617
1.681288
1.772433
1.827721
1.856997
1.870376
1.874169
1.866307
1.825347
1.700321
1.470532
1.232325
1.086846
1.026353
1.006819
1.001548
1.000314
1.000058
1.000010
1.000000
1.000000
1.000000
1.000000
1.000000
1.000000
1.000000
1.000000
1.000000
1.000000
1.000000
1.000000
1.000000
1.000000
1.000016
1.000135
1.000990
1.005941
1.027716
1.095046
1.229493
1.402333
1.573271
1.714804
1.815927
1.878830
1.912981
1.928994
1.933904
1.925843
1.881992
1.747381
1.499618
1.244433
1.090484
1.027246
1.007012
1.001585
1.000319
1.000059
1.000010
1.000000
1.000000
1.000000
1.000000
1.000000
1.000000
1.000000
1.000000
1.000000
1.000000
1.000000
1.000000
1.000000
1.000000
1.000016
1.000135
1.000995
1.005974
1.027897
1.095808
1.231887
1.407980
1.583859
1.731340
1.838259
1.905795
1.943022
1.960745
1.966397
1.958216
1.912526
1.772053
1.514054
1.250024
1.092046
1.027606
1.007087
1.001598
1.000321
1.000059
1.000010
1.000000
1.000000
1.000000
1.000000
1.000000
1.000000
1.000000
1.000000
1.000000
1.000000
1.000000
1.000000
1.000000
1.000000
1.000016
1.000135
1.000995
1.005983
1.027941
1.096021
1.232677
1.410074
1.588138
1.738446
1.848272
1.918225
1.957103
1.975763
1.981825
1.973570
1.926840
1.783211
1.520139
1.252163
1.092582
1.027715
1.007107
1.001601
1.000322
1.000059
1.000010
1.000000
1.000000
1.000000
1.000000
1.000000
1.000000
1.000000
1.000000
1.000000
1.000000
1.000000
1.000000
1.000000
1.000000
1.000016
1.000134
1.000990
1.005955
1.027826
1.095718
1.232227
1.409793
1.588473
1.739773
1.850723
1.921657
1.961223
1.980276
1.986501
1.978169
1.930851
1.785618
1.520504
1.251682
1.092232
1.027580
1.007065
1.001591
1.000319
1.000058
1.000010
1.000000
1.000000
1.000000
1.000000
1.000000
1.000000
1.000000
1.000000
1.000000
1.000000
1.000000
1.000000
1.000000
1.000000
1.000015
1.000128
1.000950
1.005744
1.026942
1.093122
1.227178
1.402481
1.579448
1.729549
1.839675
1.910048
1.949243
1.968066
1.974128
1.965533
1.917493
1.771029
1.506859
1.243129
1.088642
1.026437
1.006764
1.001522
1.000305
1.000056
1.000009
1.000000
1.000000
1.000000
1.000000
1.000000
1.000000
1.000000
1.000000
1.000000
1.000000
1.000000
1.000000
1.000000
1.000000
1.000013
1.000110
1.000804
1.004902
1.023285
1.081955
1.204217
1.367329
1.533621
1.674875
1.777975
1.843170
1.878955
1.895798
1.900757
1.891187
1.841506
1.694605
1.442976
1.206567
1.074097
1.021936
1.005593
1.001255
1.000252
1.000045
1.000006
1.000000
1.000000
1.000000
1.000000
1.000000
1.000000
1.000000
1.000000
1.000000
1.000000
1.000000
1.000000
1.000000
1.000000
1.000008
1.000072
1.000557
1.003440
1.016638
1.060136
1.154834
1.285256
1.419953
1.533802
1.615251
1.665153
1.691475
1.703226
1.705749
1.695157
1.646894
1.514312
1.311382
1.139903
1.049430
1.014578
1.003713
1.000831
1.000165
1.000030
1.000004
1.000000
1.000000
1.000000
1.000000
1.000000
1.000000
1.000000
1.000000
1.000000
1.000000
1.000000
1.000000
1.000000
1.000000
1.000002
1.000040
1.000313
1.001949
1.009570
1.035399
1.093735
1.175821
1.260381
1.330014
1.377628
1.405151
1.418743
1.424304
1.424613
1.415712
1.379704
1.289449
1.167616
1.073748
1.026010
1.007704
1.001971
1.000442
1.000087
1.000014
1.000000
1.000000
1.000000
1.000000
1.000000
1.000000
1.000000
1.000000
1.000000
1.000000
1.000000
1.000000
1.000000
1.000000
1.000000
1.000000
1.000018
1.000142
1.000899
1.004469
1.016774
1.045084
1.084865
1.124743
1.155974
1.175962
1.186687
1.191588
1.193384
1.193023
1.188039
1.169340
1.125548
1.071218
1.031274
1.011115
1.003320
1.000854
1.000192
1.000038
1.000005
1.000000
1.000000
1.000000
1.000000
1.000000
1.000000
1.000000
1.000000
1.000000
1.000000
1.000000
1.000000
1.000000
1.000000
1.000000
1.000000
1.000005
1.000050
1.000344
1.001731
1.006548
1.017681
1.033058
1.047851
1.058766
1.065277
1.068519
1.069893
1.070340
1.070087
1.068080
1.060852
1.044543
1.025151
1.011111
1.003988
1.001200
1.000310
1.000068
1.000013
1.000000
1.000000
1.000000
1.000000
1.000000
1.000000
1.000000
1.000000
1.000000
1.000000
1.000000
1.000000
1.000000
1.000000
1.000000
1.000000
1.000000
1.000000
1.000016
1.000113
1.000569
1.002162
1.005834
1.010796
1.015376
1.018574
1.020365
1.021201
1.021532
1.021629
1.021528
1.020881
1.018601
1.013550
1.007658
1.003405
1.001231
1.000373
1.000096
1.000020
1.000002
1.000000
1.000000
1.000000
1.000000
1.000000
1.000000
1.000000
1.000000
1.000000
1.000000
1.000000
1.000000
1.000000
1.000000
1.000000
1.000000
1.000000
1.000000
1.000003
1.000029
1.000161
1.000616
1.001660
1.003043
1.004274
1.005095
1.005533
1.005725
1.005797
1.005819
1.005787
1.005608
1.004989
1.003626
1.002053
1.000917
1.000333
1.000100
1.000025
1.000004
1.000000
1.000000
1.000000
1.000000
1.000000
1.000000
1.000000
1.000000
1.000000
1.000000
1.000000
1.000000
1.000000
1.000000
1.000000
1.000000
1.000000
1.000000
1.000000
1.000000
1.000005
1.000039
1.000153
1.000415
1.000755
1.001049
1.001237
1.001333
1.001374
1.001390
1.001394
1.001384
1.001342
1.001193
1.000866
1.000490
1.000219
1.000079
1.000022
1.000004
1.000000
1.000000
1.000000
1.000000
1.000000
1.000000
1.000000
1.000000
1.000000
1.000000
1.000000
1.000000
1.000000
1.000000
1.000000
1.000000
1.000000
1.000000
1.000000
1.000000
1.000000
1.000000
1.000006
1.000032
1.000091
1.000165
1.000228
1.000268
1.000288
1.000297
1.000299
1.000300
1.000298
1.000289
1.000256
1.000186
1.000104
1.000047
1.000015
1.000002
1.000000
1.000000
1.000000
1.000000
1.000000
1.000000
1.000000
1.000000
1.000000
1.000000
1.000000
1.000000
1.000000
1.000000
1.000000
1.000000
1.000000
1.000000
1.000000
1.000000
1.000000
1.000000
1.000000
1.000000
1.000004
1.000016
1.000032
1.000045
1.000052
1.000055
1.000056
1.000057
1.000057
1.000056
1.000055
1.000048
1.000034
1.000017
1.000005
1.000000
1.000000
1.000000
1.000000
1.000000
1.000000
1.000000
1.000000
1.000000
1.000000
1.000000
1.000000
1.000000
1.000000
1.000000
1.000000
1.000000
1.000000
1.000000
1.000000
1.000000
1.000000
1.000000
1.000000
1.000000
1.000000
1.000000
1.000001
1.000004
1.000006
1.000007
1.000008
1.000008
1.000008
1.000008
1.000008
1.000007
1.000006
1.000004
1.000001
1.000000
1.000000
1.000000
1.000000
1.000000
1.000000
1.000000
1.000000
1.000000
1.000000
1.000000
1.000000
1.000000
1.000000
1.000000
1.000000
1.000000
1.000000
1.000000
1.000000
1.000000
1.000000
1.000000
1.000000
1.000000
1.000000
1.000000
1.000000
1.000000
1.000000
1.000000
1.000000
1.000000
1.000000
1.000000
1.000000
1.000000
1.000000
1.000000
1.000000
1.000000
1.000000
1.000000
1.000000
1.000000
1.000000
1.000000
1.000000
1.000000
1.000000
1.000000
1.000000
1.000000
1.000000
1.000000
1.000000
1.000000
1.000000
1.000000
1.000000
1.000000
1.000000
1.000000
1.000000
1.000000
1.000000
1.000000
1.000000
1.000000
1.000000
1.000000
1.000000
1.000000
1.000000
1.000000
1.000000
1.000000
1.000000
1.000000
1.000000
1.000000
1.000000
1.000000
1.000000
1.000000
1.000000
1.000000
1.000000
1.000000
1.000000
1.000000
1.000000
1.000000
1.000000
1.000000
1.000000
1.000000
1.000000
1.000000
1.000000
1.000000
1.000000
1.000000
1.000000
1.000000
1.000000
1.000000
1.000000
1.000000
1.000000
1.000000
1.000000
1.000000
1.000000
1.000000
1.000000
1.000000
1.000000
1.000000
1.000000
1.000000
1.000000
1.000000
1.000000
1.000000
1.000000
1.000000
1.000000
1.000000
1.000000
1.000000
1.000000
1.000000
1.000000
1.000000
1.000000
1.000000
1.000000
1.000000
1.000000
1.000000
1.000000
1.000000
1.000000
1.000000
1.000000
1.000000
1.000000
1.000000
1.000000
1.000000
1.000000
1.000000
1.000000
1.000000
1.000000
1.000000
1.000000
1.000000
1.000000
1.000000
1.000000
1.000000
1.000000
1.000000
1.000000
1.000000
1.000000
1.000000
1.000000
1.000000
1.000000
1.000000
1.000000
1.000000
1.000000
1.000000
1.000000
1.000000
1.000000
1.000000
1.000000
1.000000
1.000000
1.000000
1.000000
1.000000
1.000000
1.000000
1.000000
1.000000
1.000000
1.000000
1.000000
1.000000
1.000000
1.000000
1.000000
1.000000
1.000000
1.000000
1.000000
1.000000
1.000000
1.000000
1.000000
1.000000
1.000000
1.000000
1.000000
1.000000
1.000000
1.000000
1.000000
1.000000
1.000000
1.000000
1.000000
1.000000
1.000000
1.000000
1.000000
1.000000
1.000000
1.000000
1.000000
1.000000
1.000000
1.000000
1.000000
1.000000
1.000000
1.000000
1.000000
1.000000
1.000000
1.000000
1.000000
1.000000
1.000000
1.000000
1.000000
1.000000
1.000000
1.000000
1.000000
1.000000
1.000000
1.000000
1.000000
1.000000
1.000000
1.000000
1.000000
1.000000
1.000000
1.000000
1.000000
1.000000
1.000000
1.000000
1.000000
1.000000
1.000000
1.000000
1.000000
1.000000
1.000000
1.000000
1.000000
1.000000
1.000000
1.000000
1.000000
1.000000
1.000000
1.000000
1.000000
1.000000
1.000000
1.000000
1.000000
1.000000
1.000000
1.000000
1.000000
1.000000
1.000000
1.000000
1.000000
1.000000
1.000000
1.000000
1.000000
1.000000
1.000000
1.000000
1.000000
1.000000
1.000000
1.000000
1.000000
1.000000
1.000000
1.000000
1.000000
1.000000
1.000000
1.000000
1.000000
1.000000
1.000000
1.000000
1.000000
1.000000
1.000000
1.000000
1.000000
1.000000
1.000000
1.000000
1.000000
1.000000
1.000000
1.000000
1.000000
1.000000
1.000000
1.000000
1.000000
1.000000
1.000000
1.000000
1.000000
1.000000
1.000000
1.000000
1.000000
1.000000
1.000000
1.000000
1.000000
1.000000
1.000000
1.000000
1.000000
1.000000
1.000000
1.000000
1.000000
1.000000
1.000000
1.000000
1.000000
1.000000
1.000000
1.000000
1.000000
1.000000
1.000000
1.000000
1.000000
1.000000
1.000000
1.000000
1.000000
1.000000
1.000000
1.000000
1.000000
1.000000
1.000000
1.000000
1.000000
1.000000
1.000000
1.000000
1.000000
1.000000
1.000000
1.000000
1.000000
1.000000
1.000000
1.000000
1.000000
1.000000
