1.000000
1.000000
1.000000
1.000000
1.000000
1.000000
1.000000
1.000000
1.000000
1.000000
1.000000
1.000000
1.000000
1.000000
1.000000
1.000000
1.000000
1.000000
1.000000
1.000000
1.000000
1.000000
1.000000
1.000000
1.000000
1.000000
1.000000
1.000000
1.000000
1.000000
1.000000
1.000000
1.000000
1.000000
1.000000
1.000000
1.000000
1.000000
1.000000
1.000000
1.000000
1.000000
1.000000
1.000000
1.000000
1.000000
1.000000
1.000000
1.000000
1.000000
1.000000
1.000000
1.000000
1.000000
1.000000
1.000000
1.000000
1.000000
1.000000
1.000000
1.000000
1.000000
1.000000
1.000000
1.000000
1.000000
1.000000
1.000000
1.000000
1.000000
1.000000
1.000000
1.000000
1.000000
1.000000
1.000000
1.000000
1.000000
1.000000
1.000000
1.000000
1.000000
1.000000
1.000000
1.000000
1.000000
1.000000
1.000000
1.000000
1.000000
1.000000
1.000000
1.000000
1.000000
1.000000
1.000000
1.000000
1.000000
1.000000
1.000000
1.000000
1.000000
1.000000
1.000000
1.000000
1.000000
1.000000
1.000000
1.000000
1.000000
1.000000
1.000000
1.000000
1.000000
1.000000
1.000000
1.000000
1.000000
1.000000
1.000000
1.000000
1.000000
1.000000
1.000000
1.000000
1.000000
1.000000
1.000000
1.000000
1.000000
1.000000
1.000000
1.000000
1.000000
1.000000
1.000000
1.000000
1.000000
1.000000
1.000000
1.000000
1.000000
1.000000
1.000000
1.000000
1.000000
1.000000
1.000000
1.000000
1.000000
1.000000
1.000000
1.000000
1.000000
1.000000
1.000000
1.000000
1.000000
1.000000
1.000000
1.000000
1.000000
1.000000
1.000000
1.000000
1.000000
1.000000
1.000000
1.000000
1.000000
1.000000
1.000000
1.000000
1.000000
1.000000
1.000000
1.000000
1.000000
1.000000
1.000000
1.000000
1.000000
1.000000
1.000000
1.000000
1.000000
1.000000
1.000000
1.000000
1.000000
1.000000
1.000000
1.000000
1.000000
1.000000
1.000000
1.000000
1.000000
1.000000
1.000000
1.000000
1.000000
1.000000
1.000000
1.000000
1.000000
1.000000
1.000000
1.000000
1.000000
1.000000
1.000000
1.000000
1.000000
1.000000
1.000000
1.000000
1.000000
1.000000
1.000003
1.000003
1.000003
1.000003
1.000003
1.000003
1.000000
1.000000
1.000000
1.000000
1.000000
1.000000
1.000000
1.000000
1.000000
1.000000
1.000000
1.000000
1.000000
1.000000
1.000000
1.000000
1.000000
1.000000
1.000000
1.000000
1.000000
1.000000
1.000000
1.000000
1.000000
1.000000
1.000000
1.000000
1.000000
1.000000
1.000010
1.000013
1.000027
1.000040
1.000064
1.000072
1.000072
1.000072
1.000072
1.000072
1.000071
1.000067
1.000054
1.000041
1.000022
1.000009
1.000000
1.000000
1.000000
1.000000
1.000000
1.000000
1.000000
1.000000
1.000000
1.000000
1.000000
1.000000
1.000000
1.000000
1.000000
1.000000
1.000000
1.000000
1.000000
1.000000
1.000000
1.000000
1.000000
1.000000
1.000013
1.000085
1.000212
1.000378
1.000523
1.000626
1.000678
1.000704
1.000718
1.000723
1.000718
1.000700
1.000635
1.000512
1.000347
1.000195
1.000089
1.000037
1.000013
1.000000
1.000000
1.000000
1.000000
1.000000
1.000000
1.000000
1.000000
1.000000
1.000000
1.000000
1.000000
1.000000
1.000000
1.000000
1.000000
1.000000
1.000000
1.000000
1.000000
1.000013
1.000052
1.000213
1.000676
1.001569
1.002711
1.003753
1.004482
1.004896
1.005091
1.005169
1.005196
1.005171
1.005038
1.004633
1.003769
1.002579
1.001458
1.000687
1.000274
1.000093
1.000029
1.000008
1.000000
1.000000
1.000000
1.000000
1.000000
1.000000
1.000000
1.000000
1.000000
1.000000
1.000000
1.000000
1.000000
1.000000
1.000000
1.000000
1.000000
1.000013
1.000061
1.000299
1.001175
1.003585
1.008173
1.013981
1.019296
1.023077
1.025275
1.026355
1.026809
1.026953
1.026861
1.026261
1.024348
1.020119
1.014036
1.008077
1.003848
1.001542
1.000530
1.000158
1.000044
1.000013
1.000000
1.000000
1.000000
1.000000
1.000000
1.000000
1.000000
1.000000
1.000000
1.000000
1.000000
1.000000
1.000000
1.000000
1.000000
1.000001
1.000034
1.000221
1.001089
1.004236
1.012667
1.028265
1.047688
1.065515
1.078504
1.086372
1.090446
1.092274
1.092929
1.092773
1.091097
1.085439
1.072235
1.051842
1.030554
1.014772
1.005962
1.002052
1.000614
1.000163
1.000039
1.000012
1.000000
1.000000
1.000000
1.000000
1.000000
1.000000
1.000000
1.000000
1.000000
1.000000
1.000000
1.000000
1.000000
1.000000
1.000013
1.000083
1.000512
1.002497
1.009622
1.028341
1.062220
1.104085
1.143070
1.172518
1.191332
1.201737
1.206774
1.208817
1.208910
1.205967
1.195223
1.168662
1.124442
1.074959
1.036602
1.014779
1.005066
1.001508
1.000396
1.000093
1.000025
1.000006
1.000000
1.000000
1.000000
1.000000
1.000000
1.000000
1.000000
1.000000
1.000000
1.000000
1.000000
1.000000
1.000000
1.000021
1.000146
1.000858
1.004144
1.015890
1.046449
1.101233
1.169269
1.234183
1.285327
1.319897
1.340332
1.350990
1.355779
1.356814
1.352976
1.337269
1.296270
1.223332
1.136535
1.066795
1.026767
1.009077
1.002672
1.000698
1.000165
1.000040
1.000009
1.000000
1.000000
1.000000
1.000000
1.000000
1.000000
1.000000
1.000000
1.000000
1.000000
1.000000
1.000000
1.000000
1.000027
1.000195
1.001148
1.005565
1.021333
1.062297
1.135852
1.228507
1.319515
1.394323
1.447637
1.481120
1.499778
1.508869
1.511761
1.507680
1.487849
1.433433
1.331325
1.203932
1.099192
1.039207
1.013091
1.003802
1.000983
1.000231
1.000053
1.000011
1.000000
1.000000
1.000000
1.000000
1.000000
1.000000
1.000000
1.000000
1.000000
1.000000
1.000000
1.000000
1.000000
1.000033
1.000229
1.001346
1.006536
1.025115
1.073567
1.161258
1.273731
1.387461
1.484621
1.557136
1.605090
1.633329
1.647987
1.653587
1.649914
1.626882
1.560795
1.431816
1.265739
1.127835
1.049694
1.016325
1.004678
1.001196
1.000277
1.000061
1.000013
1.000000
1.000000
1.000000
1.000000
1.000000
1.000000
1.000000
1.000000
1.000000
1.000000
1.000000
1.000000
1.000001
1.000035
1.000246
1.001461
1.007088
1.027314
1.080345
1.177245
1.303704
1.434857
1.550589
1.640299
1.702153
1.740219
1.760953
1.769741
1.766927
1.741471
1.665608
1.513645
1.314581
1.149361
1.057134
1.018500
1.005242
1.001328
1.000305
1.000065
1.000013
1.000000
1.000000
1.000000
1.000000
1.000000
1.000000
1.000000
1.000000
1.000000
1.000000
1.000000
1.000000
1.000001
1.000036
1.000257
1.001512
1.007355
1.028413
1.083877
1.186051
1.321238
1.464230
1.593599
1.696843
1.770339
1.817111
1.843507
1.855425
1.853627
1.826353
1.742670
1.572530
1.348267
1.163351
1.061675
1.019754
1.005551
1.001397
1.000319
1.000067
1.000014
1.000000
1.000000
1.000000
1.000000
1.000000
1.000000
1.000000
1.000000
1.000000
1.000000
1.000000
1.000000
1.000001
1.000036
1.000259
1.001532
1.007468
1.028893
1.085499
1.190350
1.330378
1.480517
1.618753
1.731385
1.813419
1.866889
1.897828
1.912348
1.911465
1.882860
1.793334
1.610096
1.368683
1.171301
1.064094
1.020385
1.005700
1.001428
1.000325
1.000068
1.000014
1.000000
1.000000
1.000000
1.000000
1.000000
1.000000
1.000000
1.000000
1.000000
1.000000
1.000000
1.000000
1.000001
1.000036
1.000260
1.001541
1.007510
1.029065
1.086129
1.192170
1.334579
1.488550
1.631900
1.750283
1.837815
1.895781
1.929870
1.946247
1.946029
1.916492
1.822967
1.631226
1.379473
1.175198
1.065193
1.020652
1.005761
1.001442
1.000327
1.000068
1.000014
1.000000
1.000000
1.000000
1.000000
1.000000
1.000000
1.000000
1.000000
1.000000
1.000000
1.000000
1.000000
1.000001
1.000035
1.000258
1.001535
1.007490
1.029011
1.086078
1.192392
1.335672
1.491347
1.637228
1.758660
1.849254
1.909814
1.945771
1.963260
1.963416
1.933213
1.837098
1.640329
1.383270
1.176145
1.065315
1.020643
1.005749
1.001434
1.000324
1.000067
1.000014
1.000000
1.000000
1.000000
1.000000
1.000000
1.000000
1.000000
1.000000
1.000000
1.000000
1.000000
1.000000
1.000000
1.000034
1.000249
1.001492
1.007295
1.028350
1.084448
1.189577
1.332001
1.487451
1.633745
1.756045
1.847676
1.909175
1.945813
1.963672
1.963794
1.932803
1.834548
1.634828
1.377002
1.172035
1.063492
1.020011
1.005563
1.001386
1.000312
1.000065
1.000013
1.000000
1.000000
1.000000
1.000000
1.000000
1.000000
1.000000
1.000000
1.000000
1.000000
1.000000
1.000000
1.000000
1.000029
1.000227
1.001339
1.006589
1.025847
1.077957
1.177432
1.314217
1.464975
1.607628
1.727132
1.816610
1.876479
1.911935
1.928914
1.928072
1.895250
1.793878
1.593446
1.344610
1.154421
1.056388
1.017675
1.004898
1.001219
1.000276
1.000056
1.000010
1.000000
1.000000
1.000000
1.000000
1.000000
1.000000
1.000000
1.000000
1.000000
1.000000
1.000000
1.000000
1.000000
1.000021
1.000175
1.001047
1.005202
1.020721
1.063835
1.148894
1.269161
1.404078
1.532698
1.640278
1.720082
1.772636
1.803035
1.816719
1.813370
1.777733
1.674957
1.485997
1.271047
1.118278
1.042677
1.013318
1.003684
1.000916
1.000206
1.000042
1.000007
1.000000
1.000000
1.000000
1.000000
1.000000
1.000000
1.000000
1.000000
1.000000
1.000000
1.000000
1.000000
1.000000
1.000013
1.000112
1.000688
1.003474
1.014069
1.044340
1.106246
1.196458
1.299359
1.397591
1.478678
1.537300
1.574538
1.595045
1.603033
1.596921
1.562137
1.471709
1.323491
1.173214
1.074174
1.026659
1.008332
1.002309
1.000573
1.000128
1.000026
1.000003
1.000000
1.000000
1.000000
1.000000
1.000000
1.000000
1.000000
1.000000
1.000000
1.000000
1.000000
1.000000
1.000000
1.000007
1.000061
1.000385
1.001952
1.008008
1.025689
1.062796
1.117798
1.180590
1.239501
1.286507
1.318923
1.338375
1.348329
1.351240
1.345121
1.319567
1.259471
1.171285
1.089692
1.038281
1.013836
1.004353
1.001212
1.000302
1.000066
1.000012
1.000000
1.000000
1.000000
1.000000
1.000000
1.000000
1.000000
1.000000
1.000000
1.000000
1.000000
1.000000
1.000000
1.000000
1.000000
1.000027
1.000182
1.000929
1.003850
1.012490
1.030836
1.058021
1.088486
1.116031
1.136899
1.150424
1.158007
1.161564
1.162139
1.158350
1.144801
1.115086
1.074565
1.038871
1.016702
1.006097
1.001934
1.000541
1.000134
1.000030
1.000004
1.000000
1.000000
1.000000
1.000000
1.000000
1.000000
1.000000
1.000000
1.000000
1.000000
1.000000
1.000000
1.000000
1.000000
1.000000
1.000014
1.000070
1.000379
1.001587
1.005180
1.012822
1.024017
1.036200
1.046726
1.054257
1.058837
1.061236
1.062264
1.062267
1.060575
1.054998
1.043254
1.027864
1.014578
1.006322
1.002329
1.000744
1.000208
1.000050
1.000010
1.000000
1.000000
1.000000
1.000000
1.000000
1.000000
1.000000
1.000000
1.000000
1.000000
1.000000
1.000000
1.000000
1.000000
1.000000
1.000000
1.000000
1.000023
1.000135
1.000569
1.001864
1.004613
1.008576
1.012759
1.016218
1.018566
1.019914
1.020579
1.020840
1.020792
1.020182
1.018257
1.014292
1.009202
1.004839
1.002114
1.000785
1.000251
1.000070
1.000016
1.000001
1.000000
1.000000
1.000000
1.000000
1.000000
1.000000
1.000000
1.000000
1.000000
1.000000
1.000000
1.000000
1.000000
1.000000
1.000000
1.000000
1.000000
1.000006
1.000039
1.000179
1.000591
1.001462
1.002697
1.003966
1.004976
1.005632
1.005990
1.006160
1.006222
1.006198
1.006007
1.005423
1.004237
1.002730
1.001441
1.000632
1.000236
1.000075
1.000020
1.000003
1.000000
1.000000
1.000000
1.000000
1.000000
1.000000
1.000000
1.000000
1.000000
1.000000
1.000000
1.000000
1.000000
1.000000
1.000000
1.000000
1.000000
1.000000
1.000000
1.000010
1.000050
1.000166
1.000412
1.000757
1.001103
1.001370
1.001537
1.001625
1.001665
1.001680
1.001669
1.001619
1.001459
1.001138
1.000734
1.000388
1.000170
1.000063
1.000019
1.000003
1.000000
1.000000
1.000000
1.000000
1.000000
1.000000
1.000000
1.000000
1.000000
1.000000
1.000000
1.000000
1.000000
1.000000
1.000000
1.000000
1.000000
1.000000
1.000000
1.000000
1.000000
1.000009
1.000041
1.000103
1.000190
1.000276
1.000340
1.000380
1.000400
1.000411
1.000414
1.000410
1.000396
1.000357
1.000279
1.000179
1.000094
1.000041
1.000013
1.000001
1.000000
1.000000
1.000000
1.000000
1.000000
1.000000
1.000000
1.000000
1.000000
1.000000
1.000000
1.000000
1.000000
1.000000
1.000000
1.000000
1.000000
1.000000
1.000000
1.000000
1.000000
1.000000
1.000000
1.000007
1.000021
1.000041
1.000061
1.000076
1.000086
1.000090
1.000091
1.000092
1.000091
1.000088
1.000078
1.000062
1.000040
1.000018
1.000005
1.000000
1.000000
1.000000
1.000000
1.000000
1.000000
1.000000
1.000000
1.000000
1.000000
1.000000
1.000000
1.000000
1.000000
1.000000
1.000000
1.000000
1.000000
1.000000
1.000000
1.000000
1.000000
1.000000
1.000000
1.000000
1.000000
1.000003
1.000007
1.000011
1.000013
1.000015
1.000015
1.000015
1.000015
1.000015
1.000015
1.000013
1.000009
1.000005
1.000001
1.000000
1.000000
1.000000
1.000000
1.000000
1.000000
1.000000
1.000000
1.000000
1.000000
1.000000
1.000000
1.000000
1.000000
1.000000
1.000000
1.000000
1.000000
1.000000
1.000000
1.000000
1.000000
1.000000
1.000000
1.000000
1.000000
1.000000
1.000000
1.000000
1.000000
1.000000
1.000000
1.000001
1.000001
1.000001
1.000001
1.000000
1.000000
1.000000
1.000000
1.000000
1.000000
1.000000
1.000000
1.000000
1.000000
1.000000
1.000000
1.000000
1.000000
1.000000
1.000000
1.000000
1.000000
1.000000
1.000000
1.000000
1.000000
1.000000
1.000000
1.000000
1.000000
1.000000
1.000000
1.000000
1.000000
1.000000
1.000000
1.000000
1.000000
1.000000
1.000000
1.000000
1.000000
1.000000
1.000000
1.000000
1.000000
1.000000
1.000000
1.000000
1.000000
1.000000
1.000000
1.000000
1.000000
1.000000
1.000000
1.000000
1.000000
1.000000
1.000000
1.000000
1.000000
1.000000
1.000000
1.000000
1.000000
1.000000
1.000000
1.000000
1.000000
1.000000
1.000000
1.000000
1.000000
1.000000
1.000000
1.000000
1.000000
1.000000
1.000000
1.000000
1.000000
1.000000
1.000000
1.000000
1.000000
1.000000
1.000000
1.000000
1.000000
1.000000
1.000000
1.000000
1.000000
1.000000
1.000000
1.000000
1.000000
1.000000
1.000000
1.000000
1.000000
1.000000
1.000000
1.000000
1.000000
1.000000
1.000000
1.000000
1.000000
1.000000
1.000000
1.000000
1.000000
1.000000
1.000000
1.000000
1.000000
1.000000
1.000000
1.000000
1.000000
1.000000
1.000000
1.000000
1.000000
1.000000
1.000000
1.000000
1.000000
1.000000
1.000000
1.000000
1.000000
1.000000
1.000000
1.000000
1.000000
1.000000
1.000000
1.000000
1.000000
1.000000
1.000000
1.000000
1.000000
1.000000
1.000000
1.000000
1.000000
1.000000
1.000000
1.000000
1.000000
1.000000
1.000000
1.000000
1.000000
1.000000
1.000000
1.000000
1.000000
1.000000
1.000000
1.000000
1.000000
1.000000
1.000000
1.000000
1.000000
1.000000
1.000000
1.000000
1.000000
1.000000
1.000000
1.000000
1.000000
1.000000
1.000000
1.000000
1.000000
1.000000
1.000000
1.000000
1.000000
1.000000
1.000000
1.000000
1.000000
1.000000
1.000000
1.000000
1.000000
1.000000
1.000000
1.000000
1.000000
1.000000
1.000000
1.000000
1.000000
1.000000
1.000000
1.000000
1.000000
1.000000
1.000000
1.000000
1.000000
1.000000
1.000000
1.000000
1.000000
1.000000
1.000000
1.000000
1.000000
1.000000
1.000000
1.000000
1.000000
1.000000
1.000000
1.000000
1.000000
1.000000
1.000000
1.000000
1.000000
1.000000
1.000000
1.000000
1.000000
1.000000
1.000000
1.000000
1.000000
1.000000
1.000000
1.000000
1.000000
1.000000
1.000000
1.000000
1.000000
1.000000
1.000000
1.000000
1.000000
1.000000
1.000000
1.000000
1.000000
1.000000
1.000000
1.000000
1.000000
1.000000
1.000000
1.000000
1.000000
1.000000
1.000000
1.000000
1.000000
1.000000
1.000000
1.000000
1.000000
1.000000
1.000000
1.000000
1.000000
1.000000
1.000000
1.000000
1.000000
1.000000
1.000000
1.000000
1.000000
1.000000
1.000000
1.000000
1.000000
1.000000
1.000000
1.000000
1.000000
1.000000
1.000000
1.000000
1.000000
1.000000
1.000000
1.000000
1.000000
1.000000
1.000000
1.000000
1.000000
1.000000
1.000000
1.000000
1.000000
1.000000
1.000000
1.000000
1.000000
1.000000
1.000000
1.000000
