1.000000
1.000000
1.000000
1.000000
1.000000
1.000000
1.000000
1.000000
1.000000
1.000000
1.000000
1.000000
1.000000
1.000000
1.000000
1.000000
1.000000
1.000000
1.000000
1.000000
1.000000
1.000000
1.000000
1.000000
1.000000
1.000000
1.000000
1.000000
1.000000
1.000000
1.000000
1.000000
1.000000
1.000000
1.000000
1.000000
1.000000
1.000000
1.000000
1.000000
1.000000
1.000000
1.000000
1.000000
1.000000
1.000000
1.000000
1.000000
1.000000
1.000000
1.000000
1.000000
1.000000
1.000000
1.000000
1.000000
1.000000
1.000000
1.000000
1.000000
1.000000
1.000000
1.000000
1.000000
1.000000
1.000000
1.000000
1.000000
1.000000
1.000000
1.000000
1.000000
1.000000
1.000000
1.000000
1.000000
1.000000
1.000000
1.000000
1.000000
1.000000
1.000000
1.000000
1.000000
1.000000
1.000000
1.000000
1.000000
1.000000
1.000000
1.000000
1.000000
1.000000
1.000000
1.000000
1.000000
1.000000
1.000000
1.000000
1.000000
1.000000
1.000000
1.000000
1.000000
1.000000
1.000000
1.000000
1.000000
1.000000
1.000000
1.000000
1.000000
1.000000
1.000000
1.000000
1.000000
1.000000
1.000000
1.000000
1.000000
1.000000
1.000000
1.000000
1.000000
1.000000
1.000000
1.000000
1.000000
1.000000
1.000000
1.000000
1.000000
1.000000
1.000000
1.000000
1.000000
1.000000
1.000000
1.000000
1.000000
1.000000
1.000000
1.000000
1.000000
1.000000
1.000000
1.000000
1.000000
1.000000
1.000000
1.000000
1.000000
1.000000
1.000000
1.000000
1.000000
1.000000
1.000000
1.000000
1.000000
1.000000
1.000000
1.000000
1.000000
1.000000
1.000000
1.000000
1.000000
1.000000
1.000000
1.000000
1.000000
1.000000
1.000000
1.000000
1.000000
1.000000
1.000000
1.000000
1.000000
1.000000
1.000000
1.000000
1.000000
1.000000
1.000000
1.000000
1.000000
1.000000
1.000000
1.000000
1.000000
1.000000
1.000000
1.000000
1.000000
1.000000
1.000000
1.000000
1.000000
1.000000
1.000000
1.000000
1.000000
1.000000
1.000000
1.000000
1.000000
1.000000
1.000000
1.000000
1.000000
1.000000
1.000000
1.000000
1.000000
1.000000
1.000000
1.000000
1.000002
1.000003
1.000003
1.000003
1.000003
1.000002
1.000000
1.000000
1.000000
1.000000
1.000000
1.000000
1.000000
1.000000
1.000000
1.000000
1.000000
1.000000
1.000000
1.000000
1.000000
1.000000
1.000000
1.000000
1.000000
1.000000
1.000000
1.000000
1.000000
1.000000
1.000000
1.000000
1.000000
1.000000
1.000000
1.000000
1.000010
1.000013
1.000027
1.000040
1.000063
1.000071
1.000071
1.000071
1.000072
1.000071
1.000071
1.000067
1.000053
1.000040
1.000021
1.000008
1.000000
1.000000
1.000000
1.000000
1.000000
1.000000
1.000000
1.000000
1.000000
1.000000
1.000000
1.000000
1.000000
1.000000
1.000000
1.000000
1.000000
1.000000
1.000000
1.000000
1.000000
1.000000
1.000000
1.000000
1.000013
1.000085
1.000213
1.000380
1.000523
1.000625
1.000677
1.000702
1.000715
1.000720
1.000715
1.000697
1.000631
1.000507
1.000341
1.000191
1.000086
1.000036
1.000013
1.000000
1.000000
1.000000
1.000000
1.000000
1.000000
1.000000
1.000000
1.000000
1.000000
1.000000
1.000000
1.000000
1.000000
1.000000
1.000000
1.000000
1.000000
1.000000
1.000000
1.000013
1.000052
1.000214
1.000682
1.001589
1.002746
1.003794
1.004522
1.004932
1.005123
1.005198
1.005224
1.005199
1.005065
1.004654
1.003775
1.002569
1.001442
1.000673
1.000265
1.000089
1.000028
1.000008
1.000000
1.000000
1.000000
1.000000
1.000000
1.000000
1.000000
1.000000
1.000000
1.000000
1.000000
1.000000
1.000000
1.000000
1.000000
1.000000
1.000000
1.000013
1.000060
1.000299
1.001187
1.003647
1.008344
1.014274
1.019668
1.023476
1.025671
1.026740
1.027186
1.027325
1.027230
1.026621
1.024664
1.020326
1.014103
1.008054
1.003801
1.001507
1.000512
1.000151
1.000041
1.000013
1.000000
1.000000
1.000000
1.000000
1.000000
1.000000
1.000000
1.000000
1.000000
1.000000
1.000000
1.000000
1.000000
1.000000
1.000000
1.000000
1.000034
1.000221
1.001096
1.004301
1.012945
1.028983
1.048896
1.067072
1.080228
1.088139
1.092202
1.094009
1.094650
1.094482
1.092771
1.086963
1.073354
1.052379
1.030634
1.014672
1.005860
1.001995
1.000591
1.000154
1.000036
1.000012
1.000000
1.000000
1.000000
1.000000
1.000000
1.000000
1.000000
1.000000
1.000000
1.000000
1.000000
1.000000
1.000000
1.000000
1.000013
1.000082
1.000509
1.002509
1.009756
1.028924
1.063709
1.106585
1.146323
1.176172
1.195122
1.205531
1.210532
1.212542
1.212609
1.209598
1.198571
1.171199
1.125694
1.075120
1.036321
1.014507
1.004918
1.001447
1.000375
1.000088
1.000023
1.000005
1.000000
1.000000
1.000000
1.000000
1.000000
1.000000
1.000000
1.000000
1.000000
1.000000
1.000000
1.000000
1.000000
1.000021
1.000143
1.000851
1.004151
1.016058
1.047252
1.103339
1.172855
1.238922
1.290727
1.325555
1.346017
1.356617
1.361344
1.362327
1.358387
1.342273
1.300059
1.225061
1.136452
1.066059
1.026175
1.008774
1.002553
1.000660
1.000154
1.000037
1.000008
1.000000
1.000000
1.000000
1.000000
1.000000
1.000000
1.000000
1.000000
1.000000
1.000000
1.000000
1.000000
1.000000
1.000026
1.000190
1.001135
1.005554
1.021482
1.063161
1.138245
1.232686
1.325144
1.400830
1.454509
1.488030
1.506589
1.515566
1.518362
1.514136
1.493786
1.437795
1.332909
1.203089
1.097688
1.038163
1.012595
1.003616
1.000924
1.000214
1.000049
1.000010
1.000000
1.000000
1.000000
1.000000
1.000000
1.000000
1.000000
1.000000
1.000000
1.000000
1.000000
1.000000
1.000000
1.000032
1.000223
1.001326
1.006504
1.025216
1.074377
1.163662
1.278051
1.393382
1.491536
1.564457
1.612415
1.640476
1.654932
1.660368
1.656491
1.632833
1.564866
1.432533
1.263662
1.125365
1.048156
1.015637
1.004430
1.001120
1.000257
1.000056
1.000011
1.000000
1.000000
1.000000
1.000000
1.000000
1.000000
1.000000
1.000000
1.000000
1.000000
1.000000
1.000000
1.000000
1.000034
1.000240
1.001436
1.007037
1.027366
1.081060
1.179525
1.307898
1.440666
1.557391
1.647458
1.709213
1.746968
1.767372
1.775897
1.772803
1.746622
1.668645
1.512950
1.311033
1.145920
1.055159
1.017658
1.004948
1.001240
1.000281
1.000060
1.000012
1.000000
1.000000
1.000000
1.000000
1.000000
1.000000
1.000000
1.000000
1.000000
1.000000
1.000000
1.000000
1.000000
1.000034
1.000249
1.001484
1.007293
1.028429
1.084510
1.188186
1.325220
1.469756
1.600027
1.703500
1.776734
1.823016
1.848922
1.860456
1.858293
1.830209
1.744261
1.570228
1.343322
1.159109
1.059377
1.018808
1.005228
1.001301
1.000295
1.000061
1.000012
1.000000
1.000000
1.000000
1.000000
1.000000
1.000000
1.000000
1.000000
1.000000
1.000000
1.000000
1.000000
1.000000
1.000034
1.000251
1.001503
1.007401
1.028889
1.086079
1.192376
1.334174
1.485757
1.624767
1.737467
1.819049
1.871836
1.902115
1.916125
1.914793
1.885317
1.793461
1.606347
1.362638
1.166501
1.061592
1.019379
1.005361
1.001328
1.000299
1.000062
1.000012
1.000000
1.000000
1.000000
1.000000
1.000000
1.000000
1.000000
1.000000
1.000000
1.000000
1.000000
1.000000
1.000000
1.000034
1.000252
1.001511
1.007439
1.029052
1.086680
1.194130
1.338249
1.493576
1.637582
1.755882
1.842790
1.899898
1.933178
1.948934
1.948200
1.917756
1.821900
1.626395
1.372698
1.170068
1.062582
1.019615
1.005415
1.001340
1.000300
1.000062
1.000012
1.000000
1.000000
1.000000
1.000000
1.000000
1.000000
1.000000
1.000000
1.000000
1.000000
1.000000
1.000000
1.000000
1.000034
1.000250
1.001505
1.007419
1.028992
1.086612
1.194309
1.339257
1.496225
1.642671
1.763905
1.853742
1.913313
1.948349
1.965135
1.964725
1.933599
1.835181
1.634787
1.376073
1.170854
1.062661
1.019598
1.005401
1.001333
1.000299
1.000062
1.000012
1.000000
1.000000
1.000000
1.000000
1.000000
1.000000
1.000000
1.000000
1.000000
1.000000
1.000000
1.000000
1.000000
1.000032
1.000241
1.001462
1.007223
1.028318
1.084935
1.191392
1.335420
1.492091
1.638866
1.760869
1.851639
1.912050
1.947687
1.964789
1.964316
1.932390
1.831858
1.628673
1.369521
1.166703
1.060861
1.018984
1.005222
1.001287
1.000287
1.000059
1.000011
1.000000
1.000000
1.000000
1.000000
1.000000
1.000000
1.000000
1.000000
1.000000
1.000000
1.000000
1.000000
1.000000
1.000028
1.000219
1.001309
1.006507
1.025759
1.078249
1.178827
1.316975
1.468728
1.611654
1.730673
1.819128
1.877789
1.912168
1.928351
1.926892
1.893118
1.789510
1.586012
1.336674
1.149150
1.053885
1.016718
1.004585
1.001129
1.000253
1.000051
1.000009
1.000000
1.000000
1.000000
1.000000
1.000000
1.000000
1.000000
1.000000
1.000000
1.000000
1.000000
1.000000
1.000000
1.000020
1.000169
1.001018
1.005110
1.020546
1.063770
1.149416
1.270415
1.405699
1.534021
1.640644
1.719084
1.770232
1.799473
1.812353
1.808416
1.771921
1.667329
1.476670
1.262959
1.113496
1.040535
1.012524
1.003428
1.000844
1.000188
1.000038
1.000006
1.000000
1.000000
1.000000
1.000000
1.000000
1.000000
1.000000
1.000000
1.000000
1.000000
1.000000
1.000000
1.000000
1.000013
1.000107
1.000665
1.003387
1.013844
1.043962
1.105834
1.195908
1.298247
1.395351
1.474871
1.531798
1.567548
1.586970
1.594294
1.587799
1.552627
1.461650
1.313983
1.166424
1.070558
1.025117
1.007774
1.002133
1.000523
1.000116
1.000022
1.000002
1.000000
1.000000
1.000000
1.000000
1.000000
1.000000
1.000000
1.000000
1.000000
1.000000
1.000000
1.000000
1.000000
1.000006
1.000057
1.000368
1.001886
1.007806
1.025229
1.061946
1.116280
1.177983
1.235432
1.280827
1.311774
1.330106
1.339343
1.341892
1.335696
1.310332
1.250856
1.164350
1.085296
1.036075
1.012918
1.004026
1.001110
1.000273
1.000059
1.000010
1.000000
1.000000
1.000000
1.000000
1.000000
1.000000
1.000000
1.000000
1.000000
1.000000
1.000000
1.000000
1.000000
1.000000
1.000000
1.000026
1.000173
1.000888
1.003714
1.012135
1.030087
1.056618
1.086158
1.112625
1.132454
1.145146
1.152165
1.155403
1.155854
1.152131
1.138922
1.109973
1.070776
1.036598
1.015590
1.005638
1.001771
1.000491
1.000120
1.000026
1.000004
1.000000
1.000000
1.000000
1.000000
1.000000
1.000000
1.000000
1.000000
1.000000
1.000000
1.000000
1.000000
1.000000
1.000000
1.000000
1.000012
1.000065
1.000359
1.001514
1.004976
1.012368
1.023160
1.034820
1.044796
1.051849
1.056083
1.058271
1.059192
1.059166
1.057539
1.052182
1.040890
1.026179
1.013590
1.005843
1.002133
1.000674
1.000187
1.000045
1.000008
1.000000
1.000000
1.000000
1.000000
1.000000
1.000000
1.000000
1.000000
1.000000
1.000000
1.000000
1.000000
1.000000
1.000000
1.000000
1.000000
1.000000
1.000021
1.000126
1.000536
1.001771
1.004398
1.008173
1.012126
1.015363
1.017534
1.018765
1.019364
1.019594
1.019543
1.018965
1.017139
1.013371
1.008558
1.004465
1.001934
1.000711
1.000225
1.000062
1.000014
1.000000
1.000000
1.000000
1.000000
1.000000
1.000000
1.000000
1.000000
1.000000
1.000000
1.000000
1.000000
1.000000
1.000000
1.000000
1.000000
1.000000
1.000000
1.000006
1.000035
1.000167
1.000555
1.001377
1.002540
1.003725
1.004659
1.005258
1.005581
1.005732
1.005787
1.005763
1.005584
1.005037
1.003922
1.002512
1.001316
1.000573
1.000211
1.000067
1.000018
1.000001
1.000000
1.000000
1.000000
1.000000
1.000000
1.000000
1.000000
1.000000
1.000000
1.000000
1.000000
1.000000
1.000000
1.000000
1.000000
1.000000
1.000000
1.000000
1.000000
1.000009
1.000045
1.000154
1.000384
1.000704
1.001024
1.001268
1.001419
1.001496
1.001532
1.001546
1.001535
1.001488
1.001341
1.001042
1.000668
1.000350
1.000152
1.000056
1.000016
1.000002
1.000000
1.000000
1.000000
1.000000
1.000000
1.000000
1.000000
1.000000
1.000000
1.000000
1.000000
1.000000
1.000000
1.000000
1.000000
1.000000
1.000000
1.000000
1.000000
1.000000
1.000000
1.000009
1.000037
1.000095
1.000175
1.000253
1.000310
1.000346
1.000364
1.000373
1.000376
1.000373
1.000361
1.000324
1.000252
1.000161
1.000083
1.000036
1.000011
1.000001
1.000000
1.000000
1.000000
1.000000
1.000000
1.000000
1.000000
1.000000
1.000000
1.000000
1.000000
1.000000
1.000000
1.000000
1.000000
1.000000
1.000000
1.000000
1.000000
1.000000
1.000000
1.000000
1.000000
1.000006
1.000019
1.000038
1.000056
1.000069
1.000077
1.000080
1.000082
1.000082
1.000082
1.000079
1.000070
1.000055
1.000035
1.000015
1.000005
1.000000
1.000000
1.000000
1.000000
1.000000
1.000000
1.000000
1.000000
1.000000
1.000000
1.000000
1.000000
1.000000
1.000000
1.000000
1.000000
1.000000
1.000000
1.000000
1.000000
1.000000
1.000000
1.000000
1.000000
1.000000
1.000000
1.000002
1.000006
1.000010
1.000012
1.000013
1.000013
1.000013
1.000013
1.000013
1.000013
1.000011
1.000008
1.000004
1.000000
1.000000
1.000000
1.000000
1.000000
1.000000
1.000000
1.000000
1.000000
1.000000
1.000000
1.000000
1.000000
1.000000
1.000000
1.000000
1.000000
1.000000
1.000000
1.000000
1.000000
1.000000
1.000000
1.000000
1.000000
1.000000
1.000000
1.000000
1.000000
1.000000
1.000000
1.000000
1.000000
1.000000
1.000000
1.000000
1.000000
1.000000
1.000000
1.000000
1.000000
1.000000
1.000000
1.000000
1.000000
1.000000
1.000000
1.000000
1.000000
1.000000
1.000000
1.000000
1.000000
1.000000
1.000000
1.000000
1.000000
1.000000
1.000000
1.000000
1.000000
1.000000
1.000000
1.000000
1.000000
1.000000
1.000000
1.000000
1.000000
1.000000
1.000000
1.000000
1.000000
1.000000
1.000000
1.000000
1.000000
1.000000
1.000000
1.000000
1.000000
1.000000
1.000000
1.000000
1.000000
1.000000
1.000000
1.000000
1.000000
1.000000
1.000000
1.000000
1.000000
1.000000
1.000000
1.000000
1.000000
1.000000
1.000000
1.000000
1.000000
1.000000
1.000000
1.000000
1.000000
1.000000
1.000000
1.000000
1.000000
1.000000
1.000000
1.000000
1.000000
1.000000
1.000000
1.000000
1.000000
1.000000
1.000000
1.000000
1.000000
1.000000
1.000000
1.000000
1.000000
1.000000
1.000000
1.000000
1.000000
1.000000
1.000000
1.000000
1.000000
1.000000
1.000000
1.000000
1.000000
1.000000
1.000000
1.000000
1.000000
1.000000
1.000000
1.000000
1.000000
1.000000
1.000000
1.000000
1.000000
1.000000
1.000000
1.000000
1.000000
1.000000
1.000000
1.000000
1.000000
1.000000
1.000000
1.000000
1.000000
1.000000
1.000000
1.000000
1.000000
1.000000
1.000000
1.000000
1.000000
1.000000
1.000000
1.000000
1.000000
1.000000
1.000000
1.000000
1.000000
1.000000
1.000000
1.000000
1.000000
1.000000
1.000000
1.000000
1.000000
1.000000
1.000000
1.000000
1.000000
1.000000
1.000000
1.000000
1.000000
1.000000
1.000000
1.000000
1.000000
1.000000
1.000000
1.000000
1.000000
1.000000
1.000000
1.000000
1.000000
1.000000
1.000000
1.000000
1.000000
1.000000
1.000000
1.000000
1.000000
1.000000
1.000000
1.000000
1.000000
1.000000
1.000000
1.000000
1.000000
1.000000
1.000000
1.000000
1.000000
1.000000
1.000000
1.000000
1.000000
1.000000
1.000000
1.000000
1.000000
1.000000
1.000000
1.000000
1.000000
1.000000
1.000000
1.000000
1.000000
1.000000
1.000000
1.000000
1.000000
1.000000
1.000000
1.000000
1.000000
1.000000
1.000000
1.000000
1.000000
1.000000
1.000000
1.000000
1.000000
1.000000
1.000000
1.000000
1.000000
1.000000
1.000000
1.000000
1.000000
1.000000
1.000000
1.000000
1.000000
1.000000
1.000000
1.000000
1.000000
1.000000
1.000000
1.000000
1.000000
1.000000
1.000000
1.000000
1.000000
1.000000
1.000000
1.000000
1.000000
1.000000
1.000000
1.000000
1.000000
1.000000
1.000000
1.000000
1.000000
1.000000
1.000000
1.000000
1.000000
1.000000
1.000000
1.000000
1.000000
1.000000
1.000000
1.000000
1.000000
1.000000
1.000000
1.000000
1.000000
1.000000
1.000000
1.000000
1.000000
1.000000
1.000000
1.000000
1.000000
1.000000
1.000000
1.000000
1.000000
1.000000
1.000000
1.000000
1.000000
1.000000
1.000000
1.000000
1.000000
1.000000
1.000000
1.000000
1.000000
1.000000
1.000000
1.000000
1.000000
1.000000
1.000000
1.000000
1.000000
1.000000
1.000000
1.000000
1.000000
1.000000
