1.000000
1.000000
1.000000
1.000000
1.000000
1.000000
1.000000
1.000000
1.000000
1.000000
1.000000
1.000000
1.000000
1.000000
1.000000
1.000000
1.000000
1.000000
1.000000
1.000000
1.000000
1.000000
1.000000
1.000000
1.000000
1.000000
1.000000
1.000000
1.000000
1.000000
1.000000
1.000000
1.000000
1.000000
1.000000
1.000000
1.000000
1.000000
1.000000
1.000000
1.000000
1.000000
1.000000
1.000000
1.000000
1.000000
1.000000
1.000000
1.000000
1.000000
1.000000
1.000000
1.000000
1.000000
1.000000
1.000000
1.000000
1.000000
1.000000
1.000000
1.000000
1.000000
1.000000
1.000000
1.000000
1.000000
1.000000
1.000000
1.000000
1.000000
1.000000
1.000000
1.000000
1.000000
1.000000
1.000000
1.000000
1.000000
1.000000
1.000000
1.000000
1.000000
1.000000
1.000000
1.000000
1.000000
1.000000
1.000000
1.000000
1.000000
1.000000
1.000000
1.000000
1.000000
1.000000
1.000000
1.000000
1.000000
1.000000
1.000000
1.000000
1.000000
1.000000
1.000000
1.000000
1.000000
1.000000
1.000000
1.000000
1.000000
1.000000
1.000000
1.000000
1.000000
1.000000
1.000000
1.000000
1.000000
1.000000
1.000000
1.000000
1.000000
1.000000
1.000000
1.000000
1.000000
1.000000
1.000000
1.000000
1.000000
1.000000
1.000000
1.000000
1.000000
1.000000
1.000000
1.000000
1.000000
1.000000
1.000000
1.000000
1.000000
1.000000
1.000000
1.000000
1.000000
1.000000
1.000000
1.000000
1.000000
1.000000
1.000000
1.000000
1.000000
1.000000
1.000000
1.000000
1.000000
1.000000
1.000000
1.000000
1.000000
1.000000
1.000000
1.000000
1.000000
1.000000
1.000000
1.000000
1.000000
1.000000
1.000000
1.000000
1.000000
1.000000
1.000000
1.000000
1.000000
1.000000
1.000000
1.000000
1.000000
1.000000
1.000000
1.000000
1.000000
1.000000
1.000000
1.000000
1.000000
1.000000
1.000000
1.000000
1.000000
1.000000
1.000000
1.000000
1.000000
1.000000
1.000000
1.000000
1.000000
1.000000
1.000000
1.000000
1.000000
1.000000
1.000000
1.000000
1.000000
1.000000
1.000000
1.000000
1.000000
1.000000
1.000000
1.000000
1.000000
1.000000
1.000002
1.000002
1.000002
1.000002
1.000002
1.000002
1.000000
1.000000
1.000000
1.000000
1.000000
1.000000
1.000000
1.000000
1.000000
1.000000
1.000000
1.000000
1.000000
1.000000
1.000000
1.000000
1.000000
1.000000
1.000000
1.000000
1.000000
1.000000
1.000000
1.000000
1.000000
1.000000
1.000000
1.000000
1.000000
1.000000
1.000010
1.000013
1.000027
1.000040
1.000062
1.000070
1.000071
1.000071
1.000071
1.000071
1.000070
1.000065
1.000052
1.000039
1.000021
1.000007
1.000000
1.000000
1.000000
1.000000
1.000000
1.000000
1.000000
1.000000
1.000000
1.000000
1.000000
1.000000
1.000000
1.000000
1.000000
1.000000
1.000000
1.000000
1.000000
1.000000
1.000000
1.000000
1.000000
1.000000
1.000013
1.000085
1.000214
1.000381
1.000523
1.000624
1.000674
1.000699
1.000713
1.000716
1.000711
1.000694
1.000628
1.000503
1.000335
1.000186
1.000083
1.000035
1.000013
1.000000
1.000000
1.000000
1.000000
1.000000
1.000000
1.000000
1.000000
1.000000
1.000000
1.000000
1.000000
1.000000
1.000000
1.000000
1.000000
1.000000
1.000000
1.000000
1.000000
1.000013
1.000052
1.000215
1.000688
1.001609
1.002780
1.003835
1.004562
1.004966
1.005154
1.005227
1.005252
1.005226
1.005091
1.004674
1.003780
1.002558
1.001425
1.000658
1.000257
1.000085
1.000026
1.000007
1.000000
1.000000
1.000000
1.000000
1.000000
1.000000
1.000000
1.000000
1.000000
1.000000
1.000000
1.000000
1.000000
1.000000
1.000000
1.000000
1.000000
1.000013
1.000059
1.000299
1.001200
1.003709
1.008519
1.014572
1.020045
1.023880
1.026073
1.027129
1.027567
1.027701
1.027603
1.026984
1.024984
1.020533
1.014168
1.008027
1.003753
1.001473
1.000495
1.000145
1.000038
1.000012
1.000000
1.000000
1.000000
1.000000
1.000000
1.000000
1.000000
1.000000
1.000000
1.000000
1.000000
1.000000
1.000000
1.000000
1.000000
1.000000
1.000033
1.000220
1.001102
1.004366
1.013231
1.029724
1.050141
1.068673
1.081996
1.089947
1.093998
1.095784
1.096411
1.096232
1.094485
1.088522
1.074492
1.052917
1.030707
1.014566
1.005756
1.001938
1.000567
1.000147
1.000034
1.000011
1.000000
1.000000
1.000000
1.000000
1.000000
1.000000
1.000000
1.000000
1.000000
1.000000
1.000000
1.000000
1.000000
1.000000
1.000013
1.000081
1.000507
1.002522
1.009891
1.029520
1.065241
1.109155
1.149661
1.179912
1.198997
1.209406
1.214369
1.216346
1.216387
1.213308
1.201990
1.173774
1.126943
1.075257
1.036023
1.014231
1.004769
1.001387
1.000355
1.000082
1.000022
1.000004
1.000000
1.000000
1.000000
1.000000
1.000000
1.000000
1.000000
1.000000
1.000000
1.000000
1.000000
1.000000
1.000000
1.000020
1.000140
1.000844
1.004157
1.016225
1.048066
1.105494
1.176527
1.243766
1.296237
1.331319
1.351802
1.362340
1.367002
1.367933
1.363889
1.347358
1.303883
1.226760
1.136314
1.065291
1.025575
1.008474
1.002437
1.000622
1.000144
1.000035
1.000008
1.000000
1.000000
1.000000
1.000000
1.000000
1.000000
1.000000
1.000000
1.000000
1.000000
1.000000
1.000000
1.000000
1.000025
1.000186
1.001121
1.005541
1.021628
1.064034
1.140683
1.236949
1.330879
1.407445
1.461480
1.495029
1.513482
1.522339
1.525039
1.520665
1.499783
1.442160
1.334417
1.202153
1.096141
1.037115
1.012106
1.003436
1.000869
1.000199
1.000045
1.000009
1.000000
1.000000
1.000000
1.000000
1.000000
1.000000
1.000000
1.000000
1.000000
1.000000
1.000000
1.000000
1.000000
1.000030
1.000216
1.001305
1.006469
1.025312
1.075191
1.166104
1.282446
1.399395
1.498541
1.571852
1.619797
1.647665
1.661912
1.667182
1.663098
1.638800
1.568890
1.433116
1.261458
1.122851
1.046625
1.014964
1.004190
1.001048
1.000238
1.000051
1.000010
1.000000
1.000000
1.000000
1.000000
1.000000
1.000000
1.000000
1.000000
1.000000
1.000000
1.000000
1.000000
1.000000
1.000032
1.000233
1.001411
1.006985
1.027412
1.081776
1.181837
1.312157
1.446553
1.564260
1.654660
1.716290
1.753713
1.773778
1.782036
1.778660
1.751737
1.671582
1.512075
1.307346
1.142452
1.053206
1.016838
1.004665
1.001156
1.000259
1.000055
1.000010
1.000000
1.000000
1.000000
1.000000
1.000000
1.000000
1.000000
1.000000
1.000000
1.000000
1.000000
1.000000
1.000000
1.000033
1.000242
1.001456
1.007229
1.028440
1.085144
1.190353
1.329262
1.475349
1.606504
1.710175
1.783113
1.828879
1.854282
1.865427
1.862898
1.833990
1.745717
1.567726
1.338249
1.154863
1.057116
1.017890
1.004918
1.001210
1.000271
1.000056
1.000011
1.000000
1.000000
1.000000
1.000000
1.000000
1.000000
1.000000
1.000000
1.000000
1.000000
1.000000
1.000000
1.000000
1.000033
1.000243
1.001474
1.007332
1.028880
1.086659
1.194432
1.338027
1.491059
1.630821
1.743552
1.824643
1.876718
1.906323
1.919820
1.918041
1.887683
1.793444
1.602404
1.356493
1.161723
1.059141
1.018405
1.005038
1.001234
1.000275
1.000056
1.000011
1.000000
1.000000
1.000000
1.000000
1.000000
1.000000
1.000000
1.000000
1.000000
1.000000
1.000000
1.000000
1.000000
1.000033
1.000244
1.001481
1.007367
1.029033
1.087232
1.196121
1.341976
1.498664
1.643302
1.761480
1.847723
1.903945
1.936404
1.951539
1.950293
1.918935
1.820699
1.621393
1.365852
1.164981
1.060031
1.018614
1.005084
1.001245
1.000276
1.000057
1.000011
1.000000
1.000000
1.000000
1.000000
1.000000
1.000000
1.000000
1.000000
1.000000
1.000000
1.000000
1.000000
1.000000
1.000033
1.000242
1.001475
1.007346
1.028969
1.087146
1.196258
1.342900
1.501165
1.648154
1.769150
1.858191
1.916745
1.950849
1.966937
1.965970
1.933916
1.833150
1.629100
1.368830
1.165620
1.060072
1.018590
1.005069
1.001237
1.000274
1.000056
1.000011
1.000000
1.000000
1.000000
1.000000
1.000000
1.000000
1.000000
1.000000
1.000000
1.000000
1.000000
1.000000
1.000000
1.000031
1.000234
1.001432
1.007148
1.028280
1.085422
1.193236
1.338894
1.496789
1.644021
1.765688
1.855557
1.914856
1.949486
1.965838
1.964780
1.931918
1.829068
1.622392
1.362014
1.161439
1.058297
1.017994
1.004898
1.001194
1.000263
1.000054
1.000010
1.000000
1.000000
1.000000
1.000000
1.000000
1.000000
1.000000
1.000000
1.000000
1.000000
1.000000
1.000000
1.000000
1.000027
1.000212
1.001279
1.006423
1.025665
1.078535
1.180235
1.319761
1.472502
1.615669
1.734158
1.821551
1.878981
1.912280
1.927676
1.925614
1.890889
1.785010
1.578449
1.328735
1.143962
1.051453
1.015798
1.004288
1.001045
1.000232
1.000047
1.000008
1.000000
1.000000
1.000000
1.000000
1.000000
1.000000
1.000000
1.000000
1.000000
1.000000
1.000000
1.000000
1.000000
1.000019
1.000162
1.000989
1.005017
1.020366
1.063691
1.149921
1.271642
1.407260
1.535233
1.640842
1.717877
1.767599
1.795687
1.807780
1.803275
1.765934
1.659531
1.467254
1.254931
1.108820
1.038466
1.011765
1.003187
1.000776
1.000171
1.000033
1.000005
1.000000
1.000000
1.000000
1.000000
1.000000
1.000000
1.000000
1.000000
1.000000
1.000000
1.000000
1.000000
1.000000
1.000013
1.000102
1.000641
1.003300
1.013616
1.043571
1.105390
1.195297
1.297022
1.392941
1.470847
1.526059
1.560326
1.578686
1.585373
1.578524
1.542998
1.451531
1.304528
1.159767
1.067059
1.023640
1.007245
1.001967
1.000477
1.000104
1.000019
1.000002
1.000000
1.000000
1.000000
1.000000
1.000000
1.000000
1.000000
1.000000
1.000000
1.000000
1.000000
1.000000
1.000000
1.000005
1.000054
1.000352
1.001820
1.007604
1.024762
1.061078
1.114719
1.175305
1.231269
1.275050
1.304547
1.321791
1.330346
1.332557
1.326306
1.301160
1.242348
1.157565
1.081041
1.033962
1.012048
1.003718
1.001014
1.000246
1.000053
1.000008
1.000000
1.000000
1.000000
1.000000
1.000000
1.000000
1.000000
1.000000
1.000000
1.000000
1.000000
1.000000
1.000000
1.000000
1.000000
1.000024
1.000163
1.000847
1.003579
1.011782
1.029336
1.055210
1.083824
1.109223
1.128038
1.139927
1.146411
1.149352
1.149693
1.146044
1.133180
1.105001
1.067118
1.034424
1.014535
1.005208
1.001620
1.000444
1.000106
1.000023
1.000003
1.000000
1.000000
1.000000
1.000000
1.000000
1.000000
1.000000
1.000000
1.000000
1.000000
1.000000
1.000000
1.000000
1.000000
1.000000
1.000011
1.000061
1.000339
1.001443
1.004777
1.011921
1.022315
1.033462
1.042902
1.049497
1.053406
1.055396
1.056220
1.056171
1.054608
1.049467
1.038620
1.024570
1.012655
1.005393
1.001950
1.000610
1.000167
1.000040
1.000007
1.000000
1.000000
1.000000
1.000000
1.000000
1.000000
1.000000
1.000000
1.000000
1.000000
1.000000
1.000000
1.000000
1.000000
1.000000
1.000000
1.000000
1.000019
1.000118
1.000505
1.001680
1.004189
1.007781
1.011513
1.014538
1.016541
1.017662
1.018201
1.018404
1.018350
1.017804
1.016073
1.012497
1.007949
1.004115
1.001767
1.000643
1.000202
1.000054
1.000012
1.000000
1.000000
1.000000
1.000000
1.000000
1.000000
1.000000
1.000000
1.000000
1.000000
1.000000
1.000000
1.000000
1.000000
1.000000
1.000000
1.000000
1.000000
1.000005
1.000033
1.000155
1.000520
1.001296
1.002389
1.003495
1.004356
1.004903
1.005194
1.005327
1.005376
1.005353
1.005185
1.004673
1.003626
1.002309
1.001199
1.000517
1.000188
1.000059
1.000015
1.000000
1.000000
1.000000
1.000000
1.000000
1.000000
1.000000
1.000000
1.000000
1.000000
1.000000
1.000000
1.000000
1.000000
1.000000
1.000000
1.000000
1.000000
1.000000
1.000000
1.000007
1.000040
1.000143
1.000357
1.000654
1.000949
1.001171
1.001308
1.001376
1.001408
1.001420
1.001410
1.001366
1.001230
1.000953
1.000607
1.000316
1.000136
1.000049
1.000014
1.000000
1.000000
1.000000
1.000000
1.000000
1.000000
1.000000
1.000000
1.000000
1.000000
1.000000
1.000000
1.000000
1.000000
1.000000
1.000000
1.000000
1.000000
1.000000
1.000000
1.000000
1.000000
1.000008
1.000034
1.000086
1.000161
1.000232
1.000283
1.000315
1.000332
1.000339
1.000341
1.000339
1.000328
1.000294
1.000228
1.000144
1.000075
1.000031
1.000009
1.000000
1.000000
1.000000
1.000000
1.000000
1.000000
1.000000
1.000000
1.000000
1.000000
1.000000
1.000000
1.000000
1.000000
1.000000
1.000000
1.000000
1.000000
1.000000
1.000000
1.000000
1.000000
1.000000
1.000000
1.000006
1.000017
1.000034
1.000051
1.000063
1.000069
1.000072
1.000073
1.000073
1.000073
1.000070
1.000063
1.000048
1.000030
1.000013
1.000004
1.000000
1.000000
1.000000
1.000000
1.000000
1.000000
1.000000
1.000000
1.000000
1.000000
1.000000
1.000000
1.000000
1.000000
1.000000
1.000000
1.000000
1.000000
1.000000
1.000000
1.000000
1.000000
1.000000
1.000000
1.000000
1.000000
1.000002
1.000005
1.000008
1.000010
1.000011
1.000012
1.000012
1.000012
1.000012
1.000011
1.000010
1.000006
1.000003
1.000000
1.000000
1.000000
1.000000
1.000000
1.000000
1.000000
1.000000
1.000000
1.000000
1.000000
1.000000
1.000000
1.000000
1.000000
1.000000
1.000000
1.000000
1.000000
1.000000
1.000000
1.000000
1.000000
1.000000
1.000000
1.000000
1.000000
1.000000
1.000000
1.000000
1.000000
1.000000
1.000000
1.000000
1.000000
1.000000
1.000000
1.000000
1.000000
1.000000
1.000000
1.000000
1.000000
1.000000
1.000000
1.000000
1.000000
1.000000
1.000000
1.000000
1.000000
1.000000
1.000000
1.000000
1.000000
1.000000
1.000000
1.000000
1.000000
1.000000
1.000000
1.000000
1.000000
1.000000
1.000000
1.000000
1.000000
1.000000
1.000000
1.000000
1.000000
1.000000
1.000000
1.000000
1.000000
1.000000
1.000000
1.000000
1.000000
1.000000
1.000000
1.000000
1.000000
1.000000
1.000000
1.000000
1.000000
1.000000
1.000000
1.000000
1.000000
1.000000
1.000000
1.000000
1.000000
1.000000
1.000000
1.000000
1.000000
1.000000
1.000000
1.000000
1.000000
1.000000
1.000000
1.000000
1.000000
1.000000
1.000000
1.000000
1.000000
1.000000
1.000000
1.000000
1.000000
1.000000
1.000000
1.000000
1.000000
1.000000
1.000000
1.000000
1.000000
1.000000
1.000000
1.000000
1.000000
1.000000
1.000000
1.000000
1.000000
1.000000
1.000000
1.000000
1.000000
1.000000
1.000000
1.000000
1.000000
1.000000
1.000000
1.000000
1.000000
1.000000
1.000000
1.000000
1.000000
1.000000
1.000000
1.000000
1.000000
1.000000
1.000000
1.000000
1.000000
1.000000
1.000000
1.000000
1.000000
1.000000
1.000000
1.000000
1.000000
1.000000
1.000000
1.000000
1.000000
1.000000
1.000000
1.000000
1.000000
1.000000
1.000000
1.000000
1.000000
1.000000
1.000000
1.000000
1.000000
1.000000
1.000000
1.000000
1.000000
1.000000
1.000000
1.000000
1.000000
1.000000
1.000000
1.000000
1.000000
1.000000
1.000000
1.000000
1.000000
1.000000
1.000000
1.000000
1.000000
1.000000
1.000000
1.000000
1.000000
1.000000
1.000000
1.000000
1.000000
1.000000
1.000000
1.000000
1.000000
1.000000
1.000000
1.000000
1.000000
1.000000
1.000000
1.000000
1.000000
1.000000
1.000000
1.000000
1.000000
1.000000
1.000000
1.000000
1.000000
1.000000
1.000000
1.000000
1.000000
1.000000
1.000000
1.000000
1.000000
1.000000
1.000000
1.000000
1.000000
1.000000
1.000000
1.000000
1.000000
1.000000
1.000000
1.000000
1.000000
1.000000
1.000000
1.000000
1.000000
1.000000
1.000000
1.000000
1.000000
1.000000
1.000000
1.000000
1.000000
1.000000
1.000000
1.000000
1.000000
1.000000
1.000000
1.000000
1.000000
1.000000
1.000000
1.000000
1.000000
1.000000
1.000000
1.000000
1.000000
1.000000
1.000000
1.000000
1.000000
1.000000
1.000000
1.000000
1.000000
1.000000
1.000000
1.000000
1.000000
1.000000
1.000000
1.000000
1.000000
1.000000
1.000000
1.000000
1.000000
1.000000
1.000000
1.000000
1.000000
1.000000
1.000000
1.000000
1.000000
1.000000
1.000000
1.000000
1.000000
1.000000
1.000000
1.000000
1.000000
1.000000
1.000000
1.000000
1.000000
1.000000
1.000000
1.000000
1.000000
1.000000
1.000000
1.000000
1.000000
1.000000
1.000000
1.000000
1.000000
1.000000
1.000000
1.000000
1.000000
1.000000
1.000000
1.000000
1.000000
1.000000
1.000000
1.000000
1.000000
1.000000
1.000000
1.000000
1.000000
1.000000
1.000000
1.000000
