1.000000
1.000000
1.000000
1.000000
1.000000
1.000000
1.000000
1.000000
1.000000
1.000000
1.000000
1.000000
1.000000
1.000000
1.000000
1.000000
1.000000
1.000000
1.000000
1.000000
1.000000
1.000000
1.000000
1.000000
1.000000
1.000000
1.000000
1.000000
1.000000
1.000000
1.000000
1.000000
1.000000
1.000000
1.000000
1.000000
1.000000
1.000000
1.000000
1.000000
1.000000
1.000000
1.000000
1.000000
1.000000
1.000000
1.000000
1.000000
1.000000
1.000000
1.000000
1.000000
1.000000
1.000000
1.000000
1.000000
1.000000
1.000000
1.000000
1.000000
1.000000
1.000000
1.000000
1.000000
1.000000
1.000000
1.000000
1.000000
1.000000
1.000000
1.000000
1.000000
1.000000
1.000000
1.000000
1.000000
1.000000
1.000000
1.000000
1.000000
1.000000
1.000000
1.000000
1.000000
1.000000
1.000000
1.000000
1.000000
1.000000
1.000000
1.000000
1.000000
1.000000
1.000000
1.000000
1.000000
1.000000
1.000000
1.000000
1.000000
1.000000
1.000000
1.000000
1.000000
1.000000
1.000000
1.000000
1.000000
1.000000
1.000000
1.000000
1.000000
1.000000
1.000000
1.000000
1.000000
1.000000
1.000000
1.000000
1.000000
1.000000
1.000000
1.000000
1.000000
1.000000
1.000000
1.000000
1.000000
1.000000
1.000000
1.000000
1.000000
1.000000
1.000000
1.000000
1.000000
1.000000
1.000000
1.000000
1.000000
1.000000
1.000000
1.000000
1.000000
1.000000
1.000000
1.000000
1.000000
1.000000
1.000000
1.000000
1.000000
1.000000
1.000000
1.000000
1.000000
1.000000
1.000000
1.000000
1.000000
1.000000
1.000000
1.000000
1.000000
1.000000
1.000000
1.000000
1.000000
1.000000
1.000000
1.000000
1.000000
1.000000
1.000000
1.000000
1.000000
1.000000
1.000000
1.000000
1.000000
1.000000
1.000000
1.000000
1.000000
1.000000
1.000000
1.000000
1.000000
1.000000
1.000000
1.000000
1.000000
1.000000
1.000000
1.000000
1.000000
1.000000
1.000000
1.000000
1.000000
1.000000
1.000000
1.000000
1.000000
1.000000
1.000000
1.000000
1.000000
1.000000
1.000000
1.000000
1.000000
1.000000
1.000000
1.000000
1.000000
1.000000
1.000000
1.000000
1.000000
1.000000
1.000000
1.000000
1.000000
1.000000
1.000000
1.000000
1.000000
1.000000
1.000000
1.000000
1.000000
1.000000
1.000000
1.000000
1.000000
1.000000
1.000000
1.000000
1.000000
1.000000
1.000000
1.000000
1.000000
1.000000
1.000000
1.000000
1.000000
1.000000
1.000000
1.000000
1.000000
1.000000
1.000000
1.000000
1.000010
1.000013
1.000027
1.000040
1.000057
1.000063
1.000064
1.000064
1.000064
1.000064
1.000063
1.000055
1.000042
1.000029
1.000015
1.000002
1.000000
1.000000
1.000000
1.000000
1.000000
1.000000
1.000000
1.000000
1.000000
1.000000
1.000000
1.000000
1.000000
1.000000
1.000000
1.000000
1.000000
1.000000
1.000000
1.000000
1.000000
1.000000
1.000000
1.000000
1.000013
1.000085
1.000216
1.000384
1.000519
1.000610
1.000652
1.000669
1.000679
1.000681
1.000677
1.000660
1.000594
1.000464
1.000294
1.000152
1.000065
1.000024
1.000009
1.000000
1.000000
1.000000
1.000000
1.000000
1.000000
1.000000
1.000000
1.000000
1.000000
1.000000
1.000000
1.000000
1.000000
1.000000
1.000000
1.000000
1.000000
1.000000
1.000000
1.000010
1.000049
1.000218
1.000730
1.001760
1.003038
1.004128
1.004831
1.005195
1.005352
1.005407
1.005426
1.005398
1.005257
1.004800
1.003787
1.002442
1.001274
1.000546
1.000196
1.000060
1.000015
1.000002
1.000000
1.000000
1.000000
1.000000
1.000000
1.000000
1.000000
1.000000
1.000000
1.000000
1.000000
1.000000
1.000000
1.000000
1.000000
1.000000
1.000000
1.000013
1.000054
1.000297
1.001284
1.004202
1.009958
1.017022
1.023095
1.027095
1.029230
1.030187
1.030555
1.030654
1.030536
1.029845
1.027489
1.022074
1.014543
1.007721
1.003342
1.001206
1.000371
1.000099
1.000022
1.000007
1.000000
1.000000
1.000000
1.000000
1.000000
1.000000
1.000000
1.000000
1.000000
1.000000
1.000000
1.000000
1.000000
1.000000
1.000000
1.000000
1.000028
1.000210
1.001145
1.004876
1.015607
1.036082
1.060792
1.082215
1.096796
1.104988
1.108900
1.110511
1.111026
1.110765
1.108733
1.101452
1.083696
1.056924
1.030965
1.013585
1.004930
1.001518
1.000406
1.000093
1.000021
1.000006
1.000000
1.000000
1.000000
1.000000
1.000000
1.000000
1.000000
1.000000
1.000000
1.000000
1.000000
1.000000
1.000000
1.000000
1.000013
1.000072
1.000483
1.002590
1.010911
1.034397
1.078207
1.130906
1.177657
1.210999
1.230979
1.241279
1.245900
1.247610
1.247457
1.243836
1.230035
1.194361
1.136047
1.075433
1.033270
1.012031
1.003681
1.000976
1.000229
1.000050
1.000011
1.000000
1.000000
1.000000
1.000000
1.000000
1.000000
1.000000
1.000000
1.000000
1.000000
1.000000
1.000000
1.000000
1.000000
1.000015
1.000118
1.000774
1.004148
1.017413
1.054561
1.123368
1.207055
1.283751
1.341306
1.378101
1.398525
1.408459
1.412573
1.413106
1.408248
1.388172
1.333601
1.238236
1.133369
1.058562
1.020926
1.006320
1.001655
1.000386
1.000081
1.000018
1.000002
1.000000
1.000000
1.000000
1.000000
1.000000
1.000000
1.000000
1.000000
1.000000
1.000000
1.000000
1.000000
1.000000
1.000020
1.000153
1.001000
1.005372
1.022575
1.070798
1.160535
1.271822
1.377460
1.460646
1.516999
1.550359
1.567734
1.575561
1.577507
1.571980
1.546601
1.474718
1.342739
1.191955
1.083287
1.029259
1.008693
1.002249
1.000519
1.000109
1.000023
1.000004
1.000000
1.000000
1.000000
1.000000
1.000000
1.000000
1.000000
1.000000
1.000000
1.000000
1.000000
1.000000
1.000000
1.000021
1.000173
1.001140
1.006129
1.025836
1.081365
1.185732
1.317941
1.447568
1.553966
1.629600
1.676782
1.702739
1.715182
1.719132
1.713446
1.683791
1.597068
1.432624
1.240829
1.102890
1.035511
1.010390
1.002656
1.000606
1.000126
1.000026
1.000004
1.000000
1.000000
1.000000
1.000000
1.000000
1.000000
1.000000
1.000000
1.000000
1.000000
1.000000
1.000000
1.000000
1.000022
1.000185
1.001211
1.006516
1.027551
1.087150
1.200310
1.346300
1.493241
1.617868
1.709844
1.769584
1.803841
1.821014
1.827177
1.821654
1.788639
1.689883
1.499271
1.275423
1.115925
1.039417
1.011395
1.002886
1.000654
1.000135
1.000027
1.000004
1.000000
1.000000
1.000000
1.000000
1.000000
1.000000
1.000000
1.000000
1.000000
1.000000
1.000000
1.000000
1.000000
1.000022
1.000188
1.001238
1.006684
1.028323
1.089887
1.207655
1.361598
1.519481
1.656585
1.760547
1.830060
1.871123
1.892354
1.900507
1.895255
1.859709
1.751895
1.542288
1.296509
1.123346
1.041499
1.011902
1.002999
1.000675
1.000138
1.000027
1.000004
1.000000
1.000000
1.000000
1.000000
1.000000
1.000000
1.000000
1.000000
1.000000
1.000000
1.000000
1.000000
1.000000
1.000022
1.000189
1.001251
1.006749
1.028626
1.091021
1.210918
1.368906
1.532869
1.677447
1.789050
1.865127
1.910959
1.935136
1.944777
1.939760
1.902448
1.788453
1.566587
1.307687
1.127013
1.042464
1.012124
1.003044
1.000684
1.000139
1.000027
1.000004
1.000000
1.000000
1.000000
1.000000
1.000000
1.000000
1.000000
1.000000
1.000000
1.000000
1.000000
1.000000
1.000000
1.000022
1.000189
1.001252
1.006767
1.028718
1.091402
1.212146
1.371937
1.538869
1.687373
1.803231
1.883130
1.931839
1.957841
1.968421
1.963550
1.925113
1.807345
1.578488
1.312753
1.128535
1.042830
1.012200
1.003060
1.000686
1.000139
1.000027
1.000004
1.000000
1.000000
1.000000
1.000000
1.000000
1.000000
1.000000
1.000000
1.000000
1.000000
1.000000
1.000000
1.000000
1.000022
1.000188
1.001246
1.006742
1.028622
1.091199
1.211983
1.372255
1.540294
1.690482
1.808310
1.890065
1.940215
1.967148
1.978204
1.973368
1.934220
1.814278
1.581903
1.313493
1.128449
1.042715
1.012154
1.003044
1.000681
1.000138
1.000027
1.000004
1.000000
1.000000
1.000000
1.000000
1.000000
1.000000
1.000000
1.000000
1.000000
1.000000
1.000000
1.000000
1.000000
1.000021
1.000180
1.001204
1.006533
1.027837
1.089090
1.208101
1.366851
1.533932
1.683701
1.801471
1.883327
1.933590
1.960587
1.971622
1.966556
1.926595
1.804879
1.571330
1.305317
1.124338
1.041203
1.011701
1.002927
1.000657
1.000133
1.000026
1.000004
1.000000
1.000000
1.000000
1.000000
1.000000
1.000000
1.000000
1.000000
1.000000
1.000000
1.000000
1.000000
1.000000
1.000019
1.000161
1.001052
1.005748
1.024764
1.080462
1.191203
1.341518
1.501320
1.645120
1.758079
1.836197
1.883765
1.908997
1.918907
1.912776
1.870930
1.746873
1.517782
1.269613
1.107879
1.035429
1.010018
1.002500
1.000561
1.000114
1.000020
1.000002
1.000000
1.000000
1.000000
1.000000
1.000000
1.000000
1.000000
1.000000
1.000000
1.000000
1.000000
1.000000
1.000000
1.000014
1.000116
1.000776
1.004293
1.018808
1.062599
1.153087
1.279724
1.416595
1.540093
1.636207
1.701410
1.740052
1.759804
1.766621
1.758517
1.715324
1.595713
1.394407
1.197178
1.077238
1.025177
1.007102
1.001769
1.000395
1.000079
1.000013
1.000000
1.000000
1.000000
1.000000
1.000000
1.000000
1.000000
1.000000
1.000000
1.000000
1.000000
1.000000
1.000000
1.000000
1.000008
1.000068
1.000475
1.002648
1.011789
1.040166
1.101015
1.188528
1.283953
1.369138
1.433590
1.475521
1.499118
1.510389
1.513194
1.504564
1.467568
1.374470
1.236068
1.114349
1.044378
1.014484
1.004100
1.001023
1.000226
1.000046
1.000006
1.000000
1.000000
1.000000
1.000000
1.000000
1.000000
1.000000
1.000000
1.000000
1.000000
1.000000
1.000000
1.000000
1.000000
1.000000
1.000033
1.000241
1.001351
1.006090
1.021091
1.053987
1.101705
1.153077
1.197404
1.229264
1.248729
1.258946
1.263402
1.263832
1.257771
1.235072
1.182468
1.111648
1.053502
1.020845
1.006858
1.001955
1.000490
1.000107
1.000022
1.000002
1.000000
1.000000
1.000000
1.000000
1.000000
1.000000
1.000000
1.000000
1.000000
1.000000
1.000000
1.000000
1.000000
1.000000
1.000000
1.000015
1.000100
1.000578
1.002631
1.009197
1.023711
1.044572
1.066351
1.084226
1.096284
1.103150
1.106497
1.107817
1.107667
1.104742
1.094574
1.072182
1.043695
1.020989
1.008254
1.002741
1.000787
1.000197
1.000043
1.000007
1.000000
1.000000
1.000000
1.000000
1.000000
1.000000
1.000000
1.000000
1.000000
1.000000
1.000000
1.000000
1.000000
1.000000
1.000000
1.000000
1.000002
1.000033
1.000211
1.000969
1.003404
1.008783
1.016381
1.024029
1.029990
1.033770
1.035786
1.036704
1.037030
1.036907
1.035818
1.032179
1.024383
1.014739
1.007121
1.002825
1.000945
1.000272
1.000067
1.000014
1.000000
1.000000
1.000000
1.000000
1.000000
1.000000
1.000000
1.000000
1.000000
1.000000
1.000000
1.000000
1.000000
1.000000
1.000000
1.000000
1.000000
1.000000
1.000013
1.000066
1.000309
1.001091
1.002811
1.005195
1.007515
1.009243
1.010282
1.010805
1.011031
1.011104
1.011053
1.010713
1.009601
1.007254
1.004389
1.002131
1.000851
1.000285
1.000082
1.000019
1.000002
1.000000
1.000000
1.000000
1.000000
1.000000
1.000000
1.000000
1.000000
1.000000
1.000000
1.000000
1.000000
1.000000
1.000000
1.000000
1.000000
1.000000
1.000000
1.000000
1.000017
1.000086
1.000307
1.000791
1.001450
1.002074
1.002521
1.002779
1.002903
1.002954
1.002971
1.002954
1.002860
1.002561
1.001932
1.001170
1.000570
1.000228
1.000076
1.000021
1.000003
1.000000
1.000000
1.000000
1.000000
1.000000
1.000000
1.000000
1.000000
1.000000
1.000000
1.000000
1.000000
1.000000
1.000000
1.000000
1.000000
1.000000
1.000000
1.000000
1.000000
1.000002
1.000019
1.000076
1.000197
1.000360
1.000511
1.000616
1.000674
1.000702
1.000714
1.000717
1.000712
1.000690
1.000617
1.000465
1.000281
1.000136
1.000055
1.000016
1.000002
1.000000
1.000000
1.000000
1.000000
1.000000
1.000000
1.000000
1.000000
1.000000
1.000000
1.000000
1.000000
1.000000
1.000000
1.000000
1.000000
1.000000
1.000000
1.000000
1.000000
1.000000
1.000000
1.000003
1.000014
1.000042
1.000078
1.000112
1.000135
1.000149
1.000154
1.000156
1.000156
1.000155
1.000150
1.000135
1.000101
1.000061
1.000028
1.000009
1.000001
1.000000
1.000000
1.000000
1.000000
1.000000
1.000000
1.000000
1.000000
1.000000
1.000000
1.000000
1.000000
1.000000
1.000000
1.000000
1.000000
1.000000
1.000000
1.000000
1.000000
1.000000
1.000000
1.000000
1.000000
1.000000
1.000007
1.000014
1.000021
1.000026
1.000028
1.000029
1.000029
1.000029
1.000029
1.000028
1.000024
1.000016
1.000008
1.000003
1.000000
1.000000
1.000000
1.000000
1.000000
1.000000
1.000000
1.000000
1.000000
1.000000
1.000000
1.000000
1.000000
1.000000
1.000000
1.000000
1.000000
1.000000
1.000000
1.000000
1.000000
1.000000
1.000000
1.000000
1.000000
1.000000
1.000000
1.000000
1.000000
1.000002
1.000003
1.000003
1.000003
1.000003
1.000003
1.000003
1.000003
1.000003
1.000001
1.000000
1.000000
1.000000
1.000000
1.000000
1.000000
1.000000
1.000000
1.000000
1.000000
1.000000
1.000000
1.000000
1.000000
1.000000
1.000000
1.000000
1.000000
1.000000
1.000000
1.000000
1.000000
1.000000
1.000000
1.000000
1.000000
1.000000
1.000000
1.000000
1.000000
1.000000
1.000000
1.000000
1.000000
1.000000
1.000000
1.000000
1.000000
1.000000
1.000000
1.000000
1.000000
1.000000
1.000000
1.000000
1.000000
1.000000
1.000000
1.000000
1.000000
1.000000
1.000000
1.000000
1.000000
1.000000
1.000000
1.000000
1.000000
1.000000
1.000000
1.000000
1.000000
1.000000
1.000000
1.000000
1.000000
1.000000
1.000000
1.000000
1.000000
1.000000
1.000000
1.000000
1.000000
1.000000
1.000000
1.000000
1.000000
1.000000
1.000000
1.000000
1.000000
1.000000
1.000000
1.000000
1.000000
1.000000
1.000000
1.000000
1.000000
1.000000
1.000000
1.000000
1.000000
1.000000
1.000000
1.000000
1.000000
1.000000
1.000000
1.000000
1.000000
1.000000
1.000000
1.000000
1.000000
1.000000
1.000000
1.000000
1.000000
1.000000
1.000000
1.000000
1.000000
1.000000
1.000000
1.000000
1.000000
1.000000
1.000000
1.000000
1.000000
1.000000
1.000000
1.000000
1.000000
1.000000
1.000000
1.000000
1.000000
1.000000
1.000000
1.000000
1.000000
1.000000
1.000000
1.000000
1.000000
1.000000
1.000000
1.000000
1.000000
1.000000
1.000000
1.000000
1.000000
1.000000
1.000000
1.000000
1.000000
1.000000
1.000000
1.000000
1.000000
1.000000
1.000000
1.000000
1.000000
1.000000
1.000000
1.000000
1.000000
1.000000
1.000000
1.000000
1.000000
1.000000
1.000000
1.000000
1.000000
1.000000
1.000000
1.000000
1.000000
1.000000
1.000000
1.000000
1.000000
1.000000
1.000000
1.000000
1.000000
1.000000
1.000000
1.000000
1.000000
1.000000
1.000000
1.000000
1.000000
1.000000
1.000000
1.000000
1.000000
1.000000
1.000000
1.000000
1.000000
1.000000
1.000000
1.000000
1.000000
1.000000
1.000000
1.000000
1.000000
1.000000
1.000000
1.000000
1.000000
1.000000
1.000000
1.000000
1.000000
1.000000
1.000000
1.000000
1.000000
1.000000
1.000000
1.000000
1.000000
1.000000
1.000000
1.000000
1.000000
1.000000
1.000000
1.000000
1.000000
1.000000
1.000000
1.000000
1.000000
1.000000
1.000000
1.000000
1.000000
1.000000
1.000000
1.000000
1.000000
1.000000
1.000000
1.000000
1.000000
1.000000
1.000000
1.000000
1.000000
1.000000
1.000000
1.000000
1.000000
1.000000
1.000000
1.000000
1.000000
1.000000
1.000000
1.000000
1.000000
1.000000
1.000000
1.000000
1.000000
1.000000
1.000000
1.000000
1.000000
1.000000
1.000000
1.000000
1.000000
1.000000
1.000000
1.000000
1.000000
1.000000
1.000000
1.000000
1.000000
1.000000
1.000000
1.000000
1.000000
1.000000
1.000000
1.000000
1.000000
1.000000
1.000000
1.000000
1.000000
1.000000
1.000000
1.000000
1.000000
1.000000
1.000000
1.000000
1.000000
1.000000
1.000000
1.000000
1.000000
1.000000
1.000000
1.000000
1.000000
1.000000
1.000000
1.000000
1.000000
1.000000
1.000000
1.000000
1.000000
1.000000
1.000000
1.000000
1.000000
1.000000
1.000000
1.000000
1.000000
1.000000
1.000000
1.000000
1.000000
1.000000
1.000000
1.000000
1.000000
1.000000
1.000000
1.000000
1.000000
1.000000
1.000000
1.000000
1.000000
1.000000
1.000000
1.000000
1.000000
1.000000
