1.000000
1.000000
1.000000
1.000000
1.000000
1.000000
1.000000
1.000000
1.000000
1.000000
1.000000
1.000000
1.000000
1.000000
1.000000
1.000000
1.000000
1.000000
1.000000
1.000000
1.000000
1.000000
1.000000
1.000000
1.000000
1.000000
1.000000
1.000000
1.000000
1.000000
1.000000
1.000000
1.000000
1.000000
1.000000
1.000000
1.000000
1.000000
1.000000
1.000000
1.000000
1.000000
1.000000
1.000000
1.000000
1.000000
1.000000
1.000000
1.000000
1.000000
1.000000
1.000000
1.000000
1.000000
1.000000
1.000000
1.000000
1.000000
1.000000
1.000000
1.000000
1.000000
1.000000
1.000000
1.000000
1.000000
1.000000
1.000000
1.000000
1.000000
1.000000
1.000000
1.000000
1.000000
1.000000
1.000000
1.000000
1.000000
1.000000
1.000000
1.000000
1.000000
1.000000
1.000000
1.000000
1.000000
1.000000
1.000000
1.000000
1.000000
1.000000
1.000000
1.000000
1.000000
1.000000
1.000000
1.000000
1.000000
1.000000
1.000000
1.000000
1.000000
1.000000
1.000000
1.000000
1.000000
1.000000
1.000000
1.000000
1.000000
1.000000
1.000000
1.000000
1.000000
1.000000
1.000000
1.000000
1.000000
1.000000
1.000000
1.000000
1.000000
1.000000
1.000000
1.000000
1.000000
1.000000
1.000000
1.000000
1.000000
1.000000
1.000000
1.000000
1.000000
1.000000
1.000000
1.000000
1.000000
1.000000
1.000000
1.000000
1.000000
1.000000
1.000000
1.000000
1.000000
1.000000
1.000000
1.000000
1.000000
1.000000
1.000000
1.000000
1.000000
1.000000
1.000000
1.000000
1.000000
1.000000
1.000000
1.000000
1.000000
1.000000
1.000000
1.000000
1.000000
1.000000
1.000000
1.000000
1.000000
1.000000
1.000000
1.000000
1.000000
1.000000
1.000000
1.000000
1.000000
1.000000
1.000000
1.000000
1.000000
1.000000
1.000000
1.000000
1.000000
1.000000
1.000000
1.000000
1.000000
1.000000
1.000000
1.000000
1.000000
1.000000
1.000000
1.000000
1.000000
1.000000
1.000000
1.000000
1.000000
1.000000
1.000000
1.000000
1.000000
1.000000
1.000000
1.000000
1.000000
1.000000
1.000000
1.000000
1.000000
1.000000
1.000000
1.000000
1.000000
1.000000
1.000000
1.000000
1.000000
1.000000
1.000000
1.000000
1.000000
1.000000
1.000000
1.000000
1.000000
1.000000
1.000000
1.000000
1.000000
1.000000
1.000000
1.000000
1.000000
1.000000
1.000000
1.000000
1.000000
1.000000
1.000000
1.000000
1.000000
1.000000
1.000000
1.000000
1.000000
1.000000
1.000000
1.000000
1.000000
1.000000
1.000010
1.000013
1.000027
1.000040
1.000056
1.000062
1.000063
1.000063
1.000063
1.000063
1.000061
1.000053
1.000042
1.000028
1.000015
1.000001
1.000000
1.000000
1.000000
1.000000
1.000000
1.000000
1.000000
1.000000
1.000000
1.000000
1.000000
1.000000
1.000000
1.000000
1.000000
1.000000
1.000000
1.000000
1.000000
1.000000
1.000000
1.000000
1.000000
1.000000
1.000013
1.000085
1.000216
1.000384
1.000518
1.000607
1.000648
1.000665
1.000674
1.000676
1.000672
1.000655
1.000589
1.000459
1.000290
1.000149
1.000063
1.000023
1.000009
1.000000
1.000000
1.000000
1.000000
1.000000
1.000000
1.000000
1.000000
1.000000
1.000000
1.000000
1.000000
1.000000
1.000000
1.000000
1.000000
1.000000
1.000000
1.000000
1.000000
1.000010
1.000049
1.000217
1.000733
1.001776
1.003066
1.004157
1.004857
1.005216
1.005369
1.005423
1.005441
1.005413
1.005272
1.004810
1.003783
1.002426
1.001256
1.000533
1.000190
1.000058
1.000014
1.000001
1.000000
1.000000
1.000000
1.000000
1.000000
1.000000
1.000000
1.000000
1.000000
1.000000
1.000000
1.000000
1.000000
1.000000
1.000000
1.000000
1.000000
1.000013
1.000053
1.000296
1.001292
1.004259
1.010133
1.017318
1.023458
1.027472
1.029597
1.030541
1.030900
1.030997
1.030876
1.030177
1.027778
1.022242
1.014570
1.007675
1.003292
1.001176
1.000358
1.000094
1.000021
1.000006
1.000000
1.000000
1.000000
1.000000
1.000000
1.000000
1.000000
1.000000
1.000000
1.000000
1.000000
1.000000
1.000000
1.000000
1.000000
1.000000
1.000027
1.000209
1.001148
1.004935
1.015899
1.036886
1.062136
1.083906
1.098626
1.106837
1.110727
1.112317
1.112819
1.112550
1.110485
1.103038
1.084795
1.057362
1.030958
1.013455
1.004833
1.001473
1.000389
1.000089
1.000020
1.000005
1.000000
1.000000
1.000000
1.000000
1.000000
1.000000
1.000000
1.000000
1.000000
1.000000
1.000000
1.000000
1.000000
1.000000
1.000013
1.000071
1.000479
1.002594
1.011024
1.034986
1.079828
1.133622
1.181123
1.214813
1.234879
1.245152
1.249728
1.251407
1.251233
1.247550
1.233436
1.196789
1.137013
1.075347
1.032906
1.011775
1.003564
1.000935
1.000217
1.000047
1.000011
1.000000
1.000000
1.000000
1.000000
1.000000
1.000000
1.000000
1.000000
1.000000
1.000000
1.000000
1.000000
1.000000
1.000000
1.000014
1.000116
1.000765
1.004141
1.017535
1.055324
1.125558
1.210803
1.288623
1.346748
1.383708
1.404099
1.413948
1.417996
1.418484
1.413532
1.393011
1.337002
1.239335
1.132814
1.057712
1.020399
1.006094
1.001578
1.000364
1.000076
1.000017
1.000002
1.000000
1.000000
1.000000
1.000000
1.000000
1.000000
1.000000
1.000000
1.000000
1.000000
1.000000
1.000000
1.000000
1.000019
1.000149
1.000985
1.005345
1.022662
1.071571
1.162925
1.276036
1.383047
1.466962
1.523524
1.556813
1.574036
1.581735
1.583594
1.577934
1.551996
1.478276
1.343280
1.190460
1.081737
1.028398
1.008345
1.002136
1.000488
1.000101
1.000021
1.000003
1.000000
1.000000
1.000000
1.000000
1.000000
1.000000
1.000000
1.000000
1.000000
1.000000
1.000000
1.000000
1.000000
1.000021
1.000169
1.001121
1.006082
1.025871
1.082055
1.188066
1.322180
1.453269
1.560439
1.636249
1.683265
1.708955
1.721172
1.724970
1.719103
1.688788
1.599922
1.431974
1.238092
1.100582
1.034331
1.009937
1.002513
1.000567
1.000117
1.000023
1.000003
1.000000
1.000000
1.000000
1.000000
1.000000
1.000000
1.000000
1.000000
1.000000
1.000000
1.000000
1.000000
1.000000
1.000021
1.000180
1.001188
1.006456
1.027541
1.087744
1.202495
1.350350
1.498713
1.624041
1.716074
1.775488
1.809317
1.826134
1.832059
1.826297
1.792543
1.691449
1.497118
1.271439
1.112964
1.037993
1.010869
1.002724
1.000611
1.000125
1.000024
1.000004
1.000000
1.000000
1.000000
1.000000
1.000000
1.000000
1.000000
1.000000
1.000000
1.000000
1.000000
1.000000
1.000000
1.000021
1.000182
1.001213
1.006616
1.028286
1.090410
1.209704
1.365428
1.524630
1.662300
1.766144
1.835136
1.875585
1.896315
1.904134
1.898586
1.862254
1.752019
1.538711
1.291520
1.119924
1.039922
1.011332
1.002826
1.000630
1.000128
1.000025
1.000004
1.000000
1.000000
1.000000
1.000000
1.000000
1.000000
1.000000
1.000000
1.000000
1.000000
1.000000
1.000000
1.000000
1.000021
1.000183
1.001225
1.006677
1.028576
1.091505
1.212877
1.372571
1.537747
1.682749
1.794062
1.869429
1.914473
1.938014
1.947235
1.941877
1.903757
1.787345
1.561928
1.302030
1.123318
1.040803
1.011533
1.002867
1.000638
1.000129
1.000025
1.000004
1.000000
1.000000
1.000000
1.000000
1.000000
1.000000
1.000000
1.000000
1.000000
1.000000
1.000000
1.000000
1.000000
1.000021
1.000183
1.001226
1.006694
1.028662
1.091866
1.214058
1.375503
1.543570
1.692389
1.807820
1.886863
1.934649
1.959914
1.970009
1.964765
1.925518
1.805379
1.573145
1.306721
1.124703
1.041131
1.011600
1.002881
1.000639
1.000129
1.000025
1.000004
1.000000
1.000000
1.000000
1.000000
1.000000
1.000000
1.000000
1.000000
1.000000
1.000000
1.000000
1.000000
1.000000
1.000021
1.000182
1.001220
1.006669
1.028563
1.091652
1.213863
1.375758
1.544880
1.695311
1.812621
1.893423
1.942563
1.968692
1.979222
1.973995
1.934044
1.811781
1.576175
1.307286
1.124571
1.041008
1.011554
1.002864
1.000635
1.000128
1.000024
1.000004
1.000000
1.000000
1.000000
1.000000
1.000000
1.000000
1.000000
1.000000
1.000000
1.000000
1.000000
1.000000
1.000000
1.000021
1.000175
1.001179
1.006459
1.027768
1.089498
1.209876
1.370181
1.538276
1.688212
1.805385
1.886213
1.935408
1.961560
1.972048
1.966582
1.925823
1.801831
1.565238
1.299022
1.120494
1.039532
1.011116
1.002753
1.000612
1.000123
1.000023
1.000003
1.000000
1.000000
1.000000
1.000000
1.000000
1.000000
1.000000
1.000000
1.000000
1.000000
1.000000
1.000000
1.000000
1.000018
1.000155
1.001026
1.005667
1.024640
1.080648
1.192466
1.344027
1.504559
1.648279
1.760440
1.837386
1.883801
1.908155
1.917509
1.910981
1.868346
1.742137
1.510630
1.263141
1.104193
1.033883
1.009488
1.002344
1.000520
1.000104
1.000019
1.000002
1.000000
1.000000
1.000000
1.000000
1.000000
1.000000
1.000000
1.000000
1.000000
1.000000
1.000000
1.000000
1.000000
1.000013
1.000111
1.000753
1.004209
1.018612
1.062418
1.153358
1.280470
1.417317
1.540092
1.634936
1.698694
1.736084
1.754962
1.761270
1.752843
1.709065
1.588051
1.386140
1.191084
1.074113
1.023930
1.006687
1.001649
1.000364
1.000072
1.000012
1.000000
1.000000
1.000000
1.000000
1.000000
1.000000
1.000000
1.000000
1.000000
1.000000
1.000000
1.000000
1.000000
1.000000
1.000007
1.000064
1.000458
1.002576
1.011575
1.039737
1.100407
1.187518
1.282046
1.365838
1.428670
1.469114
1.491603
1.502194
1.504667
1.495933
1.458908
1.365867
1.228806
1.109814
1.042232
1.013659
1.003831
1.000946
1.000207
1.000042
1.000005
1.000000
1.000000
1.000000
1.000000
1.000000
1.000000
1.000000
1.000000
1.000000
1.000000
1.000000
1.000000
1.000000
1.000000
1.000000
1.000031
1.000229
1.001302
1.005924
1.020667
1.053141
1.100124
1.150394
1.193396
1.223982
1.242446
1.252014
1.256121
1.256424
1.250438
1.228088
1.176291
1.107101
1.050901
1.019662
1.006411
1.001810
1.000449
1.000097
1.000019
1.000002
1.000000
1.000000
1.000000
1.000000
1.000000
1.000000
1.000000
1.000000
1.000000
1.000000
1.000000
1.000000
1.000000
1.000000
1.000000
1.000014
1.000094
1.000552
1.002533
1.008920
1.023092
1.043395
1.064438
1.081542
1.092950
1.099365
1.102451
1.103647
1.103471
1.100638
1.090772
1.069012
1.041507
1.019783
1.007714
1.002538
1.000721
1.000179
1.000039
1.000005
1.000000
1.000000
1.000000
1.000000
1.000000
1.000000
1.000000
1.000000
1.000000
1.000000
1.000000
1.000000
1.000000
1.000000
1.000000
1.000000
1.000001
1.000031
1.000199
1.000923
1.003266
1.008461
1.015771
1.023072
1.028705
1.032237
1.034096
1.034932
1.035223
1.035099
1.034059
1.030572
1.023082
1.013867
1.006648
1.002615
1.000867
1.000247
1.000060
1.000012
1.000000
1.000000
1.000000
1.000000
1.000000
1.000000
1.000000
1.000000
1.000000
1.000000
1.000000
1.000000
1.000000
1.000000
1.000000
1.000000
1.000000
1.000000
1.000011
1.000062
1.000291
1.001035
1.002678
1.004946
1.007135
1.008749
1.009709
1.010186
1.010389
1.010454
1.010404
1.010084
1.009031
1.006799
1.004089
1.001971
1.000780
1.000259
1.000074
1.000017
1.000001
1.000000
1.000000
1.000000
1.000000
1.000000
1.000000
1.000000
1.000000
1.000000
1.000000
1.000000
1.000000
1.000000
1.000000
1.000000
1.000000
1.000000
1.000000
1.000000
1.000016
1.000080
1.000288
1.000745
1.001365
1.001948
1.002360
1.002596
1.002708
1.002754
1.002769
1.002752
1.002665
1.002384
1.001793
1.001079
1.000521
1.000207
1.000068
1.000018
1.000002
1.000000
1.000000
1.000000
1.000000
1.000000
1.000000
1.000000
1.000000
1.000000
1.000000
1.000000
1.000000
1.000000
1.000000
1.000000
1.000000
1.000000
1.000000
1.000000
1.000000
1.000001
1.000018
1.000070
1.000184
1.000335
1.000474
1.000571
1.000623
1.000648
1.000659
1.000661
1.000657
1.000635
1.000568
1.000427
1.000256
1.000123
1.000049
1.000014
1.000001
1.000000
1.000000
1.000000
1.000000
1.000000
1.000000
1.000000
1.000000
1.000000
1.000000
1.000000
1.000000
1.000000
1.000000
1.000000
1.000000
1.000000
1.000000
1.000000
1.000000
1.000000
1.000000
1.000002
1.000013
1.000038
1.000071
1.000103
1.000123
1.000136
1.000141
1.000142
1.000142
1.000141
1.000137
1.000122
1.000093
1.000055
1.000025
1.000007
1.000000
1.000000
1.000000
1.000000
1.000000
1.000000
1.000000
1.000000
1.000000
1.000000
1.000000
1.000000
1.000000
1.000000
1.000000
1.000000
1.000000
1.000000
1.000000
1.000000
1.000000
1.000000
1.000000
1.000000
1.000000
1.000000
1.000006
1.000012
1.000018
1.000023
1.000025
1.000026
1.000026
1.000026
1.000026
1.000025
1.000021
1.000014
1.000007
1.000003
1.000000
1.000000
1.000000
1.000000
1.000000
1.000000
1.000000
1.000000
1.000000
1.000000
1.000000
1.000000
1.000000
1.000000
1.000000
1.000000
1.000000
1.000000
1.000000
1.000000
1.000000
1.000000
1.000000
1.000000
1.000000
1.000000
1.000000
1.000000
1.000000
1.000002
1.000002
1.000003
1.000003
1.000003
1.000003
1.000003
1.000003
1.000002
1.000000
1.000000
1.000000
1.000000
1.000000
1.000000
1.000000
1.000000
1.000000
1.000000
1.000000
1.000000
1.000000
1.000000
1.000000
1.000000
1.000000
1.000000
1.000000
1.000000
1.000000
1.000000
1.000000
1.000000
1.000000
1.000000
1.000000
1.000000
1.000000
1.000000
1.000000
1.000000
1.000000
1.000000
1.000000
1.000000
1.000000
1.000000
1.000000
1.000000
1.000000
1.000000
1.000000
1.000000
1.000000
1.000000
1.000000
1.000000
1.000000
1.000000
1.000000
1.000000
1.000000
1.000000
1.000000
1.000000
1.000000
1.000000
1.000000
1.000000
1.000000
1.000000
1.000000
1.000000
1.000000
1.000000
1.000000
1.000000
1.000000
1.000000
1.000000
1.000000
1.000000
1.000000
1.000000
1.000000
1.000000
1.000000
1.000000
1.000000
1.000000
1.000000
1.000000
1.000000
1.000000
1.000000
1.000000
1.000000
1.000000
1.000000
1.000000
1.000000
1.000000
1.000000
1.000000
1.000000
1.000000
1.000000
1.000000
1.000000
1.000000
1.000000
1.000000
1.000000
1.000000
1.000000
1.000000
1.000000
1.000000
1.000000
1.000000
1.000000
1.000000
1.000000
1.000000
1.000000
1.000000
1.000000
1.000000
1.000000
1.000000
1.000000
1.000000
1.000000
1.000000
1.000000
1.000000
1.000000
1.000000
1.000000
1.000000
1.000000
1.000000
1.000000
1.000000
1.000000
1.000000
1.000000
1.000000
1.000000
1.000000
1.000000
1.000000
1.000000
1.000000
1.000000
1.000000
1.000000
1.000000
1.000000
1.000000
1.000000
1.000000
1.000000
1.000000
1.000000
1.000000
1.000000
1.000000
1.000000
1.000000
1.000000
1.000000
1.000000
1.000000
1.000000
1.000000
1.000000
1.000000
1.000000
1.000000
1.000000
1.000000
1.000000
1.000000
1.000000
1.000000
1.000000
1.000000
1.000000
1.000000
1.000000
1.000000
1.000000
1.000000
1.000000
1.000000
1.000000
1.000000
1.000000
1.000000
1.000000
1.000000
1.000000
1.000000
1.000000
1.000000
1.000000
1.000000
1.000000
1.000000
1.000000
1.000000
1.000000
1.000000
1.000000
1.000000
1.000000
1.000000
1.000000
1.000000
1.000000
1.000000
1.000000
1.000000
1.000000
1.000000
1.000000
1.000000
1.000000
1.000000
1.000000
1.000000
1.000000
1.000000
1.000000
1.000000
1.000000
1.000000
1.000000
1.000000
1.000000
1.000000
1.000000
1.000000
1.000000
1.000000
1.000000
1.000000
1.000000
1.000000
1.000000
1.000000
1.000000
1.000000
1.000000
1.000000
1.000000
1.000000
1.000000
1.000000
1.000000
1.000000
1.000000
1.000000
1.000000
1.000000
1.000000
1.000000
1.000000
1.000000
1.000000
1.000000
1.000000
1.000000
1.000000
1.000000
1.000000
1.000000
1.000000
1.000000
1.000000
1.000000
1.000000
1.000000
1.000000
1.000000
1.000000
1.000000
1.000000
1.000000
1.000000
1.000000
1.000000
1.000000
1.000000
1.000000
1.000000
1.000000
1.000000
1.000000
1.000000
1.000000
1.000000
1.000000
1.000000
1.000000
1.000000
1.000000
1.000000
1.000000
1.000000
1.000000
1.000000
1.000000
1.000000
1.000000
1.000000
1.000000
1.000000
1.000000
1.000000
1.000000
1.000000
1.000000
1.000000
1.000000
1.000000
1.000000
1.000000
1.000000
1.000000
1.000000
1.000000
1.000000
1.000000
1.000000
1.000000
1.000000
1.000000
1.000000
1.000000
1.000000
1.000000
1.000000
1.000000
1.000000
1.000000
1.000000
1.000000
1.000000
1.000000
1.000000
1.000000
1.000000
1.000000
1.000000
1.000000
