1.000000
1.000000
1.000000
1.000000
1.000000
1.000000
1.000000
1.000000
1.000000
1.000000
1.000000
1.000000
1.000000
1.000000
1.000000
1.000000
1.000000
1.000000
1.000000
1.000000
1.000000
1.000000
1.000000
1.000000
1.000000
1.000000
1.000000
1.000000
1.000000
1.000000
1.000000
1.000000
1.000000
1.000000
1.000000
1.000000
1.000000
1.000000
1.000000
1.000000
1.000000
1.000000
1.000000
1.000000
1.000000
1.000000
1.000000
1.000000
1.000000
1.000000
1.000000
1.000000
1.000000
1.000000
1.000000
1.000000
1.000000
1.000000
1.000000
1.000000
1.000000
1.000000
1.000000
1.000000
1.000000
1.000000
1.000000
1.000000
1.000000
1.000000
1.000000
1.000000
1.000000
1.000000
1.000000
1.000000
1.000000
1.000000
1.000000
1.000000
1.000000
1.000000
1.000000
1.000000
1.000000
1.000000
1.000000
1.000000
1.000000
1.000000
1.000000
1.000000
1.000000
1.000000
1.000000
1.000000
1.000000
1.000000
1.000000
1.000000
1.000000
1.000000
1.000000
1.000000
1.000000
1.000000
1.000000
1.000000
1.000000
1.000000
1.000000
1.000000
1.000000
1.000000
1.000000
1.000000
1.000000
1.000000
1.000000
1.000000
1.000000
1.000000
1.000000
1.000000
1.000000
1.000000
1.000000
1.000000
1.000000
1.000000
1.000000
1.000000
1.000000
1.000000
1.000000
1.000000
1.000000
1.000000
1.000000
1.000000
1.000000
1.000000
1.000000
1.000000
1.000000
1.000000
1.000000
1.000000
1.000000
1.000000
1.000000
1.000000
1.000000
1.000000
1.000000
1.000000
1.000000
1.000000
1.000000
1.000000
1.000000
1.000000
1.000000
1.000000
1.000000
1.000000
1.000000
1.000000
1.000000
1.000000
1.000000
1.000000
1.000000
1.000000
1.000000
1.000000
1.000000
1.000000
1.000000
1.000000
1.000000
1.000000
1.000000
1.000000
1.000000
1.000000
1.000000
1.000000
1.000000
1.000000
1.000000
1.000000
1.000000
1.000000
1.000000
1.000000
1.000000
1.000000
1.000000
1.000000
1.000000
1.000000
1.000000
1.000000
1.000000
1.000000
1.000000
1.000000
1.000000
1.000000
1.000000
1.000000
1.000000
1.000000
1.000000
1.000000
1.000000
1.000000
1.000000
1.000000
1.000000
1.000000
1.000000
1.000000
1.000000
1.000000
1.000000
1.000000
1.000000
1.000000
1.000000
1.000000
1.000000
1.000000
1.000000
1.000000
1.000000
1.000000
1.000000
1.000000
1.000000
1.000000
1.000000
1.000000
1.000000
1.000000
1.000000
1.000000
1.000000
1.000000
1.000000
1.000000
1.000000
1.000000
1.000000
1.000010
1.000013
1.000027
1.000040
1.000056
1.000061
1.000062
1.000062
1.000062
1.000062
1.000060
1.000052
1.000041
1.000028
1.000014
1.000001
1.000000
1.000000
1.000000
1.000000
1.000000
1.000000
1.000000
1.000000
1.000000
1.000000
1.000000
1.000000
1.000000
1.000000
1.000000
1.000000
1.000000
1.000000
1.000000
1.000000
1.000000
1.000000
1.000000
1.000000
1.000013
1.000085
1.000216
1.000383
1.000517
1.000604
1.000645
1.000661
1.000671
1.000672
1.000668
1.000651
1.000585
1.000455
1.000286
1.000146
1.000061
1.000022
1.000008
1.000000
1.000000
1.000000
1.000000
1.000000
1.000000
1.000000
1.000000
1.000000
1.000000
1.000000
1.000000
1.000000
1.000000
1.000000
1.000000
1.000000
1.000000
1.000000
1.000000
1.000009
1.000048
1.000217
1.000736
1.001789
1.003088
1.004181
1.004878
1.005233
1.005383
1.005435
1.005452
1.005424
1.005283
1.004818
1.003780
1.002412
1.001241
1.000523
1.000184
1.000056
1.000014
1.000001
1.000000
1.000000
1.000000
1.000000
1.000000
1.000000
1.000000
1.000000
1.000000
1.000000
1.000000
1.000000
1.000000
1.000000
1.000000
1.000000
1.000000
1.000013
1.000053
1.000295
1.001299
1.004305
1.010275
1.017558
1.023751
1.027776
1.029893
1.030826
1.031179
1.031272
1.031150
1.030445
1.028011
1.022376
1.014590
1.007635
1.003250
1.001152
1.000348
1.000090
1.000020
1.000005
1.000000
1.000000
1.000000
1.000000
1.000000
1.000000
1.000000
1.000000
1.000000
1.000000
1.000000
1.000000
1.000000
1.000000
1.000000
1.000000
1.000026
1.000208
1.001151
1.004982
1.016137
1.037547
1.063237
1.085288
1.100120
1.108344
1.112217
1.113789
1.114281
1.114005
1.111913
1.104331
1.085686
1.057711
1.030947
1.013348
1.004756
1.001437
1.000376
1.000085
1.000019
1.000005
1.000000
1.000000
1.000000
1.000000
1.000000
1.000000
1.000000
1.000000
1.000000
1.000000
1.000000
1.000000
1.000000
1.000000
1.000013
1.000070
1.000476
1.002597
1.011114
1.035465
1.081153
1.135843
1.183951
1.217921
1.238052
1.248303
1.252842
1.254496
1.254304
1.250570
1.236202
1.198752
1.137777
1.075262
1.032606
1.011569
1.003471
1.000903
1.000208
1.000046
1.000010
1.000000
1.000000
1.000000
1.000000
1.000000
1.000000
1.000000
1.000000
1.000000
1.000000
1.000000
1.000000
1.000000
1.000000
1.000014
1.000114
1.000757
1.004134
1.017632
1.055940
1.127342
1.213856
1.292588
1.351168
1.388255
1.408615
1.418395
1.422388
1.422841
1.417813
1.396929
1.339734
1.240182
1.132334
1.057018
1.019977
1.005916
1.001518
1.000347
1.000072
1.000016
1.000001
1.000000
1.000000
1.000000
1.000000
1.000000
1.000000
1.000000
1.000000
1.000000
1.000000
1.000000
1.000000
1.000000
1.000018
1.000145
1.000973
1.005322
1.022728
1.072192
1.164865
1.279460
1.387580
1.472074
1.528796
1.562020
1.579116
1.586710
1.588500
1.582732
1.556338
1.481108
1.343648
1.189209
1.080482
1.027712
1.008072
1.002048
1.000464
1.000095
1.000019
1.000003
1.000000
1.000000
1.000000
1.000000
1.000000
1.000000
1.000000
1.000000
1.000000
1.000000
1.000000
1.000000
1.000000
1.000020
1.000165
1.001105
1.006044
1.025895
1.082608
1.189956
1.325616
1.457881
1.565661
1.641598
1.688469
1.713937
1.725970
1.729646
1.723633
1.692780
1.602156
1.431359
1.235840
1.098727
1.033398
1.009583
1.002402
1.000538
1.000111
1.000022
1.000003
1.000000
1.000000
1.000000
1.000000
1.000000
1.000000
1.000000
1.000000
1.000000
1.000000
1.000000
1.000000
1.000000
1.000021
1.000176
1.001169
1.006407
1.027530
1.088218
1.204264
1.353629
1.503133
1.629009
1.721067
1.780203
1.813677
1.830206
1.835939
1.829986
1.795633
1.692626
1.495284
1.268194
1.110599
1.036872
1.010459
1.002599
1.000578
1.000118
1.000022
1.000003
1.000000
1.000000
1.000000
1.000000
1.000000
1.000000
1.000000
1.000000
1.000000
1.000000
1.000000
1.000000
1.000000
1.000021
1.000178
1.001193
1.006561
1.028254
1.090828
1.211363
1.368529
1.528785
1.666891
1.770617
1.839170
1.879115
1.899440
1.906992
1.901210
1.864241
1.752031
1.535740
1.287488
1.117204
1.038683
1.010890
1.002694
1.000595
1.000120
1.000023
1.000003
1.000000
1.000000
1.000000
1.000000
1.000000
1.000000
1.000000
1.000000
1.000000
1.000000
1.000000
1.000000
1.000000
1.000021
1.000178
1.001204
1.006619
1.028533
1.091891
1.214465
1.375539
1.541683
1.687006
1.798061
1.872837
1.917237
1.940268
1.949155
1.943527
1.904755
1.786376
1.558104
1.297479
1.120391
1.039502
1.011074
1.002730
1.000602
1.000120
1.000023
1.000003
1.000000
1.000000
1.000000
1.000000
1.000000
1.000000
1.000000
1.000000
1.000000
1.000000
1.000000
1.000000
1.000000
1.000021
1.000178
1.001205
1.006635
1.028614
1.092238
1.215608
1.378393
1.547366
1.696418
1.811481
1.889816
1.936854
1.961527
1.971239
1.965701
1.925803
1.803736
1.568790
1.301884
1.121673
1.039802
1.011135
1.002743
1.000604
1.000121
1.000023
1.000003
1.000000
1.000000
1.000000
1.000000
1.000000
1.000000
1.000000
1.000000
1.000000
1.000000
1.000000
1.000000
1.000000
1.000021
1.000178
1.001200
1.006609
1.028513
1.092015
1.215389
1.378598
1.548585
1.699192
1.816062
1.896080
1.944402
1.969889
1.980005
1.974471
1.933875
1.809726
1.571525
1.302319
1.121508
1.039674
1.011089
1.002727
1.000599
1.000120
1.000023
1.000003
1.000000
1.000000
1.000000
1.000000
1.000000
1.000000
1.000000
1.000000
1.000000
1.000000
1.000000
1.000000
1.000000
1.000020
1.000170
1.001158
1.006398
1.027710
1.089823
1.211316
1.372880
1.541783
1.691835
1.808505
1.888491
1.936822
1.962302
1.972360
1.966581
1.925182
1.799340
1.560306
1.293994
1.117462
1.038227
1.010664
1.002620
1.000578
1.000115
1.000021
1.000003
1.000000
1.000000
1.000000
1.000000
1.000000
1.000000
1.000000
1.000000
1.000000
1.000000
1.000000
1.000000
1.000000
1.000018
1.000151
1.001006
1.005602
1.024537
1.080791
1.193483
1.346046
1.507153
1.650784
1.762277
1.838265
1.883752
1.907408
1.916327
1.909489
1.866223
1.738271
1.504853
1.257985
1.101293
1.032678
1.009079
1.002225
1.000490
1.000097
1.000017
1.000001
1.000000
1.000000
1.000000
1.000000
1.000000
1.000000
1.000000
1.000000
1.000000
1.000000
1.000000
1.000000
1.000000
1.000013
1.000107
1.000735
1.004142
1.018452
1.062263
1.153561
1.281040
1.417841
1.540000
1.633797
1.696384
1.732772
1.750961
1.756875
1.748201
1.703965
1.581842
1.379511
1.186262
1.071668
1.022964
1.006367
1.001557
1.000341
1.000067
1.000011
1.000000
1.000000
1.000000
1.000000
1.000000
1.000000
1.000000
1.000000
1.000000
1.000000
1.000000
1.000000
1.000000
1.000000
1.000006
1.000062
1.000444
1.002519
1.011402
1.039385
1.099902
1.186670
1.280451
1.363101
1.424623
1.463880
1.485498
1.495562
1.497783
1.488979
1.451951
1.358990
1.223057
1.106262
1.040567
1.013024
1.003625
1.000888
1.000193
1.000039
1.000005
1.000000
1.000000
1.000000
1.000000
1.000000
1.000000
1.000000
1.000000
1.000000
1.000000
1.000000
1.000000
1.000000
1.000000
1.000000
1.000030
1.000221
1.001264
1.005791
1.020327
1.052456
1.098842
1.148220
1.190162
1.219739
1.237421
1.246489
1.250331
1.250542
1.244623
1.222562
1.171424
1.103545
1.048883
1.018751
1.006069
1.001700
1.000418
1.000089
1.000017
1.000001
1.000000
1.000000
1.000000
1.000000
1.000000
1.000000
1.000000
1.000000
1.000000
1.000000
1.000000
1.000000
1.000000
1.000000
1.000000
1.000014
1.000090
1.000531
1.002456
1.008699
1.022599
1.042456
1.062915
1.079414
1.090316
1.096385
1.099274
1.100377
1.100184
1.097424
1.087800
1.066543
1.039812
1.018855
1.007302
1.002385
1.000672
1.000165
1.000036
1.000005
1.000000
1.000000
1.000000
1.000000
1.000000
1.000000
1.000000
1.000000
1.000000
1.000000
1.000000
1.000000
1.000000
1.000000
1.000000
1.000000
1.000000
1.000029
1.000189
1.000887
1.003158
1.008208
1.015291
1.022321
1.027700
1.031041
1.032781
1.033556
1.033822
1.033698
1.032697
1.029329
1.022078
1.013197
1.006288
1.002456
1.000808
1.000228
1.000055
1.000011
1.000000
1.000000
1.000000
1.000000
1.000000
1.000000
1.000000
1.000000
1.000000
1.000000
1.000000
1.000000
1.000000
1.000000
1.000000
1.000000
1.000000
1.000000
1.000010
1.000058
1.000277
1.000992
1.002574
1.004752
1.006840
1.008368
1.009267
1.009710
1.009897
1.009955
1.009907
1.009601
1.008593
1.006451
1.003861
1.001849
1.000727
1.000240
1.000067
1.000015
1.000001
1.000000
1.000000
1.000000
1.000000
1.000000
1.000000
1.000000
1.000000
1.000000
1.000000
1.000000
1.000000
1.000000
1.000000
1.000000
1.000000
1.000000
1.000000
1.000000
1.000015
1.000076
1.000273
1.000710
1.001300
1.001850
1.002238
1.002456
1.002559
1.002601
1.002615
1.002598
1.002516
1.002250
1.001687
1.001010
1.000485
1.000191
1.000062
1.000016
1.000001
1.000000
1.000000
1.000000
1.000000
1.000000
1.000000
1.000000
1.000000
1.000000
1.000000
1.000000
1.000000
1.000000
1.000000
1.000000
1.000000
1.000000
1.000000
1.000000
1.000000
1.000001
1.000017
1.000066
1.000173
1.000316
1.000447
1.000536
1.000584
1.000607
1.000617
1.000618
1.000615
1.000595
1.000531
1.000398
1.000238
1.000114
1.000045
1.000013
1.000001
1.000000
1.000000
1.000000
1.000000
1.000000
1.000000
1.000000
1.000000
1.000000
1.000000
1.000000
1.000000
1.000000
1.000000
1.000000
1.000000
1.000000
1.000000
1.000000
1.000000
1.000000
1.000000
1.000002
1.000012
1.000035
1.000066
1.000096
1.000114
1.000126
1.000130
1.000132
1.000132
1.000131
1.000127
1.000113
1.000086
1.000051
1.000022
1.000006
1.000000
1.000000
1.000000
1.000000
1.000000
1.000000
1.000000
1.000000
1.000000
1.000000
1.000000
1.000000
1.000000
1.000000
1.000000
1.000000
1.000000
1.000000
1.000000
1.000000
1.000000
1.000000
1.000000
1.000000
1.000000
1.000000
1.000006
1.000011
1.000017
1.000020
1.000023
1.000023
1.000023
1.000023
1.000023
1.000022
1.000019
1.000013
1.000006
1.000002
1.000000
1.000000
1.000000
1.000000
1.000000
1.000000
1.000000
1.000000
1.000000
1.000000
1.000000
1.000000
1.000000
1.000000
1.000000
1.000000
1.000000
1.000000
1.000000
1.000000
1.000000
1.000000
1.000000
1.000000
1.000000
1.000000
1.000000
1.000000
1.000000
1.000001
1.000002
1.000002
1.000002
1.000002
1.000002
1.000002
1.000002
1.000002
1.000000
1.000000
1.000000
1.000000
1.000000
1.000000
1.000000
1.000000
1.000000
1.000000
1.000000
1.000000
1.000000
1.000000
1.000000
1.000000
1.000000
1.000000
1.000000
1.000000
1.000000
1.000000
1.000000
1.000000
1.000000
1.000000
1.000000
1.000000
1.000000
1.000000
1.000000
1.000000
1.000000
1.000000
1.000000
1.000000
1.000000
1.000000
1.000000
1.000000
1.000000
1.000000
1.000000
1.000000
1.000000
1.000000
1.000000
1.000000
1.000000
1.000000
1.000000
1.000000
1.000000
1.000000
1.000000
1.000000
1.000000
1.000000
1.000000
1.000000
1.000000
1.000000
1.000000
1.000000
1.000000
1.000000
1.000000
1.000000
1.000000
1.000000
1.000000
1.000000
1.000000
1.000000
1.000000
1.000000
1.000000
1.000000
1.000000
1.000000
1.000000
1.000000
1.000000
1.000000
1.000000
1.000000
1.000000
1.000000
1.000000
1.000000
1.000000
1.000000
1.000000
1.000000
1.000000
1.000000
1.000000
1.000000
1.000000
1.000000
1.000000
1.000000
1.000000
1.000000
1.000000
1.000000
1.000000
1.000000
1.000000
1.000000
1.000000
1.000000
1.000000
1.000000
1.000000
1.000000
1.000000
1.000000
1.000000
1.000000
1.000000
1.000000
1.000000
1.000000
1.000000
1.000000
1.000000
1.000000
1.000000
1.000000
1.000000
1.000000
1.000000
1.000000
1.000000
1.000000
1.000000
1.000000
1.000000
1.000000
1.000000
1.000000
1.000000
1.000000
1.000000
1.000000
1.000000
1.000000
1.000000
1.000000
1.000000
1.000000
1.000000
1.000000
1.000000
1.000000
1.000000
1.000000
1.000000
1.000000
1.000000
1.000000
1.000000
1.000000
1.000000
1.000000
1.000000
1.000000
1.000000
1.000000
1.000000
1.000000
1.000000
1.000000
1.000000
1.000000
1.000000
1.000000
1.000000
1.000000
1.000000
1.000000
1.000000
1.000000
1.000000
1.000000
1.000000
1.000000
1.000000
1.000000
1.000000
1.000000
1.000000
1.000000
1.000000
1.000000
1.000000
1.000000
1.000000
1.000000
1.000000
1.000000
1.000000
1.000000
1.000000
1.000000
1.000000
1.000000
1.000000
1.000000
1.000000
1.000000
1.000000
1.000000
1.000000
1.000000
1.000000
1.000000
1.000000
1.000000
1.000000
1.000000
1.000000
1.000000
1.000000
1.000000
1.000000
1.000000
1.000000
1.000000
1.000000
1.000000
1.000000
1.000000
1.000000
1.000000
1.000000
1.000000
1.000000
1.000000
1.000000
1.000000
1.000000
1.000000
1.000000
1.000000
1.000000
1.000000
1.000000
1.000000
1.000000
1.000000
1.000000
1.000000
1.000000
1.000000
1.000000
1.000000
1.000000
1.000000
1.000000
1.000000
1.000000
1.000000
1.000000
1.000000
1.000000
1.000000
1.000000
1.000000
1.000000
1.000000
1.000000
1.000000
1.000000
1.000000
1.000000
1.000000
1.000000
1.000000
1.000000
1.000000
1.000000
1.000000
1.000000
1.000000
1.000000
1.000000
1.000000
1.000000
1.000000
1.000000
1.000000
1.000000
1.000000
1.000000
1.000000
1.000000
1.000000
1.000000
1.000000
1.000000
1.000000
1.000000
1.000000
1.000000
1.000000
1.000000
1.000000
1.000000
1.000000
1.000000
1.000000
1.000000
1.000000
1.000000
1.000000
1.000000
1.000000
1.000000
1.000000
1.000000
1.000000
1.000000
1.000000
1.000000
1.000000
1.000000
1.000000
1.000000
1.000000
1.000000
1.000000
1.000000
1.000000
1.000000
1.000000
1.000000
1.000000
1.000000
1.000000
1.000000
1.000000
1.000000
1.000000
1.000000
1.000000
1.000000
