1.000000
1.000000
1.000000
1.000000
1.000000
1.000000
1.000000
1.000000
1.000000
1.000000
1.000000
1.000000
1.000000
1.000000
1.000000
1.000000
1.000000
1.000000
1.000000
1.000000
1.000000
1.000000
1.000000
1.000000
1.000000
1.000000
1.000000
1.000000
1.000000
1.000000
1.000000
1.000000
1.000000
1.000000
1.000000
1.000000
1.000000
1.000000
1.000000
1.000000
1.000000
1.000000
1.000000
1.000000
1.000000
1.000000
1.000000
1.000000
1.000000
1.000000
1.000000
1.000000
1.000000
1.000000
1.000000
1.000000
1.000000
1.000000
1.000000
1.000000
1.000000
1.000000
1.000000
1.000000
1.000000
1.000000
1.000000
1.000000
1.000000
1.000000
1.000000
1.000000
1.000000
1.000000
1.000000
1.000000
1.000000
1.000000
1.000000
1.000000
1.000000
1.000000
1.000000
1.000000
1.000000
1.000000
1.000000
1.000000
1.000000
1.000000
1.000000
1.000000
1.000000
1.000000
1.000000
1.000000
1.000000
1.000000
1.000000
1.000000
1.000000
1.000000
1.000000
1.000000
1.000000
1.000000
1.000000
1.000000
1.000000
1.000000
1.000000
1.000000
1.000000
1.000000
1.000000
1.000000
1.000000
1.000000
1.000000
1.000000
1.000000
1.000000
1.000000
1.000000
1.000000
1.000000
1.000000
1.000000
1.000000
1.000000
1.000000
1.000000
1.000000
1.000000
1.000000
1.000000
1.000000
1.000000
1.000000
1.000000
1.000000
1.000000
1.000000
1.000000
1.000000
1.000000
1.000000
1.000000
1.000000
1.000000
1.000000
1.000000
1.000000
1.000000
1.000000
1.000000
1.000000
1.000000
1.000000
1.000000
1.000000
1.000000
1.000000
1.000000
1.000000
1.000000
1.000000
1.000000
1.000000
1.000000
1.000000
1.000000
1.000000
1.000000
1.000000
1.000000
1.000000
1.000000
1.000000
1.000000
1.000000
1.000000
1.000000
1.000000
1.000000
1.000000
1.000000
1.000000
1.000000
1.000000
1.000000
1.000000
1.000000
1.000000
1.000000
1.000000
1.000000
1.000000
1.000000
1.000000
1.000000
1.000000
1.000000
1.000000
1.000000
1.000000
1.000000
1.000000
1.000000
1.000000
1.000000
1.000000
1.000000
1.000000
1.000000
1.000000
1.000000
1.000000
1.000000
1.000000
1.000000
1.000000
1.000000
1.000000
1.000000
1.000000
1.000000
1.000000
1.000000
1.000000
1.000000
1.000000
1.000000
1.000000
1.000000
1.000000
1.000000
1.000000
1.000000
1.000000
1.000000
1.000000
1.000000
1.000000
1.000000
1.000000
1.000000
1.000000
1.000000
1.000000
1.000000
1.000000
1.000000
1.000000
1.000000
1.000010
1.000013
1.000027
1.000040
1.000051
1.000054
1.000055
1.000055
1.000055
1.000055
1.000054
1.000046
1.000036
1.000021
1.000010
1.000000
1.000000
1.000000
1.000000
1.000000
1.000000
1.000000
1.000000
1.000000
1.000000
1.000000
1.000000
1.000000
1.000000
1.000000
1.000000
1.000000
1.000000
1.000000
1.000000
1.000000
1.000000
1.000000
1.000000
1.000000
1.000013
1.000085
1.000214
1.000379
1.000508
1.000582
1.000619
1.000632
1.000638
1.000640
1.000636
1.000620
1.000556
1.000425
1.000256
1.000124
1.000051
1.000018
1.000005
1.000000
1.000000
1.000000
1.000000
1.000000
1.000000
1.000000
1.000000
1.000000
1.000000
1.000000
1.000000
1.000000
1.000000
1.000000
1.000000
1.000000
1.000000
1.000000
1.000000
1.000006
1.000044
1.000214
1.000755
1.001882
1.003242
1.004342
1.005008
1.005330
1.005458
1.005501
1.005515
1.005486
1.005344
1.004855
1.003735
1.002297
1.001125
1.000448
1.000149
1.000044
1.000011
1.000000
1.000000
1.000000
1.000000
1.000000
1.000000
1.000000
1.000000
1.000000
1.000000
1.000000
1.000000
1.000000
1.000000
1.000000
1.000000
1.000000
1.000000
1.000010
1.000049
1.000286
1.001342
1.004645
1.011366
1.019400
1.025970
1.030047
1.032087
1.032939
1.033244
1.033316
1.033185
1.032438
1.029737
1.023321
1.014664
1.007302
1.002935
1.000978
1.000277
1.000067
1.000015
1.000002
1.000000
1.000000
1.000000
1.000000
1.000000
1.000000
1.000000
1.000000
1.000000
1.000000
1.000000
1.000000
1.000000
1.000000
1.000000
1.000000
1.000023
1.000200
1.001166
1.005322
1.017983
1.042797
1.071974
1.096165
1.111788
1.120076
1.123796
1.125232
1.125650
1.125329
1.123038
1.114384
1.092471
1.060173
1.030705
1.012492
1.004180
1.001184
1.000290
1.000062
1.000015
1.000001
1.000000
1.000000
1.000000
1.000000
1.000000
1.000000
1.000000
1.000000
1.000000
1.000000
1.000000
1.000000
1.000000
1.000000
1.000012
1.000063
1.000451
1.002603
1.011755
1.039130
1.091583
1.153309
1.206050
1.242043
1.262575
1.272602
1.276845
1.278308
1.277998
1.273888
1.257502
1.213528
1.143008
1.074161
1.030220
1.010050
1.002823
1.000686
1.000148
1.000032
1.000007
1.000000
1.000000
1.000000
1.000000
1.000000
1.000000
1.000000
1.000000
1.000000
1.000000
1.000000
1.000000
1.000000
1.000000
1.000013
1.000100
1.000700
1.004058
1.018279
1.060562
1.141178
1.237574
1.323193
1.385059
1.422925
1.442930
1.452139
1.455716
1.455910
1.450319
1.426578
1.359787
1.245357
1.127867
1.051639
1.016925
1.004688
1.001126
1.000242
1.000049
1.000009
1.000000
1.000000
1.000000
1.000000
1.000000
1.000000
1.000000
1.000000
1.000000
1.000000
1.000000
1.000000
1.000000
1.000000
1.000015
1.000123
1.000881
1.005121
1.023115
1.076755
1.179728
1.305752
1.422164
1.510757
1.568376
1.600894
1.616934
1.623718
1.625000
1.618446
1.588474
1.501091
1.344433
1.178691
1.071046
1.022864
1.006231
1.001479
1.000314
1.000062
1.000011
1.000000
1.000000
1.000000
1.000000
1.000000
1.000000
1.000000
1.000000
1.000000
1.000000
1.000000
1.000000
1.000000
1.000000
1.000017
1.000139
1.000986
1.005729
1.025954
1.086602
1.204331
1.351786
1.492731
1.604680
1.681118
1.726557
1.750196
1.760813
1.763598
1.756522
1.721503
1.616856
1.424205
1.217892
1.085149
1.026935
1.007238
1.001700
1.000357
1.000069
1.000012
1.000000
1.000000
1.000000
1.000000
1.000000
1.000000
1.000000
1.000000
1.000000
1.000000
1.000000
1.000000
1.000000
1.000000
1.000017
1.000145
1.001032
1.006016
1.027337
1.091622
1.217679
1.378503
1.536304
1.665750
1.757402
1.814011
1.844622
1.858953
1.863306
1.855989
1.817052
1.698950
1.478924
1.243269
1.093672
1.029241
1.007779
1.001816
1.000378
1.000072
1.000013
1.000000
1.000000
1.000000
1.000000
1.000000
1.000000
1.000000
1.000000
1.000000
1.000000
1.000000
1.000000
1.000000
1.000000
1.000017
1.000146
1.001049
1.006132
1.027913
1.093827
1.223961
1.392039
1.559889
1.700639
1.802805
1.867583
1.903541
1.920837
1.926498
1.919075
1.877304
1.749678
1.511256
1.257299
1.098055
1.030353
1.008027
1.001864
1.000387
1.000073
1.000013
1.000000
1.000000
1.000000
1.000000
1.000000
1.000000
1.000000
1.000000
1.000000
1.000000
1.000000
1.000000
1.000000
1.000000
1.000017
1.000147
1.001056
1.006172
1.028121
1.094673
1.226557
1.398085
1.571164
1.718249
1.826673
1.896551
1.935977
1.955254
1.961811
1.954332
1.910711
1.777088
1.527844
1.264009
1.100005
1.030817
1.008126
1.001882
1.000389
1.000073
1.000013
1.000000
1.000000
1.000000
1.000000
1.000000
1.000000
1.000000
1.000000
1.000000
1.000000
1.000000
1.000000
1.000000
1.000000
1.000017
1.000147
1.001056
1.006183
1.028174
1.094921
1.227444
1.400393
1.575844
1.726020
1.837666
1.910283
1.951627
1.972027
1.979097
1.971577
1.926877
1.789920
1.535115
1.266694
1.100708
1.030967
1.008153
1.001887
1.000390
1.000073
1.000013
1.000000
1.000000
1.000000
1.000000
1.000000
1.000000
1.000000
1.000000
1.000000
1.000000
1.000000
1.000000
1.000000
1.000000
1.000017
1.000146
1.001051
1.006155
1.028062
1.094639
1.227058
1.400248
1.576428
1.727754
1.840714
1.914500
1.956687
1.977583
1.984872
1.977291
1.931963
1.793255
1.536056
1.266409
1.100387
1.030828
1.008110
1.001876
1.000387
1.000072
1.000013
1.000000
1.000000
1.000000
1.000000
1.000000
1.000000
1.000000
1.000000
1.000000
1.000000
1.000000
1.000000
1.000000
1.000000
1.000017
1.000140
1.001011
1.005943
1.027201
1.092166
1.222314
1.393435
1.568096
1.718414
1.830728
1.904093
1.946004
1.966720
1.973866
1.966020
1.919941
1.779849
1.523033
1.257849
1.096642
1.029595
1.007774
1.001796
1.000372
1.000069
1.000012
1.000000
1.000000
1.000000
1.000000
1.000000
1.000000
1.000000
1.000000
1.000000
1.000000
1.000000
1.000000
1.000000
1.000000
1.000014
1.000122
1.000862
1.005114
1.023690
1.081678
1.201018
1.360999
1.525927
1.668177
1.774036
1.842567
1.881211
1.899972
1.905989
1.897134
1.849319
1.708174
1.461559
1.221303
1.081573
1.024786
1.006487
1.001496
1.000309
1.000056
1.000009
1.000000
1.000000
1.000000
1.000000
1.000000
1.000000
1.000000
1.000000
1.000000
1.000000
1.000000
1.000000
1.000000
1.000000
1.000009
1.000081
1.000607
1.003648
1.017202
1.060866
1.154628
1.284366
1.420015
1.536692
1.622053
1.675772
1.704979
1.718484
1.721874
1.711727
1.664503
1.534781
1.331285
1.152860
1.055413
1.016759
1.004381
1.001007
1.000207
1.000039
1.000005
1.000000
1.000000
1.000000
1.000000
1.000000
1.000000
1.000000
1.000000
1.000000
1.000000
1.000000
1.000000
1.000000
1.000000
1.000003
1.000045
1.000349
1.002112
1.010116
1.036638
1.095731
1.179418
1.266972
1.340645
1.392387
1.423231
1.438985
1.445694
1.446442
1.437458
1.400953
1.309548
1.183135
1.082529
1.029814
1.009051
1.002376
1.000548
1.000111
1.000020
1.000002
1.000000
1.000000
1.000000
1.000000
1.000000
1.000000
1.000000
1.000000
1.000000
1.000000
1.000000
1.000000
1.000000
1.000000
1.000000
1.000021
1.000164
1.001000
1.004847
1.017822
1.047302
1.089099
1.131809
1.166122
1.188755
1.201310
1.207253
1.209532
1.209278
1.203981
1.184234
1.138197
1.079907
1.035870
1.013050
1.003995
1.001055
1.000244
1.000049
1.000007
1.000000
1.000000
1.000000
1.000000
1.000000
1.000000
1.000000
1.000000
1.000000
1.000000
1.000000
1.000000
1.000000
1.000000
1.000000
1.000000
1.000008
1.000060
1.000394
1.001930
1.007155
1.019090
1.035754
1.052136
1.064562
1.072211
1.076151
1.077881
1.078472
1.078220
1.075996
1.068086
1.050376
1.028954
1.013067
1.004800
1.001482
1.000393
1.000090
1.000018
1.000001
1.000000
1.000000
1.000000
1.000000
1.000000
1.000000
1.000000
1.000000
1.000000
1.000000
1.000000
1.000000
1.000000
1.000000
1.000000
1.000000
1.000000
1.000019
1.000132
1.000653
1.002432
1.006485
1.012028
1.017262
1.021021
1.023194
1.024242
1.024673
1.024804
1.024695
1.023952
1.021379
1.015733
1.009047
1.004109
1.001521
1.000472
1.000125
1.000028
1.000003
1.000000
1.000000
1.000000
1.000000
1.000000
1.000000
1.000000
1.000000
1.000000
1.000000
1.000000
1.000000
1.000000
1.000000
1.000000
1.000000
1.000000
1.000000
1.000004
1.000035
1.000190
1.000714
1.001901
1.003493
1.004943
1.005937
1.006484
1.006732
1.006828
1.006858
1.006820
1.006610
1.005890
1.004325
1.002492
1.001137
1.000423
1.000131
1.000034
1.000007
1.000000
1.000000
1.000000
1.000000
1.000000
1.000000
1.000000
1.000000
1.000000
1.000000
1.000000
1.000000
1.000000
1.000000
1.000000
1.000000
1.000000
1.000000
1.000000
1.000000
1.000008
1.000049
1.000183
1.000490
1.000892
1.001249
1.001485
1.001609
1.001662
1.001684
1.001690
1.001678
1.001626
1.001448
1.001062
1.000612
1.000279
1.000103
1.000031
1.000007
1.000000
1.000000
1.000000
1.000000
1.000000
1.000000
1.000000
1.000000
1.000000
1.000000
1.000000
1.000000
1.000000
1.000000
1.000000
1.000000
1.000000
1.000000
1.000000
1.000000
1.000000
1.000000
1.000008
1.000041
1.000111
1.000202
1.000281
1.000331
1.000358
1.000371
1.000373
1.000374
1.000372
1.000359
1.000320
1.000235
1.000134
1.000061
1.000020
1.000004
1.000000
1.000000
1.000000
1.000000
1.000000
1.000000
1.000000
1.000000
1.000000
1.000000
1.000000
1.000000
1.000000
1.000000
1.000000
1.000000
1.000000
1.000000
1.000000
1.000000
1.000000
1.000000
1.000000
1.000000
1.000006
1.000020
1.000039
1.000056
1.000067
1.000071
1.000073
1.000074
1.000074
1.000073
1.000071
1.000062
1.000046
1.000025
1.000009
1.000002
1.000000
1.000000
1.000000
1.000000
1.000000
1.000000
1.000000
1.000000
1.000000
1.000000
1.000000
1.000000
1.000000
1.000000
1.000000
1.000000
1.000000
1.000000
1.000000
1.000000
1.000000
1.000000
1.000000
1.000000
1.000000
1.000000
1.000002
1.000006
1.000008
1.000010
1.000010
1.000010
1.000010
1.000010
1.000010
1.000010
1.000009
1.000005
1.000002
1.000000
1.000000
1.000000
1.000000
1.000000
1.000000
1.000000
1.000000
1.000000
1.000000
1.000000
1.000000
1.000000
1.000000
1.000000
1.000000
1.000000
1.000000
1.000000
1.000000
1.000000
1.000000
1.000000
1.000000
1.000000
1.000000
1.000000
1.000000
1.000000
1.000000
1.000000
1.000000
1.000000
1.000000
1.000000
1.000000
1.000000
1.000000
1.000000
1.000000
1.000000
1.000000
1.000000
1.000000
1.000000
1.000000
1.000000
1.000000
1.000000
1.000000
1.000000
1.000000
1.000000
1.000000
1.000000
1.000000
1.000000
1.000000
1.000000
1.000000
1.000000
1.000000
1.000000
1.000000
1.000000
1.000000
1.000000
1.000000
1.000000
1.000000
1.000000
1.000000
1.000000
1.000000
1.000000
1.000000
1.000000
1.000000
1.000000
1.000000
1.000000
1.000000
1.000000
1.000000
1.000000
1.000000
1.000000
1.000000
1.000000
1.000000
1.000000
1.000000
1.000000
1.000000
1.000000
1.000000
1.000000
1.000000
1.000000
1.000000
1.000000
1.000000
1.000000
1.000000
1.000000
1.000000
1.000000
1.000000
1.000000
1.000000
1.000000
1.000000
1.000000
1.000000
1.000000
1.000000
1.000000
1.000000
1.000000
1.000000
1.000000
1.000000
1.000000
1.000000
1.000000
1.000000
1.000000
1.000000
1.000000
1.000000
1.000000
1.000000
1.000000
1.000000
1.000000
1.000000
1.000000
1.000000
1.000000
1.000000
1.000000
1.000000
1.000000
1.000000
1.000000
1.000000
1.000000
1.000000
1.000000
1.000000
1.000000
1.000000
1.000000
1.000000
1.000000
1.000000
1.000000
1.000000
1.000000
1.000000
1.000000
1.000000
1.000000
1.000000
1.000000
1.000000
1.000000
1.000000
1.000000
1.000000
1.000000
1.000000
1.000000
1.000000
1.000000
1.000000
1.000000
1.000000
1.000000
1.000000
1.000000
1.000000
1.000000
1.000000
1.000000
1.000000
1.000000
1.000000
1.000000
1.000000
1.000000
1.000000
1.000000
1.000000
1.000000
1.000000
1.000000
1.000000
1.000000
1.000000
1.000000
1.000000
1.000000
1.000000
1.000000
1.000000
1.000000
1.000000
1.000000
1.000000
1.000000
1.000000
1.000000
1.000000
1.000000
1.000000
1.000000
1.000000
1.000000
1.000000
1.000000
1.000000
1.000000
1.000000
1.000000
1.000000
1.000000
1.000000
1.000000
1.000000
1.000000
1.000000
1.000000
1.000000
1.000000
1.000000
1.000000
1.000000
1.000000
1.000000
1.000000
1.000000
1.000000
1.000000
1.000000
1.000000
1.000000
1.000000
1.000000
1.000000
1.000000
1.000000
1.000000
1.000000
1.000000
1.000000
1.000000
1.000000
1.000000
1.000000
1.000000
1.000000
1.000000
1.000000
1.000000
1.000000
1.000000
1.000000
1.000000
1.000000
1.000000
1.000000
1.000000
1.000000
1.000000
1.000000
1.000000
1.000000
1.000000
1.000000
1.000000
1.000000
1.000000
1.000000
1.000000
1.000000
1.000000
1.000000
1.000000
1.000000
1.000000
1.000000
1.000000
1.000000
1.000000
1.000000
1.000000
1.000000
1.000000
1.000000
1.000000
1.000000
1.000000
1.000000
1.000000
1.000000
1.000000
1.000000
1.000000
1.000000
1.000000
1.000000
1.000000
1.000000
1.000000
1.000000
1.000000
1.000000
1.000000
1.000000
1.000000
1.000000
1.000000
1.000000
1.000000
1.000000
1.000000
1.000000
1.000000
1.000000
1.000000
1.000000
1.000000
1.000000
1.000000
1.000000
1.000000
1.000000
1.000000
1.000000
1.000000
1.000000
1.000000
1.000000
1.000000
1.000000
1.000000
1.000000
1.000000
1.000000
1.000000
1.000000
1.000000
1.000000
1.000000
1.000000
1.000000
1.000000
1.000000
1.000000
1.000000
1.000000
1.000000
1.000000
1.000000
1.000000
1.000000
1.000000
1.000000
1.000000
1.000000
1.000000
1.000000
1.000000
1.000000
1.000000
1.000000
1.000000
1.000000
1.000000
1.000000
1.000000
1.000000
1.000000
1.000000
1.000000
1.000000
