1.000000
1.000000
1.000000
1.000000
1.000000
1.000000
1.000000
1.000000
1.000000
1.000000
1.000000
1.000000
1.000000
1.000000
1.000000
1.000000
1.000000
1.000000
1.000000
1.000000
1.000000
1.000000
1.000000
1.000000
1.000000
1.000000
1.000000
1.000000
1.000000
1.000000
1.000000
1.000000
1.000000
1.000000
1.000000
1.000000
1.000000
1.000000
1.000000
1.000000
1.000000
1.000000
1.000000
1.000000
1.000000
1.000000
1.000000
1.000000
1.000000
1.000000
1.000000
1.000000
1.000000
1.000000
1.000000
1.000000
1.000000
1.000000
1.000000
1.000000
1.000000
1.000000
1.000000
1.000000
1.000000
1.000000
1.000000
1.000000
1.000000
1.000000
1.000000
1.000000
1.000000
1.000000
1.000000
1.000000
1.000000
1.000000
1.000000
1.000000
1.000000
1.000000
1.000000
1.000000
1.000000
1.000000
1.000000
1.000000
1.000000
1.000000
1.000000
1.000000
1.000000
1.000000
1.000000
1.000000
1.000000
1.000000
1.000000
1.000000
1.000000
1.000000
1.000000
1.000000
1.000000
1.000000
1.000000
1.000000
1.000000
1.000000
1.000000
1.000000
1.000000
1.000000
1.000000
1.000000
1.000000
1.000000
1.000000
1.000000
1.000000
1.000000
1.000000
1.000000
1.000000
1.000000
1.000000
1.000000
1.000000
1.000000
1.000000
1.000000
1.000000
1.000000
1.000000
1.000000
1.000000
1.000000
1.000000
1.000000
1.000000
1.000000
1.000000
1.000000
1.000000
1.000000
1.000000
1.000000
1.000000
1.000000
1.000000
1.000000
1.000000
1.000000
1.000000
1.000000
1.000000
1.000000
1.000000
1.000000
1.000000
1.000000
1.000000
1.000000
1.000000
1.000000
1.000000
1.000000
1.000000
1.000000
1.000000
1.000000
1.000000
1.000000
1.000000
1.000000
1.000000
1.000000
1.000000
1.000000
1.000000
1.000000
1.000000
1.000000
1.000000
1.000000
1.000000
1.000000
1.000000
1.000000
1.000000
1.000000
1.000000
1.000000
1.000000
1.000000
1.000000
1.000000
1.000000
1.000000
1.000000
1.000000
1.000000
1.000000
1.000000
1.000000
1.000000
1.000000
1.000000
1.000000
1.000000
1.000000
1.000000
1.000000
1.000000
1.000000
1.000000
1.000000
1.000000
1.000000
1.000000
1.000000
1.000000
1.000000
1.000000
1.000000
1.000000
1.000000
1.000000
1.000000
1.000000
1.000000
1.000000
1.000000
1.000000
1.000000
1.000000
1.000000
1.000000
1.000000
1.000000
1.000000
1.000000
1.000000
1.000000
1.000000
1.000000
1.000000
1.000000
1.000000
1.000000
1.000000
1.000000
1.000000
1.000000
1.000002
1.000013
1.000025
1.000031
1.000034
1.000034
1.000035
1.000035
1.000035
1.000035
1.000034
1.000030
1.000019
1.000011
1.000000
1.000000
1.000000
1.000000
1.000000
1.000000
1.000000
1.000000
1.000000
1.000000
1.000000
1.000000
1.000000
1.000000
1.000000
1.000000
1.000000
1.000000
1.000000
1.000000
1.000000
1.000000
1.000000
1.000000
1.000000
1.000000
1.000013
1.000071
1.000197
1.000336
1.000432
1.000477
1.000495
1.000502
1.000502
1.000503
1.000501
1.000487
1.000436
1.000306
1.000160
1.000064
1.000021
1.000006
1.000000
1.000000
1.000000
1.000000
1.000000
1.000000
1.000000
1.000000
1.000000
1.000000
1.000000
1.000000
1.000000
1.000000
1.000000
1.000000
1.000000
1.000000
1.000000
1.000000
1.000000
1.000000
1.000025
1.000183
1.000759
1.002105
1.003582
1.004604
1.005119
1.005324
1.005388
1.005407
1.005412
1.005389
1.005260
1.004722
1.003349
1.001780
1.000724
1.000234
1.000061
1.000015
1.000001
1.000000
1.000000
1.000000
1.000000
1.000000
1.000000
1.000000
1.000000
1.000000
1.000000
1.000000
1.000000
1.000000
1.000000
1.000000
1.000000
1.000000
1.000000
1.000000
1.000032
1.000242
1.001388
1.005680
1.015375
1.025986
1.033476
1.037391
1.039018
1.039580
1.039742
1.039767
1.039634
1.038789
1.035170
1.025561
1.013914
1.005742
1.001868
1.000497
1.000112
1.000020
1.000004
1.000000
1.000000
1.000000
1.000000
1.000000
1.000000
1.000000
1.000000
1.000000
1.000000
1.000000
1.000000
1.000000
1.000000
1.000000
1.000000
1.000000
1.000013
1.000154
1.001133
1.006302
1.025044
1.065322
1.108865
1.140559
1.158197
1.166147
1.169145
1.170109
1.170322
1.169907
1.166990
1.153916
1.116564
1.066030
1.027866
1.009145
1.002442
1.000549
1.000105
1.000019
1.000003
1.000000
1.000000
1.000000
1.000000
1.000000
1.000000
1.000000
1.000000
1.000000
1.000000
1.000000
1.000000
1.000000
1.000000
1.000000
1.000002
1.000037
1.000336
1.002412
1.013323
1.052284
1.134271
1.224314
1.293340
1.334870
1.355439
1.364035
1.367112
1.367970
1.367374
1.362081
1.337421
1.262887
1.152665
1.064746
1.021067
1.005555
1.001234
1.000238
1.000043
1.000007
1.000000
1.000000
1.000000
1.000000
1.000000
1.000000
1.000000
1.000000
1.000000
1.000000
1.000000
1.000000
1.000000
1.000000
1.000000
1.000006
1.000054
1.000486
1.003489
1.019296
1.075703
1.194588
1.329179
1.438155
1.508593
1.546458
1.563714
1.570464
1.572626
1.572131
1.564813
1.529559
1.418862
1.245414
1.103156
1.032955
1.008533
1.001867
1.000357
1.000061
1.000010
1.000000
1.000000
1.000000
1.000000
1.000000
1.000000
1.000000
1.000000
1.000000
1.000000
1.000000
1.000000
1.000000
1.000000
1.000000
1.000007
1.000065
1.000571
1.004131
1.022941
1.090478
1.234544
1.402947
1.545946
1.643892
1.700006
1.727317
1.738725
1.742700
1.742574
1.733703
1.689735
1.548556
1.320632
1.132660
1.041527
1.010565
1.002282
1.000430
1.000073
1.000011
1.000000
1.000000
1.000000
1.000000
1.000000
1.000000
1.000000
1.000000
1.000000
1.000000
1.000000
1.000000
1.000000
1.000000
1.000000
1.000007
1.000068
1.000609
1.004429
1.024683
1.097898
1.256043
1.445734
1.612685
1.731982
1.803517
1.839974
1.855901
1.861748
1.862103
1.852105
1.801503
1.637344
1.369706
1.150568
1.046363
1.011644
1.002490
1.000466
1.000078
1.000012
1.000000
1.000000
1.000000
1.000000
1.000000
1.000000
1.000000
1.000000
1.000000
1.000000
1.000000
1.000000
1.000000
1.000000
1.000000
1.000007
1.000069
1.000624
1.004541
1.025369
1.100991
1.265763
1.466756
1.647835
1.780866
1.863038
1.906174
1.925560
1.932897
1.933670
1.922913
1.867759
1.688372
1.396187
1.159485
1.048595
1.012111
1.002579
1.000480
1.000080
1.000012
1.000000
1.000000
1.000000
1.000000
1.000000
1.000000
1.000000
1.000000
1.000000
1.000000
1.000000
1.000000
1.000000
1.000000
1.000000
1.000007
1.000069
1.000627
1.004578
1.025598
1.102093
1.269534
1.475646
1.663788
1.804229
1.892485
1.939614
1.961138
1.969424
1.970471
1.959253
1.901368
1.713278
1.408237
1.163226
1.049464
1.012282
1.002607
1.000484
1.000080
1.000012
1.000000
1.000000
1.000000
1.000000
1.000000
1.000000
1.000000
1.000000
1.000000
1.000000
1.000000
1.000000
1.000000
1.000000
1.000000
1.000007
1.000069
1.000628
1.004587
1.025665
1.102434
1.270807
1.478922
1.670091
1.813933
1.905122
1.954245
1.976863
1.985641
1.986832
1.975370
1.916076
1.723722
1.412936
1.164572
1.049753
1.012337
1.002616
1.000485
1.000080
1.000012
1.000000
1.000000
1.000000
1.000000
1.000000
1.000000
1.000000
1.000000
1.000000
1.000000
1.000000
1.000000
1.000000
1.000000
1.000000
1.000007
1.000069
1.000627
1.004586
1.025667
1.102493
1.271114
1.479881
1.672153
1.817322
1.909709
1.959669
1.982755
1.991746
1.992998
1.981421
1.921493
1.727335
1.414376
1.164917
1.049812
1.012344
1.002616
1.000485
1.000080
1.000012
1.000000
1.000000
1.000000
1.000000
1.000000
1.000000
1.000000
1.000000
1.000000
1.000000
1.000000
1.000000
1.000000
1.000000
1.000000
1.000007
1.000068
1.000625
1.004565
1.025547
1.102091
1.270335
1.478875
1.671159
1.816512
1.909124
1.959256
1.982438
1.991471
1.992726
1.981079
1.920853
1.726023
1.412912
1.164104
1.049528
1.012268
1.002599
1.000482
1.000079
1.000012
1.000000
1.000000
1.000000
1.000000
1.000000
1.000000
1.000000
1.000000
1.000000
1.000000
1.000000
1.000000
1.000000
1.000000
1.000000
1.000007
1.000065
1.000595
1.004370
1.024555
1.098646
1.262940
1.467660
1.656797
1.799704
1.890542
1.939525
1.962065
1.970786
1.971889
1.960062
1.899432
1.704842
1.397151
1.156726
1.047140
1.011660
1.002469
1.000458
1.000075
1.000011
1.000000
1.000000
1.000000
1.000000
1.000000
1.000000
1.000000
1.000000
1.000000
1.000000
1.000000
1.000000
1.000000
1.000000
1.000000
1.000004
1.000051
1.000473
1.003491
1.019918
1.081935
1.225022
1.407645
1.577584
1.705192
1.784988
1.827014
1.845812
1.852812
1.853167
1.840814
1.780105
1.593259
1.320615
1.122945
1.036513
1.008986
1.001898
1.000352
1.000058
1.000008
1.000000
1.000000
1.000000
1.000000
1.000000
1.000000
1.000000
1.000000
1.000000
1.000000
1.000000
1.000000
1.000000
1.000000
1.000000
1.000000
1.000029
1.000286
1.002159
1.012551
1.053177
1.151832
1.281393
1.401839
1.489910
1.542531
1.568703
1.579692
1.583440
1.582811
1.571641
1.520539
1.376242
1.192767
1.072087
1.021293
1.005242
1.001107
1.000203
1.000034
1.000004
1.000000
1.000000
1.000000
1.000000
1.000000
1.000000
1.000000
1.000000
1.000000
1.000000
1.000000
1.000000
1.000000
1.000000
1.000000
1.000000
1.000014
1.000133
1.001036
1.006111
1.026452
1.077508
1.144870
1.205689
1.247706
1.271018
1.281703
1.285832
1.287067
1.286307
1.279477
1.250061
1.173423
1.086254
1.032100
1.009534
1.002361
1.000501
1.000090
1.000014
1.000000
1.000000
1.000000
1.000000
1.000000
1.000000
1.000000
1.000000
1.000000
1.000000
1.000000
1.000000
1.000000
1.000000
1.000000
1.000000
1.000000
1.000003
1.000049
1.000396
1.002364
1.010352
1.030637
1.056871
1.079379
1.093842
1.101228
1.104339
1.105445
1.105726
1.105337
1.102531
1.090850
1.061759
1.030504
1.011425
1.003424
1.000853
1.000180
1.000033
1.000003
1.000000
1.000000
1.000000
1.000000
1.000000
1.000000
1.000000
1.000000
1.000000
1.000000
1.000000
1.000000
1.000000
1.000000
1.000000
1.000000
1.000000
1.000000
1.000015
1.000124
1.000750
1.003305
1.009795
1.017947
1.024578
1.028558
1.030445
1.031181
1.031425
1.031476
1.031343
1.030469
1.026889
1.018148
1.008976
1.003388
1.001023
1.000256
1.000053
1.000009
1.000000
1.000000
1.000000
1.000000
1.000000
1.000000
1.000000
1.000000
1.000000
1.000000
1.000000
1.000000
1.000000
1.000000
1.000000
1.000000
1.000000
1.000000
1.000000
1.000001
1.000030
1.000200
1.000888
1.002628
1.004754
1.006405
1.007342
1.007760
1.007914
1.007962
1.007973
1.007935
1.007709
1.006793
1.004574
1.002267
1.000860
1.000260
1.000065
1.000012
1.000000
1.000000
1.000000
1.000000
1.000000
1.000000
1.000000
1.000000
1.000000
1.000000
1.000000
1.000000
1.000000
1.000000
1.000000
1.000000
1.000000
1.000000
1.000000
1.000000
1.000000
1.000006
1.000045
1.000204
1.000606
1.001086
1.001445
1.001640
1.001723
1.001752
1.001762
1.001764
1.001754
1.001704
1.001500
1.001009
1.000501
1.000190
1.000057
1.000013
1.000000
1.000000
1.000000
1.000000
1.000000
1.000000
1.000000
1.000000
1.000000
1.000000
1.000000
1.000000
1.000000
1.000000
1.000000
1.000000
1.000000
1.000000
1.000000
1.000000
1.000000
1.000000
1.000000
1.000006
1.000040
1.000121
1.000217
1.000286
1.000323
1.000339
1.000344
1.000345
1.000345
1.000343
1.000333
1.000294
1.000197
1.000097
1.000037
1.000009
1.000000
1.000000
1.000000
1.000000
1.000000
1.000000
1.000000
1.000000
1.000000
1.000000
1.000000
1.000000
1.000000
1.000000
1.000000
1.000000
1.000000
1.000000
1.000000
1.000000
1.000000
1.000000
1.000000
1.000000
1.000000
1.000005
1.000020
1.000037
1.000051
1.000056
1.000059
1.000059
1.000059
1.000059
1.000059
1.000057
1.000050
1.000033
1.000014
1.000004
1.000000
1.000000
1.000000
1.000000
1.000000
1.000000
1.000000
1.000000
1.000000
1.000000
1.000000
1.000000
1.000000
1.000000
1.000000
1.000000
1.000000
1.000000
1.000000
1.000000
1.000000
1.000000
1.000000
1.000000
1.000000
1.000000
1.000000
1.000002
1.000005
1.000006
1.000007
1.000007
1.000007
1.000007
1.000007
1.000007
1.000007
1.000006
1.000003
1.000000
1.000000
1.000000
1.000000
1.000000
1.000000
1.000000
1.000000
1.000000
1.000000
1.000000
1.000000
1.000000
1.000000
1.000000
1.000000
1.000000
1.000000
1.000000
1.000000
1.000000
1.000000
1.000000
1.000000
1.000000
1.000000
1.000000
1.000000
1.000000
1.000000
1.000000
1.000000
1.000000
1.000000
1.000000
1.000000
1.000000
1.000000
1.000000
1.000000
1.000000
1.000000
1.000000
1.000000
1.000000
1.000000
1.000000
1.000000
1.000000
1.000000
1.000000
1.000000
1.000000
1.000000
1.000000
1.000000
1.000000
1.000000
1.000000
1.000000
1.000000
1.000000
1.000000
1.000000
1.000000
1.000000
1.000000
1.000000
1.000000
1.000000
1.000000
1.000000
1.000000
1.000000
1.000000
1.000000
1.000000
1.000000
1.000000
1.000000
1.000000
1.000000
1.000000
1.000000
1.000000
1.000000
1.000000
1.000000
1.000000
1.000000
1.000000
1.000000
1.000000
1.000000
1.000000
1.000000
1.000000
1.000000
1.000000
1.000000
1.000000
1.000000
1.000000
1.000000
1.000000
1.000000
1.000000
1.000000
1.000000
1.000000
1.000000
1.000000
1.000000
1.000000
1.000000
1.000000
1.000000
1.000000
1.000000
1.000000
1.000000
1.000000
1.000000
1.000000
1.000000
1.000000
1.000000
1.000000
1.000000
1.000000
1.000000
1.000000
1.000000
1.000000
1.000000
1.000000
1.000000
1.000000
1.000000
1.000000
1.000000
1.000000
1.000000
1.000000
1.000000
1.000000
1.000000
1.000000
1.000000
1.000000
1.000000
1.000000
1.000000
1.000000
1.000000
1.000000
1.000000
1.000000
1.000000
1.000000
1.000000
1.000000
1.000000
1.000000
1.000000
1.000000
1.000000
1.000000
1.000000
1.000000
1.000000
1.000000
1.000000
1.000000
1.000000
1.000000
1.000000
1.000000
1.000000
1.000000
1.000000
1.000000
1.000000
1.000000
1.000000
1.000000
1.000000
1.000000
1.000000
1.000000
1.000000
1.000000
1.000000
1.000000
1.000000
1.000000
1.000000
1.000000
1.000000
1.000000
1.000000
1.000000
1.000000
1.000000
1.000000
1.000000
1.000000
1.000000
1.000000
1.000000
1.000000
1.000000
1.000000
1.000000
1.000000
1.000000
1.000000
1.000000
1.000000
1.000000
1.000000
1.000000
1.000000
1.000000
1.000000
1.000000
1.000000
1.000000
1.000000
1.000000
1.000000
1.000000
1.000000
1.000000
1.000000
1.000000
1.000000
1.000000
1.000000
1.000000
1.000000
1.000000
1.000000
1.000000
1.000000
1.000000
1.000000
1.000000
1.000000
1.000000
1.000000
1.000000
1.000000
1.000000
1.000000
1.000000
1.000000
1.000000
1.000000
1.000000
1.000000
1.000000
1.000000
1.000000
1.000000
1.000000
1.000000
1.000000
1.000000
1.000000
1.000000
1.000000
1.000000
1.000000
1.000000
1.000000
1.000000
1.000000
1.000000
1.000000
1.000000
1.000000
1.000000
1.000000
1.000000
1.000000
1.000000
1.000000
1.000000
1.000000
1.000000
1.000000
1.000000
1.000000
1.000000
1.000000
1.000000
1.000000
1.000000
1.000000
1.000000
1.000000
1.000000
1.000000
1.000000
1.000000
1.000000
1.000000
1.000000
1.000000
1.000000
1.000000
1.000000
1.000000
1.000000
1.000000
1.000000
1.000000
1.000000
1.000000
1.000000
1.000000
1.000000
1.000000
1.000000
1.000000
1.000000
1.000000
1.000000
1.000000
1.000000
1.000000
1.000000
1.000000
1.000000
1.000000
1.000000
1.000000
1.000000
1.000000
1.000000
1.000000
1.000000
1.000000
1.000000
1.000000
1.000000
1.000000
1.000000
1.000000
1.000000
1.000000
1.000000
1.000000
1.000000
1.000000
1.000000
1.000000
1.000000
1.000000
1.000000
1.000000
1.000000
1.000000
1.000000
1.000000
1.000000
1.000000
1.000000
1.000000
1.000000
1.000000
1.000000
1.000000
1.000000
1.000000
1.000000
1.000000
1.000000
1.000000
1.000000
1.000000
1.000000
1.000000
1.000000
1.000000
1.000000
1.000000
1.000000
1.000000
1.000000
1.000000
1.000000
1.000000
1.000000
1.000000
1.000000
1.000000
1.000000
1.000000
1.000000
1.000000
1.000000
1.000000
1.000000
1.000000
1.000000
1.000000
1.000000
1.000000
1.000000
1.000000
1.000000
1.000000
1.000000
1.000000
1.000000
1.000000
1.000000
1.000000
1.000000
1.000000
1.000000
1.000000
1.000000
1.000000
1.000000
1.000000
1.000000
