1.000000
1.000000
1.000000
1.000000
1.000000
1.000000
1.000000
1.000000
1.000000
1.000000
1.000000
1.000000
1.000000
1.000000
1.000000
1.000000
1.000000
1.000000
1.000000
1.000000
1.000000
1.000000
1.000000
1.000000
1.000000
1.000000
1.000000
1.000000
1.000000
1.000000
1.000000
1.000000
1.000000
1.000000
1.000000
1.000000
1.000000
1.000000
1.000000
1.000000
1.000000
1.000000
1.000000
1.000000
1.000000
1.000000
1.000000
1.000000
1.000000
1.000000
1.000000
1.000000
1.000000
1.000000
1.000000
1.000000
1.000000
1.000000
1.000000
1.000000
1.000000
1.000000
1.000000
1.000000
1.000000
1.000000
1.000000
1.000000
1.000000
1.000000
1.000000
1.000000
1.000000
1.000000
1.000000
1.000000
1.000000
1.000000
1.000000
1.000000
1.000000
1.000000
1.000000
1.000000
1.000000
1.000000
1.000000
1.000000
1.000000
1.000000
1.000000
1.000000
1.000000
1.000000
1.000000
1.000000
1.000000
1.000000
1.000000
1.000000
1.000000
1.000000
1.000000
1.000000
1.000000
1.000000
1.000000
1.000000
1.000000
1.000000
1.000000
1.000000
1.000000
1.000000
1.000000
1.000000
1.000000
1.000000
1.000000
1.000000
1.000000
1.000000
1.000000
1.000000
1.000000
1.000000
1.000000
1.000000
1.000000
1.000000
1.000000
1.000000
1.000000
1.000000
1.000000
1.000000
1.000000
1.000000
1.000000
1.000000
1.000000
1.000000
1.000000
1.000000
1.000000
1.000000
1.000000
1.000000
1.000000
1.000000
1.000000
1.000000
1.000000
1.000000
1.000000
1.000000
1.000000
1.000000
1.000000
1.000000
1.000000
1.000000
1.000000
1.000000
1.000000
1.000000
1.000000
1.000000
1.000000
1.000000
1.000000
1.000000
1.000000
1.000000
1.000000
1.000000
1.000000
1.000000
1.000000
1.000000
1.000000
1.000000
1.000000
1.000000
1.000000
1.000000
1.000000
1.000000
1.000000
1.000000
1.000000
1.000000
1.000000
1.000000
1.000000
1.000000
1.000000
1.000000
1.000000
1.000000
1.000000
1.000000
1.000000
1.000000
1.000000
1.000000
1.000000
1.000000
1.000000
1.000000
1.000000
1.000000
1.000000
1.000000
1.000000
1.000000
1.000000
1.000000
1.000000
1.000002
1.000002
1.000002
1.000002
1.000002
1.000002
1.000000
1.000000
1.000000
1.000000
1.000000
1.000000
1.000000
1.000000
1.000000
1.000000
1.000000
1.000000
1.000000
1.000000
1.000000
1.000000
1.000000
1.000000
1.000000
1.000000
1.000000
1.000000
1.000000
1.000000
1.000000
1.000000
1.000000
1.000000
1.000000
1.000000
1.000010
1.000013
1.000027
1.000040
1.000062
1.000070
1.000070
1.000070
1.000071
1.000070
1.000070
1.000065
1.000051
1.000038
1.000020
1.000007
1.000000
1.000000
1.000000
1.000000
1.000000
1.000000
1.000000
1.000000
1.000000
1.000000
1.000000
1.000000
1.000000
1.000000
1.000000
1.000000
1.000000
1.000000
1.000000
1.000000
1.000000
1.000000
1.000000
1.000000
1.000013
1.000085
1.000214
1.000381
1.000523
1.000624
1.000674
1.000698
1.000712
1.000715
1.000710
1.000693
1.000627
1.000501
1.000333
1.000185
1.000082
1.000034
1.000013
1.000000
1.000000
1.000000
1.000000
1.000000
1.000000
1.000000
1.000000
1.000000
1.000000
1.000000
1.000000
1.000000
1.000000
1.000000
1.000000
1.000000
1.000000
1.000000
1.000000
1.000013
1.000052
1.000215
1.000691
1.001616
1.002792
1.003849
1.004575
1.004978
1.005164
1.005236
1.005261
1.005235
1.005100
1.004681
1.003782
1.002554
1.001419
1.000654
1.000255
1.000084
1.000026
1.000007
1.000000
1.000000
1.000000
1.000000
1.000000
1.000000
1.000000
1.000000
1.000000
1.000000
1.000000
1.000000
1.000000
1.000000
1.000000
1.000000
1.000000
1.000013
1.000059
1.000299
1.001203
1.003730
1.008578
1.014673
1.020173
1.024017
1.026207
1.027260
1.027695
1.027827
1.027728
1.027106
1.025091
1.020602
1.014189
1.008017
1.003736
1.001461
1.000489
1.000143
1.000037
1.000012
1.000000
1.000000
1.000000
1.000000
1.000000
1.000000
1.000000
1.000000
1.000000
1.000000
1.000000
1.000000
1.000000
1.000000
1.000000
1.000000
1.000033
1.000220
1.001104
1.004388
1.013327
1.029976
1.050564
1.069217
1.082595
1.090559
1.094606
1.096385
1.097008
1.096824
1.095065
1.089050
1.074876
1.053096
1.030730
1.014529
1.005721
1.001919
1.000560
1.000144
1.000034
1.000011
1.000000
1.000000
1.000000
1.000000
1.000000
1.000000
1.000000
1.000000
1.000000
1.000000
1.000000
1.000000
1.000000
1.000000
1.000013
1.000081
1.000507
1.002526
1.009936
1.029721
1.065761
1.110028
1.150792
1.181179
1.200307
1.210716
1.215666
1.217632
1.217665
1.214562
1.203145
1.174641
1.127358
1.075298
1.035921
1.014138
1.004720
1.001368
1.000349
1.000081
1.000021
1.000004
1.000000
1.000000
1.000000
1.000000
1.000000
1.000000
1.000000
1.000000
1.000000
1.000000
1.000000
1.000000
1.000000
1.000020
1.000139
1.000842
1.004159
1.016280
1.048341
1.106223
1.177770
1.245405
1.298098
1.333264
1.353753
1.364269
1.368909
1.369822
1.365744
1.349071
1.305166
1.227319
1.136256
1.065028
1.025374
1.008374
1.002399
1.000610
1.000141
1.000034
1.000007
1.000000
1.000000
1.000000
1.000000
1.000000
1.000000
1.000000
1.000000
1.000000
1.000000
1.000000
1.000000
1.000000
1.000025
1.000185
1.001116
1.005536
1.021675
1.064326
1.141506
1.238390
1.332814
1.409675
1.463826
1.497382
1.515797
1.524613
1.527281
1.522858
1.501795
1.443616
1.334901
1.201819
1.095616
1.036766
1.011945
1.003376
1.000851
1.000194
1.000044
1.000009
1.000000
1.000000
1.000000
1.000000
1.000000
1.000000
1.000000
1.000000
1.000000
1.000000
1.000000
1.000000
1.000000
1.000030
1.000215
1.001298
1.006457
1.025343
1.075462
1.166927
1.283927
1.401420
1.500896
1.574334
1.622270
1.650071
1.664247
1.669460
1.665307
1.640792
1.570220
1.433280
1.260695
1.122004
1.046117
1.014742
1.004112
1.001025
1.000231
1.000050
1.000009
1.000000
1.000000
1.000000
1.000000
1.000000
1.000000
1.000000
1.000000
1.000000
1.000000
1.000000
1.000000
1.000000
1.000032
1.000231
1.001402
1.006967
1.027426
1.082016
1.182615
1.313591
1.448532
1.566565
1.657070
1.718653
1.755961
1.775909
1.784077
1.780607
1.753434
1.672538
1.511742
1.306086
1.141290
1.052560
1.016569
1.004573
1.001129
1.000252
1.000053
1.000010
1.000000
1.000000
1.000000
1.000000
1.000000
1.000000
1.000000
1.000000
1.000000
1.000000
1.000000
1.000000
1.000000
1.000032
1.000239
1.001447
1.007208
1.028442
1.085355
1.191082
1.330623
1.477228
1.608674
1.712404
1.785234
1.830824
1.856056
1.867070
1.864419
1.835233
1.746172
1.566846
1.336530
1.153448
1.056371
1.017590
1.004818
1.001181
1.000264
1.000054
1.000010
1.000000
1.000000
1.000000
1.000000
1.000000
1.000000
1.000000
1.000000
1.000000
1.000000
1.000000
1.000000
1.000000
1.000032
1.000241
1.001464
1.007309
1.028875
1.086853
1.195125
1.339325
1.492840
1.632849
1.745580
1.826499
1.878330
1.907708
1.921033
1.919106
1.888452
1.793406
1.601046
1.354422
1.160137
1.058335
1.018088
1.004933
1.001204
1.000267
1.000055
1.000010
1.000000
1.000000
1.000000
1.000000
1.000000
1.000000
1.000000
1.000000
1.000000
1.000000
1.000000
1.000000
1.000000
1.000032
1.000241
1.001471
1.007342
1.029025
1.087416
1.196792
1.343232
1.500374
1.645217
1.763346
1.849358
1.905278
1.937461
1.952389
1.950973
1.919309
1.820269
1.619688
1.363555
1.163295
1.059193
1.018289
1.004977
1.001214
1.000268
1.000055
1.000010
1.000000
1.000000
1.000000
1.000000
1.000000
1.000000
1.000000
1.000000
1.000000
1.000000
1.000000
1.000000
1.000000
1.000032
1.000240
1.001465
1.007321
1.028960
1.087325
1.196914
1.344127
1.502825
1.649990
1.770898
1.859664
1.917874
1.951665
1.967521
1.966371
1.934006
1.832448
1.627172
1.366406
1.163889
1.059224
1.018262
1.004962
1.001207
1.000266
1.000055
1.000010
1.000000
1.000000
1.000000
1.000000
1.000000
1.000000
1.000000
1.000000
1.000000
1.000000
1.000000
1.000000
1.000000
1.000031
1.000231
1.001422
1.007123
1.028267
1.085584
1.193858
1.340065
1.498368
1.645747
1.767293
1.856853
1.915776
1.950069
1.966173
1.964923
1.931748
1.828115
1.620270
1.359507
1.159700
1.057458
1.017672
1.004793
1.001165
1.000256
1.000052
1.000010
1.000000
1.000000
1.000000
1.000000
1.000000
1.000000
1.000000
1.000000
1.000000
1.000000
1.000000
1.000000
1.000000
1.000026
1.000210
1.001269
1.006395
1.025633
1.078629
1.180707
1.320696
1.473765
1.617005
1.735307
1.822337
1.879351
1.912290
1.927426
1.925166
1.890123
1.783480
1.575900
1.326089
1.142252
1.050658
1.015500
1.004192
1.001018
1.000225
1.000045
1.000008
1.000000
1.000000
1.000000
1.000000
1.000000
1.000000
1.000000
1.000000
1.000000
1.000000
1.000000
1.000000
1.000000
1.000019
1.000160
1.000980
1.004986
1.020304
1.063661
1.150086
1.272044
1.407766
1.535611
1.640869
1.717427
1.766671
1.794375
1.806209
1.801520
1.763899
1.656895
1.464097
1.252269
1.107286
1.037793
1.011520
1.003110
1.000754
1.000166
1.000032
1.000005
1.000000
1.000000
1.000000
1.000000
1.000000
1.000000
1.000000
1.000000
1.000000
1.000000
1.000000
1.000000
1.000000
1.000013
1.000100
1.000633
1.003271
1.013539
1.043437
1.105236
1.195079
1.296589
1.392100
1.469458
1.524093
1.557867
1.575879
1.582360
1.575398
1.539762
1.448146
1.301389
1.157578
1.065918
1.023162
1.007075
1.001915
1.000462
1.000100
1.000018
1.000001
1.000000
1.000000
1.000000
1.000000
1.000000
1.000000
1.000000
1.000000
1.000000
1.000000
1.000000
1.000000
1.000000
1.000005
1.000053
1.000347
1.001798
1.007537
1.024606
1.060784
1.114189
1.174397
1.229861
1.273104
1.302122
1.319011
1.327345
1.329450
1.323186
1.298118
1.239537
1.155337
1.079654
1.033278
1.011768
1.003619
1.000984
1.000238
1.000051
1.000008
1.000000
1.000000
1.000000
1.000000
1.000000
1.000000
1.000000
1.000000
1.000000
1.000000
1.000000
1.000000
1.000000
1.000000
1.000000
1.000024
1.000160
1.000834
1.003535
1.011665
1.029086
1.054739
1.083045
1.108091
1.126573
1.138202
1.144514
1.147361
1.147667
1.144045
1.131297
1.103376
1.065928
1.033720
1.014195
1.005070
1.001572
1.000429
1.000102
1.000022
1.000003
1.000000
1.000000
1.000000
1.000000
1.000000
1.000000
1.000000
1.000000
1.000000
1.000000
1.000000
1.000000
1.000000
1.000000
1.000000
1.000010
1.000059
1.000332
1.001420
1.004711
1.011773
1.022036
1.033014
1.042279
1.048727
1.052530
1.054459
1.055251
1.055195
1.053654
1.048585
1.037884
1.024051
1.012355
1.005249
1.001892
1.000590
1.000161
1.000038
1.000007
1.000000
1.000000
1.000000
1.000000
1.000000
1.000000
1.000000
1.000000
1.000000
1.000000
1.000000
1.000000
1.000000
1.000000
1.000000
1.000000
1.000000
1.000018
1.000116
1.000495
1.001650
1.004121
1.007653
1.011313
1.014269
1.016219
1.017305
1.017825
1.018020
1.017965
1.017429
1.015730
1.012215
1.007754
1.004004
1.001713
1.000622
1.000194
1.000052
1.000011
1.000000
1.000000
1.000000
1.000000
1.000000
1.000000
1.000000
1.000000
1.000000
1.000000
1.000000
1.000000
1.000000
1.000000
1.000000
1.000000
1.000000
1.000000
1.000005
1.000032
1.000152
1.000509
1.001270
1.002341
1.003420
1.004259
1.004788
1.005069
1.005198
1.005244
1.005221
1.005058
1.004557
1.003532
1.002244
1.001163
1.000500
1.000182
1.000057
1.000014
1.000000
1.000000
1.000000
1.000000
1.000000
1.000000
1.000000
1.000000
1.000000
1.000000
1.000000
1.000000
1.000000
1.000000
1.000000
1.000000
1.000000
1.000000
1.000000
1.000000
1.000007
1.000039
1.000139
1.000348
1.000638
1.000925
1.001140
1.001272
1.001338
1.001368
1.001380
1.001371
1.001328
1.001195
1.000925
1.000588
1.000305
1.000131
1.000047
1.000013
1.000000
1.000000
1.000000
1.000000
1.000000
1.000000
1.000000
1.000000
1.000000
1.000000
1.000000
1.000000
1.000000
1.000000
1.000000
1.000000
1.000000
1.000000
1.000000
1.000000
1.000000
1.000000
1.000008
1.000033
1.000084
1.000156
1.000225
1.000274
1.000305
1.000321
1.000328
1.000330
1.000328
1.000318
1.000285
1.000220
1.000139
1.000072
1.000029
1.000008
1.000000
1.000000
1.000000
1.000000
1.000000
1.000000
1.000000
1.000000
1.000000
1.000000
1.000000
1.000000
1.000000
1.000000
1.000000
1.000000
1.000000
1.000000
1.000000
1.000000
1.000000
1.000000
1.000000
1.000000
1.000005
1.000016
1.000033
1.000049
1.000061
1.000066
1.000069
1.000070
1.000070
1.000070
1.000067
1.000060
1.000046
1.000029
1.000012
1.000004
1.000000
1.000000
1.000000
1.000000
1.000000
1.000000
1.000000
1.000000
1.000000
1.000000
1.000000
1.000000
1.000000
1.000000
1.000000
1.000000
1.000000
1.000000
1.000000
1.000000
1.000000
1.000000
1.000000
1.000000
1.000000
1.000000
1.000001
1.000005
1.000008
1.000010
1.000011
1.000011
1.000011
1.000011
1.000011
1.000011
1.000009
1.000006
1.000003
1.000000
1.000000
1.000000
1.000000
1.000000
1.000000
1.000000
1.000000
1.000000
1.000000
1.000000
1.000000
1.000000
1.000000
1.000000
1.000000
1.000000
1.000000
1.000000
1.000000
1.000000
1.000000
1.000000
1.000000
1.000000
1.000000
1.000000
1.000000
1.000000
1.000000
1.000000
1.000000
1.000000
1.000000
1.000000
1.000000
1.000000
1.000000
1.000000
1.000000
1.000000
1.000000
1.000000
1.000000
1.000000
1.000000
1.000000
1.000000
1.000000
1.000000
1.000000
1.000000
1.000000
1.000000
1.000000
1.000000
1.000000
1.000000
1.000000
1.000000
1.000000
1.000000
1.000000
1.000000
1.000000
1.000000
1.000000
1.000000
1.000000
1.000000
1.000000
1.000000
1.000000
1.000000
1.000000
1.000000
1.000000
1.000000
1.000000
1.000000
1.000000
1.000000
1.000000
1.000000
1.000000
1.000000
1.000000
1.000000
1.000000
1.000000
1.000000
1.000000
1.000000
1.000000
1.000000
1.000000
1.000000
1.000000
1.000000
1.000000
1.000000
1.000000
1.000000
1.000000
1.000000
1.000000
1.000000
1.000000
1.000000
1.000000
1.000000
1.000000
1.000000
1.000000
1.000000
1.000000
1.000000
1.000000
1.000000
1.000000
1.000000
1.000000
1.000000
1.000000
1.000000
1.000000
1.000000
1.000000
1.000000
1.000000
1.000000
1.000000
1.000000
1.000000
1.000000
1.000000
1.000000
1.000000
1.000000
1.000000
1.000000
1.000000
1.000000
1.000000
1.000000
1.000000
1.000000
1.000000
1.000000
1.000000
1.000000
1.000000
1.000000
1.000000
1.000000
1.000000
1.000000
1.000000
1.000000
1.000000
1.000000
1.000000
1.000000
1.000000
1.000000
1.000000
1.000000
1.000000
1.000000
1.000000
1.000000
1.000000
1.000000
1.000000
1.000000
1.000000
1.000000
1.000000
1.000000
1.000000
1.000000
1.000000
1.000000
1.000000
1.000000
1.000000
1.000000
1.000000
1.000000
1.000000
1.000000
1.000000
1.000000
1.000000
1.000000
1.000000
1.000000
1.000000
1.000000
1.000000
1.000000
1.000000
1.000000
1.000000
1.000000
1.000000
1.000000
1.000000
1.000000
1.000000
1.000000
1.000000
1.000000
1.000000
1.000000
1.000000
1.000000
1.000000
1.000000
1.000000
1.000000
1.000000
1.000000
1.000000
1.000000
1.000000
1.000000
1.000000
1.000000
1.000000
1.000000
1.000000
1.000000
1.000000
1.000000
1.000000
1.000000
1.000000
1.000000
1.000000
1.000000
1.000000
1.000000
1.000000
1.000000
1.000000
1.000000
1.000000
1.000000
1.000000
1.000000
1.000000
1.000000
1.000000
1.000000
1.000000
1.000000
1.000000
1.000000
1.000000
1.000000
1.000000
1.000000
1.000000
1.000000
1.000000
1.000000
1.000000
1.000000
1.000000
1.000000
1.000000
1.000000
1.000000
1.000000
1.000000
1.000000
1.000000
1.000000
1.000000
1.000000
1.000000
1.000000
1.000000
1.000000
1.000000
1.000000
1.000000
1.000000
1.000000
1.000000
1.000000
1.000000
1.000000
1.000000
1.000000
1.000000
1.000000
1.000000
1.000000
1.000000
1.000000
1.000000
1.000000
1.000000
1.000000
1.000000
1.000000
1.000000
1.000000
1.000000
1.000000
1.000000
1.000000
1.000000
1.000000
1.000000
1.000000
1.000000
1.000000
1.000000
1.000000
1.000000
1.000000
1.000000
1.000000
1.000000
1.000000
1.000000
1.000000
1.000000
1.000000
1.000000
1.000000
1.000000
1.000000
1.000000
1.000000
1.000000
1.000000
1.000000
1.000000
1.000000
1.000000
1.000000
1.000000
