1.000000
1.000000
1.000000
1.000000
1.000000
1.000000
1.000000
1.000000
1.000000
1.000000
1.000000
1.000000
1.000000
1.000000
1.000000
1.000000
1.000000
1.000000
1.000000
1.000000
1.000000
1.000000
1.000000
1.000000
1.000000
1.000000
1.000000
1.000000
1.000000
1.000000
1.000000
1.000000
1.000000
1.000000
1.000000
1.000000
1.000000
1.000000
1.000000
1.000000
1.000000
1.000000
1.000000
1.000000
1.000000
1.000000
1.000000
1.000000
1.000000
1.000000
1.000000
1.000000
1.000000
1.000000
1.000000
1.000000
1.000000
1.000000
1.000000
1.000000
1.000000
1.000000
1.000000
1.000000
1.000000
1.000000
1.000000
1.000000
1.000000
1.000000
1.000000
1.000000
1.000000
1.000000
1.000000
1.000000
1.000000
1.000000
1.000000
1.000000
1.000000
1.000000
1.000000
1.000000
1.000000
1.000000
1.000000
1.000000
1.000000
1.000000
1.000000
1.000000
1.000000
1.000000
1.000000
1.000000
1.000000
1.000000
1.000000
1.000000
1.000000
1.000000
1.000000
1.000000
1.000000
1.000000
1.000000
1.000000
1.000000
1.000000
1.000000
1.000000
1.000000
1.000000
1.000000
1.000000
1.000000
1.000000
1.000000
1.000000
1.000000
1.000000
1.000000
1.000000
1.000000
1.000000
1.000000
1.000000
1.000000
1.000000
1.000000
1.000000
1.000000
1.000000
1.000000
1.000000
1.000000
1.000000
1.000000
1.000000
1.000000
1.000000
1.000000
1.000000
1.000000
1.000000
1.000000
1.000000
1.000000
1.000000
1.000000
1.000000
1.000000
1.000000
1.000000
1.000000
1.000000
1.000000
1.000000
1.000000
1.000000
1.000000
1.000000
1.000000
1.000000
1.000000
1.000000
1.000000
1.000000
1.000000
1.000000
1.000000
1.000000
1.000000
1.000000
1.000000
1.000000
1.000000
1.000000
1.000000
1.000000
1.000000
1.000000
1.000000
1.000000
1.000000
1.000000
1.000000
1.000000
1.000000
1.000000
1.000000
1.000000
1.000000
1.000000
1.000000
1.000000
1.000000
1.000000
1.000000
1.000000
1.000000
1.000000
1.000000
1.000000
1.000000
1.000000
1.000000
1.000000
1.000000
1.000000
1.000000
1.000000
1.000000
1.000000
1.000000
1.000000
1.000000
1.000000
1.000000
1.000000
1.000000
1.000000
1.000000
1.000000
1.000000
1.000000
1.000000
1.000000
1.000000
1.000000
1.000000
1.000000
1.000000
1.000000
1.000000
1.000000
1.000000
1.000000
1.000000
1.000000
1.000000
1.000000
1.000000
1.000000
1.000000
1.000000
1.000000
1.000000
1.000000
1.000000
1.000000
1.000000
1.000000
1.000000
1.000006
1.000013
1.000027
1.000039
1.000041
1.000041
1.000042
1.000042
1.000042
1.000042
1.000041
1.000038
1.000024
1.000013
1.000003
1.000000
1.000000
1.000000
1.000000
1.000000
1.000000
1.000000
1.000000
1.000000
1.000000
1.000000
1.000000
1.000000
1.000000
1.000000
1.000000
1.000000
1.000000
1.000000
1.000000
1.000000
1.000000
1.000000
1.000000
1.000000
1.000013
1.000079
1.000207
1.000358
1.000468
1.000523
1.000548
1.000557
1.000559
1.000561
1.000557
1.000543
1.000485
1.000354
1.000197
1.000083
1.000032
1.000010
1.000000
1.000000
1.000000
1.000000
1.000000
1.000000
1.000000
1.000000
1.000000
1.000000
1.000000
1.000000
1.000000
1.000000
1.000000
1.000000
1.000000
1.000000
1.000000
1.000000
1.000000
1.000000
1.000032
1.000198
1.000768
1.002036
1.003487
1.004558
1.005139
1.005387
1.005474
1.005502
1.005509
1.005484
1.005348
1.004820
1.003539
1.001999
1.000877
1.000308
1.000088
1.000023
1.000005
1.000000
1.000000
1.000000
1.000000
1.000000
1.000000
1.000000
1.000000
1.000000
1.000000
1.000000
1.000000
1.000000
1.000000
1.000000
1.000000
1.000000
1.000000
1.000003
1.000039
1.000262
1.001390
1.005308
1.013765
1.023379
1.030590
1.034632
1.036442
1.037117
1.037330
1.037370
1.037232
1.036415
1.033151
1.024888
1.014391
1.006415
1.002273
1.000662
1.000163
1.000036
1.000008
1.000000
1.000000
1.000000
1.000000
1.000000
1.000000
1.000000
1.000000
1.000000
1.000000
1.000000
1.000000
1.000000
1.000000
1.000000
1.000000
1.000000
1.000016
1.000173
1.001161
1.005961
1.022151
1.055576
1.093026
1.121776
1.138771
1.146953
1.150264
1.151409
1.151694
1.151304
1.148620
1.137417
1.107015
1.064268
1.029327
1.010499
1.003069
1.000756
1.000160
1.000031
1.000007
1.000000
1.000000
1.000000
1.000000
1.000000
1.000000
1.000000
1.000000
1.000000
1.000000
1.000000
1.000000
1.000000
1.000000
1.000000
1.000006
1.000047
1.000383
1.002524
1.012842
1.047067
1.116189
1.194353
1.256987
1.296655
1.317469
1.326737
1.330289
1.331370
1.330863
1.326008
1.304843
1.244006
1.150575
1.069388
1.024725
1.007154
1.001746
1.000370
1.000070
1.000014
1.000000
1.000000
1.000000
1.000000
1.000000
1.000000
1.000000
1.000000
1.000000
1.000000
1.000000
1.000000
1.000000
1.000000
1.000000
1.000010
1.000069
1.000571
1.003762
1.019131
1.069972
1.172531
1.291391
1.391383
1.459063
1.497458
1.516060
1.523843
1.526543
1.526276
1.519588
1.489152
1.397921
1.248807
1.114260
1.040098
1.011403
1.002740
1.000574
1.000107
1.000020
1.000002
1.000000
1.000000
1.000000
1.000000
1.000000
1.000000
1.000000
1.000000
1.000000
1.000000
1.000000
1.000000
1.000000
1.000000
1.000011
1.000085
1.000691
1.004561
1.023283
1.085517
1.212339
1.363624
1.496728
1.592031
1.649633
1.679468
1.692826
1.697874
1.698224
1.690172
1.651972
1.534280
1.334706
1.151881
1.052277
1.014595
1.003456
1.000716
1.000132
1.000023
1.000003
1.000000
1.000000
1.000000
1.000000
1.000000
1.000000
1.000000
1.000000
1.000000
1.000000
1.000000
1.000000
1.000000
1.000000
1.000011
1.000092
1.000748
1.004964
1.025440
1.093950
1.235291
1.408195
1.565859
1.683733
1.758446
1.799091
1.818200
1.825834
1.826999
1.817988
1.773661
1.634993
1.395949
1.177095
1.059891
1.016472
1.003857
1.000790
1.000146
1.000025
1.000003
1.000000
1.000000
1.000000
1.000000
1.000000
1.000000
1.000000
1.000000
1.000000
1.000000
1.000000
1.000000
1.000000
1.000000
1.000011
1.000094
1.000770
1.005131
1.026364
1.097765
1.246463
1.431635
1.604744
1.738108
1.825459
1.874598
1.898468
1.908344
1.910275
1.900614
1.851819
1.698199
1.432458
1.191066
1.063806
1.017377
1.004041
1.000823
1.000150
1.000026
1.000003
1.000000
1.000000
1.000000
1.000000
1.000000
1.000000
1.000000
1.000000
1.000000
1.000000
1.000000
1.000000
1.000000
1.000000
1.000011
1.000094
1.000778
1.005192
1.026702
1.099243
1.251150
1.442305
1.623720
1.766098
1.861278
1.915947
1.943042
1.954487
1.956972
1.946897
1.895189
1.732203
1.450941
1.197614
1.065509
1.017746
1.004112
1.000835
1.000151
1.000026
1.000003
1.000000
1.000000
1.000000
1.000000
1.000000
1.000000
1.000000
1.000000
1.000000
1.000000
1.000000
1.000000
1.000000
1.000000
1.000011
1.000094
1.000780
1.005208
1.026808
1.099741
1.252866
1.446557
1.631826
1.778698
1.877997
1.935696
1.964610
1.976959
1.979769
1.969454
1.916085
1.748010
1.458990
1.200253
1.066146
1.017877
1.004136
1.000838
1.000151
1.000026
1.000003
1.000000
1.000000
1.000000
1.000000
1.000000
1.000000
1.000000
1.000000
1.000000
1.000000
1.000000
1.000000
1.000000
1.000000
1.000011
1.000094
1.000780
1.005211
1.026825
1.099853
1.253352
1.447952
1.634760
1.783555
1.884706
1.943813
1.973593
1.986380
1.989346
1.978904
1.924705
1.754223
1.461875
1.201084
1.066318
1.017906
1.004140
1.000839
1.000151
1.000026
1.000003
1.000000
1.000000
1.000000
1.000000
1.000000
1.000000
1.000000
1.000000
1.000000
1.000000
1.000000
1.000000
1.000000
1.000000
1.000011
1.000093
1.000776
1.005186
1.026704
1.099484
1.252698
1.447228
1.634281
1.783562
1.885257
1.944801
1.974855
1.987778
1.990785
1.980255
1.925631
1.754087
1.460864
1.200269
1.065973
1.017802
1.004114
1.000833
1.000150
1.000025
1.000003
1.000000
1.000000
1.000000
1.000000
1.000000
1.000000
1.000000
1.000000
1.000000
1.000000
1.000000
1.000000
1.000000
1.000000
1.000010
1.000089
1.000741
1.004982
1.025747
1.096417
1.246408
1.437864
1.622435
1.769809
1.870094
1.928672
1.958135
1.970739
1.973568
1.962810
1.907616
1.735547
1.445620
1.192173
1.063042
1.016979
1.003920
1.000793
1.000143
1.000024
1.000003
1.000000
1.000000
1.000000
1.000000
1.000000
1.000000
1.000000
1.000000
1.000000
1.000000
1.000000
1.000000
1.000000
1.000000
1.000007
1.000074
1.000608
1.004108
1.021539
1.082379
1.216013
1.390446
1.560106
1.695292
1.786312
1.838580
1.864305
1.874993
1.876885
1.865358
1.809159
1.640171
1.373812
1.156588
1.050633
1.013554
1.003120
1.000631
1.000114
1.000018
1.000001
1.000000
1.000000
1.000000
1.000000
1.000000
1.000000
1.000000
1.000000
1.000000
1.000000
1.000000
1.000000
1.000000
1.000000
1.000003
1.000046
1.000392
1.002697
1.014407
1.056691
1.154148
1.285371
1.413849
1.514642
1.580292
1.616319
1.633140
1.639651
1.639919
1.628538
1.577755
1.436898
1.241643
1.098122
1.031429
1.008404
1.001933
1.000389
1.000069
1.000010
1.000000
1.000000
1.000000
1.000000
1.000000
1.000000
1.000000
1.000000
1.000000
1.000000
1.000000
1.000000
1.000000
1.000000
1.000000
1.000000
1.000022
1.000201
1.001399
1.007581
1.030503
1.085227
1.159887
1.231795
1.285845
1.318942
1.335839
1.343145
1.345683
1.345091
1.337110
1.304188
1.220445
1.117498
1.047172
1.015157
1.004076
1.000942
1.000189
1.000034
1.000004
1.000000
1.000000
1.000000
1.000000
1.000000
1.000000
1.000000
1.000000
1.000000
1.000000
1.000000
1.000000
1.000000
1.000000
1.000000
1.000000
1.000008
1.000079
1.000582
1.003197
1.013034
1.036864
1.069000
1.098711
1.119667
1.131548
1.137140
1.139367
1.140044
1.139579
1.135840
1.121137
1.085740
1.045132
1.018186
1.005896
1.001598
1.000370
1.000072
1.000012
1.000000
1.000000
1.000000
1.000000
1.000000
1.000000
1.000000
1.000000
1.000000
1.000000
1.000000
1.000000
1.000000
1.000000
1.000000
1.000000
1.000000
1.000000
1.000026
1.000201
1.001112
1.004562
1.012935
1.023957
1.033662
1.040073
1.043450
1.044923
1.045467
1.045611
1.045416
1.044116
1.039127
1.027435
1.014433
1.005859
1.001916
1.000522
1.000121
1.000023
1.000002
1.000000
1.000000
1.000000
1.000000
1.000000
1.000000
1.000000
1.000000
1.000000
1.000000
1.000000
1.000000
1.000000
1.000000
1.000000
1.000000
1.000000
1.000000
1.000008
1.000058
1.000326
1.001346
1.003812
1.006978
1.009643
1.011308
1.012131
1.012468
1.012585
1.012613
1.012553
1.012182
1.010781
1.007535
1.003971
1.001622
1.000533
1.000145
1.000033
1.000005
1.000000
1.000000
1.000000
1.000000
1.000000
1.000000
1.000000
1.000000
1.000000
1.000000
1.000000
1.000000
1.000000
1.000000
1.000000
1.000000
1.000000
1.000000
1.000000
1.000000
1.000014
1.000082
1.000342
1.000968
1.001754
1.002391
1.002773
1.002952
1.003021
1.003045
1.003052
1.003035
1.002943
1.002603
1.001816
1.000959
1.000393
1.000129
1.000034
1.000007
1.000000
1.000000
1.000000
1.000000
1.000000
1.000000
1.000000
1.000000
1.000000
1.000000
1.000000
1.000000
1.000000
1.000000
1.000000
1.000000
1.000000
1.000000
1.000000
1.000000
1.000000
1.000000
1.000016
1.000075
1.000215
1.000387
1.000523
1.000600
1.000636
1.000651
1.000655
1.000655
1.000652
1.000631
1.000559
1.000389
1.000205
1.000083
1.000026
1.000005
1.000000
1.000000
1.000000
1.000000
1.000000
1.000000
1.000000
1.000000
1.000000
1.000000
1.000000
1.000000
1.000000
1.000000
1.000000
1.000000
1.000000
1.000000
1.000000
1.000000
1.000000
1.000000
1.000000
1.000001
1.000012
1.000040
1.000074
1.000100
1.000116
1.000123
1.000125
1.000125
1.000125
1.000124
1.000121
1.000107
1.000075
1.000039
1.000014
1.000002
1.000000
1.000000
1.000000
1.000000
1.000000
1.000000
1.000000
1.000000
1.000000
1.000000
1.000000
1.000000
1.000000
1.000000
1.000000
1.000000
1.000000
1.000000
1.000000
1.000000
1.000000
1.000000
1.000000
1.000000
1.000000
1.000000
1.000006
1.000011
1.000015
1.000018
1.000019
1.000020
1.000020
1.000020
1.000020
1.000019
1.000016
1.000010
1.000004
1.000000
1.000000
1.000000
1.000000
1.000000
1.000000
1.000000
1.000000
1.000000
1.000000
1.000000
1.000000
1.000000
1.000000
1.000000
1.000000
1.000000
1.000000
1.000000
1.000000
1.000000
1.000000
1.000000
1.000000
1.000000
1.000000
1.000000
1.000000
1.000000
1.000000
1.000001
1.000001
1.000001
1.000001
1.000001
1.000001
1.000001
1.000001
1.000001
1.000000
1.000000
1.000000
1.000000
1.000000
1.000000
1.000000
1.000000
1.000000
1.000000
1.000000
1.000000
1.000000
1.000000
1.000000
1.000000
1.000000
1.000000
1.000000
1.000000
1.000000
1.000000
1.000000
1.000000
1.000000
1.000000
1.000000
1.000000
1.000000
1.000000
1.000000
1.000000
1.000000
1.000000
1.000000
1.000000
1.000000
1.000000
1.000000
1.000000
1.000000
1.000000
1.000000
1.000000
1.000000
1.000000
1.000000
1.000000
1.000000
1.000000
1.000000
1.000000
1.000000
1.000000
1.000000
1.000000
1.000000
1.000000
1.000000
1.000000
1.000000
1.000000
1.000000
1.000000
1.000000
1.000000
1.000000
1.000000
1.000000
1.000000
1.000000
1.000000
1.000000
1.000000
1.000000
1.000000
1.000000
1.000000
1.000000
1.000000
1.000000
1.000000
1.000000
1.000000
1.000000
1.000000
1.000000
1.000000
1.000000
1.000000
1.000000
1.000000
1.000000
1.000000
1.000000
1.000000
1.000000
1.000000
1.000000
1.000000
1.000000
1.000000
1.000000
1.000000
1.000000
1.000000
1.000000
1.000000
1.000000
1.000000
1.000000
1.000000
1.000000
1.000000
1.000000
1.000000
1.000000
1.000000
1.000000
1.000000
1.000000
1.000000
1.000000
1.000000
1.000000
1.000000
1.000000
1.000000
1.000000
1.000000
1.000000
1.000000
1.000000
1.000000
1.000000
1.000000
1.000000
1.000000
1.000000
1.000000
1.000000
1.000000
1.000000
1.000000
1.000000
1.000000
1.000000
1.000000
1.000000
1.000000
1.000000
1.000000
1.000000
1.000000
1.000000
1.000000
1.000000
1.000000
1.000000
1.000000
1.000000
1.000000
1.000000
1.000000
1.000000
1.000000
1.000000
1.000000
1.000000
1.000000
1.000000
1.000000
1.000000
1.000000
1.000000
1.000000
1.000000
1.000000
1.000000
1.000000
1.000000
1.000000
1.000000
1.000000
1.000000
1.000000
1.000000
1.000000
1.000000
1.000000
1.000000
1.000000
1.000000
1.000000
1.000000
1.000000
1.000000
1.000000
1.000000
1.000000
1.000000
1.000000
1.000000
1.000000
1.000000
1.000000
1.000000
1.000000
1.000000
1.000000
1.000000
1.000000
1.000000
1.000000
1.000000
1.000000
1.000000
1.000000
1.000000
1.000000
1.000000
1.000000
1.000000
1.000000
1.000000
1.000000
1.000000
1.000000
1.000000
1.000000
1.000000
1.000000
1.000000
1.000000
1.000000
1.000000
1.000000
1.000000
1.000000
1.000000
1.000000
1.000000
1.000000
1.000000
1.000000
1.000000
1.000000
1.000000
1.000000
1.000000
1.000000
1.000000
1.000000
1.000000
1.000000
1.000000
1.000000
1.000000
1.000000
1.000000
1.000000
1.000000
1.000000
1.000000
1.000000
1.000000
1.000000
1.000000
1.000000
1.000000
1.000000
1.000000
1.000000
1.000000
1.000000
1.000000
1.000000
1.000000
1.000000
1.000000
1.000000
1.000000
1.000000
1.000000
1.000000
1.000000
1.000000
1.000000
1.000000
1.000000
1.000000
1.000000
1.000000
1.000000
1.000000
1.000000
1.000000
1.000000
1.000000
1.000000
1.000000
1.000000
1.000000
1.000000
1.000000
1.000000
1.000000
1.000000
1.000000
1.000000
1.000000
1.000000
1.000000
1.000000
1.000000
1.000000
1.000000
1.000000
1.000000
1.000000
1.000000
1.000000
1.000000
1.000000
1.000000
1.000000
1.000000
1.000000
1.000000
1.000000
1.000000
1.000000
1.000000
1.000000
1.000000
1.000000
1.000000
1.000000
1.000000
1.000000
1.000000
1.000000
1.000000
1.000000
1.000000
1.000000
1.000000
1.000000
1.000000
1.000000
1.000000
1.000000
1.000000
1.000000
1.000000
1.000000
1.000000
1.000000
1.000000
1.000000
1.000000
1.000000
1.000000
1.000000
1.000000
1.000000
1.000000
1.000000
1.000000
1.000000
1.000000
1.000000
1.000000
1.000000
1.000000
1.000000
1.000000
1.000000
1.000000
1.000000
1.000000
1.000000
1.000000
1.000000
1.000000
1.000000
1.000000
1.000000
1.000000
