1.000000
1.000000
1.000000
1.000000
1.000000
1.000000
1.000000
1.000000
1.000000
1.000000
1.000000
1.000000
1.000000
1.000000
1.000000
1.000000
1.000000
1.000000
1.000000
1.000000
1.000000
1.000000
1.000000
1.000000
1.000000
1.000000
1.000000
1.000000
1.000000
1.000000
1.000000
1.000000
1.000000
1.000000
1.000000
1.000000
1.000000
1.000000
1.000000
1.000000
1.000000
1.000000
1.000000
1.000000
1.000000
1.000000
1.000000
1.000000
1.000000
1.000000
1.000000
1.000000
1.000000
1.000000
1.000000
1.000000
1.000000
1.000000
1.000000
1.000000
1.000000
1.000000
1.000000
1.000000
1.000000
1.000000
1.000000
1.000000
1.000000
1.000000
1.000000
1.000000
1.000000
1.000000
1.000000
1.000000
1.000000
1.000000
1.000000
1.000000
1.000000
1.000000
1.000000
1.000000
1.000000
1.000000
1.000000
1.000000
1.000000
1.000000
1.000000
1.000000
1.000000
1.000000
1.000000
1.000000
1.000000
1.000000
1.000000
1.000000
1.000000
1.000000
1.000000
1.000000
1.000000
1.000000
1.000000
1.000000
1.000000
1.000000
1.000000
1.000000
1.000000
1.000000
1.000000
1.000000
1.000000
1.000000
1.000000
1.000000
1.000000
1.000000
1.000000
1.000000
1.000000
1.000000
1.000000
1.000000
1.000000
1.000000
1.000000
1.000000
1.000000
1.000000
1.000000
1.000000
1.000000
1.000000
1.000000
1.000000
1.000000
1.000000
1.000000
1.000000
1.000000
1.000000
1.000000
1.000000
1.000000
1.000000
1.000000
1.000000
1.000000
1.000000
1.000000
1.000000
1.000000
1.000000
1.000000
1.000000
1.000000
1.000000
1.000000
1.000000
1.000000
1.000000
1.000000
1.000000
1.000000
1.000000
1.000000
1.000000
1.000000
1.000000
1.000000
1.000000
1.000000
1.000000
1.000000
1.000000
1.000000
1.000000
1.000000
1.000000
1.000000
1.000000
1.000000
1.000000
1.000000
1.000000
1.000000
1.000000
1.000000
1.000000
1.000000
1.000000
1.000000
1.000000
1.000000
1.000000
1.000000
1.000000
1.000000
1.000000
1.000000
1.000000
1.000000
1.000000
1.000000
1.000000
1.000000
1.000000
1.000000
1.000000
1.000000
1.000000
1.000000
1.000000
1.000000
1.000000
1.000000
1.000000
1.000000
1.000000
1.000000
1.000000
1.000000
1.000000
1.000000
1.000000
1.000000
1.000000
1.000000
1.000000
1.000000
1.000000
1.000000
1.000000
1.000000
1.000000
1.000000
1.000000
1.000000
1.000000
1.000000
1.000000
1.000000
1.000000
1.000000
1.000000
1.000000
1.000000
1.000000
1.000000
1.000000
1.000004
1.000013
1.000027
1.000035
1.000037
1.000038
1.000038
1.000038
1.000038
1.000038
1.000037
1.000033
1.000021
1.000013
1.000001
1.000000
1.000000
1.000000
1.000000
1.000000
1.000000
1.000000
1.000000
1.000000
1.000000
1.000000
1.000000
1.000000
1.000000
1.000000
1.000000
1.000000
1.000000
1.000000
1.000000
1.000000
1.000000
1.000000
1.000000
1.000000
1.000013
1.000075
1.000202
1.000348
1.000450
1.000500
1.000520
1.000529
1.000531
1.000531
1.000528
1.000515
1.000460
1.000329
1.000178
1.000073
1.000026
1.000008
1.000000
1.000000
1.000000
1.000000
1.000000
1.000000
1.000000
1.000000
1.000000
1.000000
1.000000
1.000000
1.000000
1.000000
1.000000
1.000000
1.000000
1.000000
1.000000
1.000000
1.000000
1.000000
1.000026
1.000190
1.000765
1.002075
1.003543
1.004591
1.005138
1.005364
1.005439
1.005461
1.005468
1.005443
1.005311
1.004776
1.003446
1.001887
1.000796
1.000267
1.000074
1.000019
1.000003
1.000000
1.000000
1.000000
1.000000
1.000000
1.000000
1.000000
1.000000
1.000000
1.000000
1.000000
1.000000
1.000000
1.000000
1.000000
1.000000
1.000000
1.000000
1.000001
1.000035
1.000252
1.001392
1.005508
1.014600
1.024739
1.032110
1.036095
1.037813
1.038428
1.038613
1.038645
1.038509
1.037676
1.034225
1.025275
1.014171
1.006071
1.002058
1.000572
1.000135
1.000027
1.000005
1.000000
1.000000
1.000000
1.000000
1.000000
1.000000
1.000000
1.000000
1.000000
1.000000
1.000000
1.000000
1.000000
1.000000
1.000000
1.000000
1.000000
1.000014
1.000163
1.001149
1.006147
1.023641
1.060498
1.101049
1.131338
1.148693
1.156770
1.159922
1.160971
1.161217
1.160812
1.158004
1.145848
1.111986
1.065280
1.028616
1.009795
1.002732
1.000641
1.000129
1.000024
1.000005
1.000000
1.000000
1.000000
1.000000
1.000000
1.000000
1.000000
1.000000
1.000000
1.000000
1.000000
1.000000
1.000000
1.000000
1.000000
1.000004
1.000043
1.000359
1.002471
1.013117
1.049786
1.125390
1.209623
1.275600
1.316296
1.337025
1.345959
1.349265
1.350226
1.349669
1.344580
1.321634
1.253963
1.151958
1.067103
1.022814
1.006291
1.001462
1.000295
1.000054
1.000010
1.000000
1.000000
1.000000
1.000000
1.000000
1.000000
1.000000
1.000000
1.000000
1.000000
1.000000
1.000000
1.000000
1.000000
1.000000
1.000008
1.000061
1.000527
1.003626
1.019256
1.073005
1.183848
1.310798
1.415523
1.484754
1.522961
1.540902
1.548153
1.550568
1.550175
1.543149
1.510247
1.409262
1.247597
1.108646
1.036317
1.009837
1.002251
1.000450
1.000080
1.000014
1.000000
1.000000
1.000000
1.000000
1.000000
1.000000
1.000000
1.000000
1.000000
1.000000
1.000000
1.000000
1.000000
1.000000
1.000000
1.000009
1.000075
1.000628
1.004342
1.023147
1.088180
1.223800
1.383945
1.522323
1.619192
1.676168
1.704756
1.717111
1.721590
1.721678
1.713181
1.672011
1.542479
1.328086
1.141951
1.046508
1.012372
1.002793
1.000551
1.000097
1.000016
1.000001
1.000000
1.000000
1.000000
1.000000
1.000000
1.000000
1.000000
1.000000
1.000000
1.000000
1.000000
1.000000
1.000000
1.000000
1.000009
1.000079
1.000674
1.004688
1.025084
1.096091
1.246028
1.427665
1.590351
1.709224
1.782481
1.821033
1.838491
1.845171
1.845889
1.836334
1.788749
1.637141
1.382932
1.163165
1.052551
1.013786
1.003080
1.000602
1.000106
1.000017
1.000001
1.000000
1.000000
1.000000
1.000000
1.000000
1.000000
1.000000
1.000000
1.000000
1.000000
1.000000
1.000000
1.000000
1.000000
1.000009
1.000080
1.000691
1.004824
1.025878
1.099522
1.256444
1.449867
1.627348
1.760834
1.845706
1.891802
1.913321
1.921829
1.923114
1.912840
1.860714
1.693936
1.413999
1.174289
1.055489
1.014431
1.003206
1.000623
1.000108
1.000017
1.000001
1.000000
1.000000
1.000000
1.000000
1.000000
1.000000
1.000000
1.000000
1.000000
1.000000
1.000000
1.000000
1.000000
1.000000
1.000009
1.000080
1.000697
1.004870
1.026156
1.100795
1.260640
1.459598
1.644742
1.786410
1.878191
1.928989
1.953135
1.962861
1.964536
1.953811
1.898849
1.723001
1.428885
1.179211
1.056694
1.014680
1.003251
1.000630
1.000109
1.000017
1.000001
1.000000
1.000000
1.000000
1.000000
1.000000
1.000000
1.000000
1.000000
1.000000
1.000000
1.000000
1.000000
1.000000
1.000000
1.000009
1.000080
1.000698
1.004884
1.026239
1.101206
1.262113
1.463322
1.651881
1.797457
1.892715
1.945969
1.971523
1.981914
1.983807
1.972832
1.916332
1.735811
1.435007
1.181082
1.057120
1.014763
1.003265
1.000632
1.000109
1.000017
1.000001
1.000000
1.000000
1.000000
1.000000
1.000000
1.000000
1.000000
1.000000
1.000000
1.000000
1.000000
1.000000
1.000000
1.000000
1.000009
1.000080
1.000698
1.004884
1.026248
1.101287
1.262499
1.464477
1.654335
1.801507
1.898253
1.952591
1.978780
1.989475
1.991465
1.980366
1.923139
1.740531
1.437037
1.181615
1.057220
1.014778
1.003266
1.000632
1.000109
1.000017
1.000001
1.000000
1.000000
1.000000
1.000000
1.000000
1.000000
1.000000
1.000000
1.000000
1.000000
1.000000
1.000000
1.000000
1.000000
1.000009
1.000080
1.000695
1.004861
1.026126
1.100899
1.261775
1.463597
1.653572
1.801061
1.898168
1.952788
1.979144
1.989917
1.991924
1.980745
1.923160
1.739702
1.435735
1.180783
1.056904
1.014688
1.003245
1.000628
1.000108
1.000017
1.000001
1.000000
1.000000
1.000000
1.000000
1.000000
1.000000
1.000000
1.000000
1.000000
1.000000
1.000000
1.000000
1.000000
1.000000
1.000008
1.000076
1.000662
1.004661
1.025149
1.097633
1.254920
1.453288
1.640439
1.785735
1.881228
1.934772
1.960499
1.970950
1.972790
1.961406
1.903333
1.719724
1.420140
1.173032
1.054259
1.013983
1.003087
1.000597
1.000103
1.000016
1.000001
1.000000
1.000000
1.000000
1.000000
1.000000
1.000000
1.000000
1.000000
1.000000
1.000000
1.000000
1.000000
1.000000
1.000000
1.000005
1.000061
1.000535
1.003782
1.020714
1.082240
1.220785
1.399628
1.569731
1.701256
1.786543
1.833403
1.855361
1.863985
1.864983
1.852950
1.794301
1.615965
1.345659
1.138291
1.042782
1.010965
1.002414
1.000467
1.000080
1.000011
1.000000
1.000000
1.000000
1.000000
1.000000
1.000000
1.000000
1.000000
1.000000
1.000000
1.000000
1.000000
1.000000
1.000000
1.000000
1.000001
1.000037
1.000333
1.002409
1.013439
1.054933
1.153139
1.283766
1.408377
1.502720
1.561532
1.592220
1.605787
1.610710
1.610426
1.599075
1.547932
1.404904
1.215253
1.083736
1.025717
1.006591
1.001451
1.000278
1.000047
1.000006
1.000000
1.000000
1.000000
1.000000
1.000000
1.000000
1.000000
1.000000
1.000000
1.000000
1.000000
1.000000
1.000000
1.000000
1.000000
1.000000
1.000017
1.000163
1.001200
1.006795
1.028389
1.081272
1.152243
1.218406
1.266052
1.293790
1.307186
1.312651
1.314411
1.313690
1.306283
1.275109
1.194918
1.100233
1.038689
1.011937
1.003076
1.000680
1.000129
1.000022
1.000002
1.000000
1.000000
1.000000
1.000000
1.000000
1.000000
1.000000
1.000000
1.000000
1.000000
1.000000
1.000000
1.000000
1.000000
1.000000
1.000000
1.000004
1.000062
1.000478
1.002741
1.011592
1.033554
1.062560
1.088377
1.105738
1.115063
1.119208
1.120764
1.121197
1.120762
1.117526
1.104438
1.072406
1.036882
1.014311
1.004456
1.001156
1.000256
1.000048
1.000006
1.000000
1.000000
1.000000
1.000000
1.000000
1.000000
1.000000
1.000000
1.000000
1.000000
1.000000
1.000000
1.000000
1.000000
1.000000
1.000000
1.000000
1.000000
1.000019
1.000157
1.000909
1.003868
1.011219
1.020670
1.028661
1.033686
1.036192
1.037224
1.037584
1.037670
1.037507
1.036445
1.032236
1.022166
1.011298
1.004417
1.001387
1.000361
1.000079
1.000014
1.000000
1.000000
1.000000
1.000000
1.000000
1.000000
1.000000
1.000000
1.000000
1.000000
1.000000
1.000000
1.000000
1.000000
1.000000
1.000000
1.000000
1.000000
1.000000
1.000004
1.000043
1.000253
1.001087
1.003149
1.005731
1.007816
1.009056
1.009638
1.009863
1.009937
1.009953
1.009906
1.009618
1.008492
1.005823
1.002974
1.001170
1.000369
1.000095
1.000020
1.000001
1.000000
1.000000
1.000000
1.000000
1.000000
1.000000
1.000000
1.000000
1.000000
1.000000
1.000000
1.000000
1.000000
1.000000
1.000000
1.000000
1.000000
1.000000
1.000000
1.000000
1.000009
1.000060
1.000262
1.000761
1.001371
1.001846
1.002116
1.002236
1.002281
1.002296
1.002299
1.002286
1.002219
1.001958
1.001341
1.000686
1.000270
1.000084
1.000020
1.000003
1.000000
1.000000
1.000000
1.000000
1.000000
1.000000
1.000000
1.000000
1.000000
1.000000
1.000000
1.000000
1.000000
1.000000
1.000000
1.000000
1.000000
1.000000
1.000000
1.000000
1.000000
1.000000
1.000011
1.000054
1.000160
1.000287
1.000383
1.000436
1.000459
1.000468
1.000470
1.000471
1.000468
1.000453
1.000401
1.000274
1.000140
1.000055
1.000015
1.000002
1.000000
1.000000
1.000000
1.000000
1.000000
1.000000
1.000000
1.000000
1.000000
1.000000
1.000000
1.000000
1.000000
1.000000
1.000000
1.000000
1.000000
1.000000
1.000000
1.000000
1.000000
1.000000
1.000000
1.000000
1.000008
1.000028
1.000051
1.000070
1.000080
1.000084
1.000085
1.000085
1.000085
1.000085
1.000082
1.000072
1.000050
1.000024
1.000007
1.000000
1.000000
1.000000
1.000000
1.000000
1.000000
1.000000
1.000000
1.000000
1.000000
1.000000
1.000000
1.000000
1.000000
1.000000
1.000000
1.000000
1.000000
1.000000
1.000000
1.000000
1.000000
1.000000
1.000000
1.000000
1.000000
1.000000
1.000004
1.000007
1.000010
1.000011
1.000011
1.000011
1.000011
1.000011
1.000011
1.000011
1.000009
1.000005
1.000002
1.000000
1.000000
1.000000
1.000000
1.000000
1.000000
1.000000
1.000000
1.000000
1.000000
1.000000
1.000000
1.000000
1.000000
1.000000
1.000000
1.000000
1.000000
1.000000
1.000000
1.000000
1.000000
1.000000
1.000000
1.000000
1.000000
1.000000
1.000000
1.000000
1.000000
1.000000
1.000000
1.000000
1.000000
1.000000
1.000000
1.000000
1.000000
1.000000
1.000000
1.000000
1.000000
1.000000
1.000000
1.000000
1.000000
1.000000
1.000000
1.000000
1.000000
1.000000
1.000000
1.000000
1.000000
1.000000
1.000000
1.000000
1.000000
1.000000
1.000000
1.000000
1.000000
1.000000
1.000000
1.000000
1.000000
1.000000
1.000000
1.000000
1.000000
1.000000
1.000000
1.000000
1.000000
1.000000
1.000000
1.000000
1.000000
1.000000
1.000000
1.000000
1.000000
1.000000
1.000000
1.000000
1.000000
1.000000
1.000000
1.000000
1.000000
1.000000
1.000000
1.000000
1.000000
1.000000
1.000000
1.000000
1.000000
1.000000
1.000000
1.000000
1.000000
1.000000
1.000000
1.000000
1.000000
1.000000
1.000000
1.000000
1.000000
1.000000
1.000000
1.000000
1.000000
1.000000
1.000000
1.000000
1.000000
1.000000
1.000000
1.000000
1.000000
1.000000
1.000000
1.000000
1.000000
1.000000
1.000000
1.000000
1.000000
1.000000
1.000000
1.000000
1.000000
1.000000
1.000000
1.000000
1.000000
1.000000
1.000000
1.000000
1.000000
1.000000
1.000000
1.000000
1.000000
1.000000
1.000000
1.000000
1.000000
1.000000
1.000000
1.000000
1.000000
1.000000
1.000000
1.000000
1.000000
1.000000
1.000000
1.000000
1.000000
1.000000
1.000000
1.000000
1.000000
1.000000
1.000000
1.000000
1.000000
1.000000
1.000000
1.000000
1.000000
1.000000
1.000000
1.000000
1.000000
1.000000
1.000000
1.000000
1.000000
1.000000
1.000000
1.000000
1.000000
1.000000
1.000000
1.000000
1.000000
1.000000
1.000000
1.000000
1.000000
1.000000
1.000000
1.000000
1.000000
1.000000
1.000000
1.000000
1.000000
1.000000
1.000000
1.000000
1.000000
1.000000
1.000000
1.000000
1.000000
1.000000
1.000000
1.000000
1.000000
1.000000
1.000000
1.000000
1.000000
1.000000
1.000000
1.000000
1.000000
1.000000
1.000000
1.000000
1.000000
1.000000
1.000000
1.000000
1.000000
1.000000
1.000000
1.000000
1.000000
1.000000
1.000000
1.000000
1.000000
1.000000
1.000000
1.000000
1.000000
1.000000
1.000000
1.000000
1.000000
1.000000
1.000000
1.000000
1.000000
1.000000
1.000000
1.000000
1.000000
1.000000
1.000000
1.000000
1.000000
1.000000
1.000000
1.000000
1.000000
1.000000
1.000000
1.000000
1.000000
1.000000
1.000000
1.000000
1.000000
1.000000
1.000000
1.000000
1.000000
1.000000
1.000000
1.000000
1.000000
1.000000
1.000000
1.000000
1.000000
1.000000
1.000000
1.000000
1.000000
1.000000
1.000000
1.000000
1.000000
1.000000
1.000000
1.000000
1.000000
1.000000
1.000000
1.000000
1.000000
1.000000
1.000000
1.000000
1.000000
1.000000
1.000000
1.000000
1.000000
1.000000
1.000000
1.000000
1.000000
1.000000
1.000000
1.000000
1.000000
1.000000
1.000000
1.000000
1.000000
1.000000
1.000000
1.000000
1.000000
1.000000
1.000000
1.000000
1.000000
1.000000
1.000000
1.000000
1.000000
1.000000
1.000000
1.000000
1.000000
1.000000
1.000000
1.000000
1.000000
1.000000
1.000000
1.000000
1.000000
1.000000
1.000000
1.000000
1.000000
1.000000
1.000000
1.000000
1.000000
1.000000
1.000000
1.000000
1.000000
1.000000
1.000000
1.000000
1.000000
1.000000
1.000000
1.000000
1.000000
1.000000
1.000000
1.000000
1.000000
1.000000
1.000000
1.000000
1.000000
1.000000
1.000000
1.000000
1.000000
1.000000
1.000000
1.000000
1.000000
1.000000
1.000000
1.000000
1.000000
1.000000
1.000000
1.000000
1.000000
1.000000
1.000000
1.000000
1.000000
1.000000
1.000000
1.000000
1.000000
1.000000
1.000000
1.000000
1.000000
1.000000
1.000000
1.000000
1.000000
1.000000
1.000000
1.000000
1.000000
1.000000
1.000000
1.000000
1.000000
1.000000
1.000000
1.000000
1.000000
1.000000
1.000000
1.000000
1.000000
1.000000
1.000000
1.000000
1.000000
1.000000
1.000000
1.000000
1.000000
1.000000
1.000000
