1.000000
1.000000
1.000000
1.000000
1.000000
1.000000
1.000000
1.000000
1.000000
1.000000
1.000000
1.000000
1.000000
1.000000
1.000000
1.000000
1.000000
1.000000
1.000000
1.000000
1.000000
1.000000
1.000000
1.000000
1.000000
1.000000
1.000000
1.000000
1.000000
1.000000
1.000000
1.000000
1.000000
1.000000
1.000000
1.000000
1.000000
1.000000
1.000000
1.000000
1.000000
1.000000
1.000000
1.000000
1.000000
1.000000
1.000000
1.000000
1.000000
1.000000
1.000000
1.000000
1.000000
1.000000
1.000000
1.000000
1.000000
1.000000
1.000000
1.000000
1.000000
1.000000
1.000000
1.000000
1.000000
1.000000
1.000000
1.000000
1.000000
1.000000
1.000000
1.000000
1.000000
1.000000
1.000000
1.000000
1.000000
1.000000
1.000000
1.000000
1.000000
1.000000
1.000000
1.000000
1.000000
1.000000
1.000000
1.000000
1.000000
1.000000
1.000000
1.000000
1.000000
1.000000
1.000000
1.000000
1.000000
1.000000
1.000000
1.000000
1.000000
1.000000
1.000000
1.000000
1.000000
1.000000
1.000000
1.000000
1.000000
1.000000
1.000000
1.000000
1.000000
1.000000
1.000000
1.000000
1.000000
1.000000
1.000000
1.000000
1.000000
1.000000
1.000000
1.000000
1.000000
1.000000
1.000000
1.000000
1.000000
1.000000
1.000000
1.000000
1.000000
1.000000
1.000000
1.000000
1.000000
1.000000
1.000000
1.000000
1.000000
1.000000
1.000000
1.000000
1.000000
1.000000
1.000000
1.000000
1.000000
1.000000
1.000000
1.000000
1.000000
1.000000
1.000000
1.000000
1.000000
1.000000
1.000000
1.000000
1.000000
1.000000
1.000000
1.000000
1.000000
1.000000
1.000000
1.000000
1.000000
1.000000
1.000000
1.000000
1.000000
1.000000
1.000000
1.000000
1.000000
1.000000
1.000000
1.000000
1.000000
1.000000
1.000000
1.000000
1.000000
1.000000
1.000000
1.000000
1.000000
1.000000
1.000000
1.000000
1.000000
1.000000
1.000000
1.000000
1.000000
1.000000
1.000000
1.000000
1.000000
1.000000
1.000000
1.000000
1.000000
1.000000
1.000000
1.000000
1.000000
1.000000
1.000000
1.000000
1.000000
1.000000
1.000000
1.000000
1.000000
1.000000
1.000000
1.000000
1.000000
1.000000
1.000000
1.000000
1.000000
1.000000
1.000000
1.000000
1.000000
1.000000
1.000000
1.000000
1.000000
1.000000
1.000000
1.000000
1.000000
1.000000
1.000000
1.000000
1.000000
1.000000
1.000000
1.000000
1.000000
1.000000
1.000000
1.000000
1.000000
1.000000
1.000000
1.000000
1.000000
1.000000
1.000000
1.000010
1.000013
1.000027
1.000040
1.000058
1.000065
1.000066
1.000066
1.000067
1.000066
1.000065
1.000057
1.000043
1.000030
1.000016
1.000003
1.000000
1.000000
1.000000
1.000000
1.000000
1.000000
1.000000
1.000000
1.000000
1.000000
1.000000
1.000000
1.000000
1.000000
1.000000
1.000000
1.000000
1.000000
1.000000
1.000000
1.000000
1.000000
1.000000
1.000000
1.000013
1.000085
1.000216
1.000384
1.000520
1.000614
1.000658
1.000676
1.000688
1.000689
1.000685
1.000667
1.000602
1.000473
1.000303
1.000159
1.000068
1.000026
1.000010
1.000000
1.000000
1.000000
1.000000
1.000000
1.000000
1.000000
1.000000
1.000000
1.000000
1.000000
1.000000
1.000000
1.000000
1.000000
1.000000
1.000000
1.000000
1.000000
1.000000
1.000012
1.000051
1.000218
1.000722
1.001730
1.002987
1.004072
1.004781
1.005154
1.005318
1.005377
1.005396
1.005369
1.005229
1.004780
1.003791
1.002469
1.001306
1.000570
1.000207
1.000064
1.000018
1.000003
1.000000
1.000000
1.000000
1.000000
1.000000
1.000000
1.000000
1.000000
1.000000
1.000000
1.000000
1.000000
1.000000
1.000000
1.000000
1.000000
1.000000
1.000013
1.000055
1.000299
1.001268
1.004100
1.009651
1.016502
1.022454
1.026426
1.028579
1.029558
1.029939
1.030045
1.029931
1.029254
1.026974
1.021769
1.014485
1.007798
1.003431
1.001260
1.000395
1.000108
1.000024
1.000008
1.000000
1.000000
1.000000
1.000000
1.000000
1.000000
1.000000
1.000000
1.000000
1.000000
1.000000
1.000000
1.000000
1.000000
1.000000
1.000000
1.000029
1.000212
1.001138
1.004772
1.015097
1.034686
1.058459
1.079272
1.093602
1.101755
1.105702
1.107351
1.107889
1.107643
1.105671
1.098678
1.081757
1.056130
1.030958
1.013808
1.005101
1.001601
1.000435
1.000103
1.000023
1.000007
1.000000
1.000000
1.000000
1.000000
1.000000
1.000000
1.000000
1.000000
1.000000
1.000000
1.000000
1.000000
1.000000
1.000000
1.000013
1.000075
1.000490
1.002580
1.010708
1.033361
1.075388
1.126179
1.171609
1.204326
1.224144
1.234482
1.239180
1.240947
1.240832
1.237323
1.224065
1.190061
1.134279
1.075530
1.033895
1.012487
1.003894
1.001053
1.000251
1.000056
1.000013
1.000000
1.000000
1.000000
1.000000
1.000000
1.000000
1.000000
1.000000
1.000000
1.000000
1.000000
1.000000
1.000000
1.000000
1.000016
1.000122
1.000790
1.004157
1.017187
1.053208
1.119535
1.200499
1.275208
1.331737
1.368221
1.388692
1.398767
1.402999
1.403613
1.398923
1.379618
1.327524
1.236157
1.134248
1.060042
1.021871
1.006734
1.001798
1.000427
1.000092
1.000021
1.000003
1.000000
1.000000
1.000000
1.000000
1.000000
1.000000
1.000000
1.000000
1.000000
1.000000
1.000000
1.000000
1.000000
1.000021
1.000160
1.001026
1.005416
1.022409
1.069416
1.156331
1.264415
1.367617
1.449486
1.505434
1.538894
1.556526
1.564578
1.566679
1.561388
1.536985
1.468269
1.341552
1.194460
1.086020
1.030818
1.009336
1.002463
1.000579
1.000124
1.000026
1.000005
1.000000
1.000000
1.000000
1.000000
1.000000
1.000000
1.000000
1.000000
1.000000
1.000000
1.000000
1.000000
1.000000
1.000023
1.000182
1.001175
1.006209
1.025761
1.080123
1.181611
1.310467
1.437486
1.542474
1.617743
1.665180
1.691588
1.704425
1.708647
1.703288
1.674786
1.591771
1.433473
1.245534
1.107010
1.037667
1.011234
1.002927
1.000681
1.000144
1.000030
1.000005
1.000000
1.000000
1.000000
1.000000
1.000000
1.000000
1.000000
1.000000
1.000000
1.000000
1.000000
1.000000
1.000000
1.000024
1.000196
1.001252
1.006620
1.027554
1.086078
1.196446
1.339145
1.483537
1.606862
1.698670
1.758933
1.793922
1.811719
1.818311
1.813219
1.781500
1.686808
1.502762
1.282385
1.121262
1.042038
1.012383
1.003195
1.000737
1.000155
1.000031
1.000005
1.000000
1.000000
1.000000
1.000000
1.000000
1.000000
1.000000
1.000000
1.000000
1.000000
1.000000
1.000000
1.000000
1.000024
1.000199
1.001282
1.006802
1.028376
1.088942
1.204035
1.354829
1.510339
1.646369
1.750460
1.820837
1.862961
1.885077
1.893831
1.889117
1.854963
1.751374
1.548341
1.305329
1.129560
1.044422
1.012975
1.003329
1.000763
1.000159
1.000032
1.000005
1.000000
1.000000
1.000000
1.000000
1.000000
1.000000
1.000000
1.000000
1.000000
1.000000
1.000000
1.000000
1.000000
1.000024
1.000199
1.001296
1.006874
1.028704
1.090149
1.207459
1.362433
1.524209
1.667960
1.779998
1.857274
1.904479
1.929786
1.940190
1.935799
1.899924
1.790162
1.574633
1.317773
1.133757
1.045552
1.013240
1.003385
1.000775
1.000160
1.000032
1.000005
1.000000
1.000000
1.000000
1.000000
1.000000
1.000000
1.000000
1.000000
1.000000
1.000000
1.000000
1.000000
1.000000
1.000024
1.000200
1.001298
1.006895
1.028808
1.090566
1.208775
1.365643
1.530529
1.678401
1.794937
1.876300
1.926628
1.953952
1.965420
1.961237
1.924246
1.810638
1.587821
1.323564
1.135551
1.045996
1.013335
1.003405
1.000778
1.000161
1.000032
1.000005
1.000000
1.000000
1.000000
1.000000
1.000000
1.000000
1.000000
1.000000
1.000000
1.000000
1.000000
1.000000
1.000000
1.000024
1.000198
1.001292
1.006870
1.028717
1.090384
1.208669
1.366078
1.532163
1.681851
1.800522
1.883921
1.935854
1.964235
1.976258
1.972147
1.934438
1.818569
1.591972
1.324653
1.135564
1.045897
1.013290
1.003388
1.000772
1.000160
1.000032
1.000005
1.000000
1.000000
1.000000
1.000000
1.000000
1.000000
1.000000
1.000000
1.000000
1.000000
1.000000
1.000000
1.000000
1.000022
1.000191
1.001250
1.006664
1.027951
1.088357
1.204971
1.360975
1.526224
1.675629
1.794386
1.878024
1.930183
1.958704
1.970750
1.966428
1.927897
1.810181
1.582090
1.316666
1.131402
1.044325
1.012808
1.003262
1.000745
1.000153
1.000030
1.000005
1.000000
1.000000
1.000000
1.000000
1.000000
1.000000
1.000000
1.000000
1.000000
1.000000
1.000000
1.000000
1.000000
1.000020
1.000171
1.001097
1.005890
1.024973
1.080113
1.188951
1.337047
1.495501
1.639362
1.753661
1.833818
1.883436
1.910263
1.921203
1.915817
1.875391
1.755141
1.530455
1.281328
1.114681
1.038328
1.011025
1.002800
1.000639
1.000132
1.000025
1.000003
1.000000
1.000000
1.000000
1.000000
1.000000
1.000000
1.000000
1.000000
1.000000
1.000000
1.000000
1.000000
1.000000
1.000015
1.000124
1.000817
1.004441
1.019149
1.062894
1.152554
1.278293
1.415116
1.539795
1.638084
1.705826
1.746719
1.768076
1.775850
1.768368
1.726265
1.609221
1.409226
1.208326
1.083057
1.027532
1.007899
1.002003
1.000455
1.000093
1.000016
1.000001
1.000000
1.000000
1.000000
1.000000
1.000000
1.000000
1.000000
1.000000
1.000000
1.000000
1.000000
1.000000
1.000000
1.000009
1.000075
1.000506
1.002778
1.012169
1.040914
1.102045
1.190210
1.287147
1.374740
1.442053
1.486666
1.512306
1.524858
1.528311
1.519915
1.483039
1.389965
1.249337
1.122775
1.048423
1.016061
1.004624
1.001175
1.000265
1.000053
1.000008
1.000000
1.000000
1.000000
1.000000
1.000000
1.000000
1.000000
1.000000
1.000000
1.000000
1.000000
1.000000
1.000000
1.000000
1.000001
1.000036
1.000261
1.001441
1.006392
1.021847
1.055483
1.104485
1.157807
1.204510
1.238700
1.260029
1.271484
1.276619
1.277309
1.271136
1.247843
1.193841
1.120115
1.058408
1.023106
1.007723
1.002238
1.000571
1.000128
1.000026
1.000003
1.000000
1.000000
1.000000
1.000000
1.000000
1.000000
1.000000
1.000000
1.000000
1.000000
1.000000
1.000000
1.000000
1.000000
1.000000
1.000016
1.000112
1.000628
1.002811
1.009703
1.024829
1.046697
1.069817
1.089116
1.102397
1.110128
1.113987
1.115554
1.115462
1.112377
1.101663
1.078123
1.047835
1.023296
1.009299
1.003138
1.000916
1.000234
1.000052
1.000009
1.000000
1.000000
1.000000
1.000000
1.000000
1.000000
1.000000
1.000000
1.000000
1.000000
1.000000
1.000000
1.000000
1.000000
1.000000
1.000000
1.000003
1.000039
1.000234
1.001055
1.003660
1.009377
1.017505
1.025800
1.032380
1.036640
1.038962
1.040045
1.040442
1.040323
1.039143
1.035223
1.026859
1.016412
1.008038
1.003238
1.001101
1.000322
1.000082
1.000017
1.000001
1.000000
1.000000
1.000000
1.000000
1.000000
1.000000
1.000000
1.000000
1.000000
1.000000
1.000000
1.000000
1.000000
1.000000
1.000000
1.000000
1.000000
1.000014
1.000076
1.000342
1.001196
1.003060
1.005662
1.008231
1.010177
1.011372
1.011988
1.012259
1.012350
1.012296
1.011919
1.010697
1.008132
1.004973
1.002448
1.000992
1.000339
1.000099
1.000024
1.000003
1.000000
1.000000
1.000000
1.000000
1.000000
1.000000
1.000000
1.000000
1.000000
1.000000
1.000000
1.000000
1.000000
1.000000
1.000000
1.000000
1.000000
1.000000
1.000001
1.000019
1.000097
1.000343
1.000878
1.001613
1.002317
1.002831
1.003133
1.003282
1.003344
1.003365
1.003348
1.003241
1.002905
1.002205
1.001350
1.000666
1.000271
1.000092
1.000026
1.000006
1.000000
1.000000
1.000000
1.000000
1.000000
1.000000
1.000000
1.000000
1.000000
1.000000
1.000000
1.000000
1.000000
1.000000
1.000000
1.000000
1.000000
1.000000
1.000000
1.000000
1.000003
1.000022
1.000087
1.000223
1.000409
1.000583
1.000706
1.000775
1.000809
1.000824
1.000828
1.000823
1.000796
1.000713
1.000540
1.000331
1.000163
1.000066
1.000020
1.000004
1.000000
1.000000
1.000000
1.000000
1.000000
1.000000
1.000000
1.000000
1.000000
1.000000
1.000000
1.000000
1.000000
1.000000
1.000000
1.000000
1.000000
1.000000
1.000000
1.000000
1.000000
1.000000
1.000004
1.000017
1.000049
1.000092
1.000130
1.000157
1.000174
1.000181
1.000183
1.000184
1.000183
1.000177
1.000159
1.000119
1.000073
1.000035
1.000012
1.000002
1.000000
1.000000
1.000000
1.000000
1.000000
1.000000
1.000000
1.000000
1.000000
1.000000
1.000000
1.000000
1.000000
1.000000
1.000000
1.000000
1.000000
1.000000
1.000000
1.000000
1.000000
1.000000
1.000000
1.000000
1.000001
1.000008
1.000017
1.000026
1.000031
1.000034
1.000035
1.000036
1.000036
1.000036
1.000034
1.000030
1.000021
1.000011
1.000004
1.000000
1.000000
1.000000
1.000000
1.000000
1.000000
1.000000
1.000000
1.000000
1.000000
1.000000
1.000000
1.000000
1.000000
1.000000
1.000000
1.000000
1.000000
1.000000
1.000000
1.000000
1.000000
1.000000
1.000000
1.000000
1.000000
1.000000
1.000000
1.000001
1.000003
1.000004
1.000004
1.000005
1.000005
1.000005
1.000005
1.000004
1.000004
1.000002
1.000000
1.000000
1.000000
1.000000
1.000000
1.000000
1.000000
1.000000
1.000000
1.000000
1.000000
1.000000
1.000000
1.000000
1.000000
1.000000
1.000000
1.000000
1.000000
1.000000
1.000000
1.000000
1.000000
1.000000
1.000000
1.000000
1.000000
1.000000
1.000000
1.000000
1.000000
1.000000
1.000000
1.000000
1.000000
1.000000
1.000000
1.000000
1.000000
1.000000
1.000000
1.000000
1.000000
1.000000
1.000000
1.000000
1.000000
1.000000
1.000000
1.000000
1.000000
1.000000
1.000000
1.000000
1.000000
1.000000
1.000000
1.000000
1.000000
1.000000
1.000000
1.000000
1.000000
1.000000
1.000000
1.000000
1.000000
1.000000
1.000000
1.000000
1.000000
1.000000
1.000000
1.000000
1.000000
1.000000
1.000000
1.000000
1.000000
1.000000
1.000000
1.000000
1.000000
1.000000
1.000000
1.000000
1.000000
1.000000
1.000000
1.000000
1.000000
1.000000
1.000000
1.000000
1.000000
1.000000
1.000000
1.000000
1.000000
1.000000
1.000000
1.000000
1.000000
1.000000
1.000000
1.000000
1.000000
1.000000
1.000000
1.000000
1.000000
1.000000
1.000000
1.000000
1.000000
1.000000
1.000000
1.000000
1.000000
1.000000
1.000000
1.000000
1.000000
1.000000
1.000000
1.000000
1.000000
1.000000
1.000000
1.000000
1.000000
1.000000
1.000000
1.000000
1.000000
1.000000
1.000000
1.000000
1.000000
1.000000
1.000000
1.000000
1.000000
1.000000
1.000000
1.000000
1.000000
1.000000
1.000000
1.000000
1.000000
1.000000
1.000000
1.000000
1.000000
1.000000
1.000000
1.000000
1.000000
1.000000
1.000000
1.000000
1.000000
1.000000
1.000000
1.000000
1.000000
1.000000
1.000000
1.000000
1.000000
1.000000
1.000000
1.000000
1.000000
1.000000
1.000000
1.000000
1.000000
1.000000
1.000000
1.000000
1.000000
1.000000
1.000000
1.000000
1.000000
1.000000
1.000000
1.000000
1.000000
1.000000
1.000000
1.000000
1.000000
1.000000
1.000000
1.000000
1.000000
1.000000
1.000000
1.000000
1.000000
1.000000
1.000000
1.000000
1.000000
1.000000
1.000000
1.000000
1.000000
1.000000
1.000000
1.000000
1.000000
1.000000
1.000000
1.000000
1.000000
1.000000
1.000000
1.000000
1.000000
1.000000
1.000000
1.000000
1.000000
1.000000
1.000000
1.000000
1.000000
1.000000
1.000000
1.000000
1.000000
1.000000
1.000000
1.000000
1.000000
1.000000
1.000000
1.000000
1.000000
1.000000
1.000000
1.000000
1.000000
1.000000
1.000000
1.000000
1.000000
1.000000
1.000000
1.000000
1.000000
1.000000
1.000000
1.000000
1.000000
1.000000
1.000000
1.000000
1.000000
1.000000
1.000000
1.000000
1.000000
1.000000
1.000000
1.000000
1.000000
1.000000
1.000000
1.000000
1.000000
1.000000
1.000000
1.000000
1.000000
1.000000
1.000000
1.000000
1.000000
1.000000
1.000000
1.000000
1.000000
1.000000
1.000000
1.000000
1.000000
1.000000
1.000000
1.000000
1.000000
1.000000
1.000000
1.000000
1.000000
1.000000
1.000000
1.000000
1.000000
1.000000
1.000000
1.000000
1.000000
1.000000
1.000000
1.000000
1.000000
1.000000
1.000000
1.000000
1.000000
1.000000
1.000000
1.000000
1.000000
1.000000
1.000000
1.000000
1.000000
1.000000
1.000000
1.000000
1.000000
1.000000
1.000000
1.000000
1.000000
1.000000
1.000000
1.000000
1.000000
1.000000
1.000000
1.000000
1.000000
1.000000
1.000000
1.000000
1.000000
1.000000
1.000000
1.000000
1.000000
