1.000000
1.000000
1.000000
1.000000
1.000000
1.000000
1.000000
1.000000
1.000000
1.000000
1.000000
1.000000
1.000000
1.000000
1.000000
1.000000
1.000000
1.000000
1.000000
1.000000
1.000000
1.000000
1.000000
1.000000
1.000000
1.000000
1.000000
1.000000
1.000000
1.000000
1.000000
1.000000
1.000000
1.000000
1.000000
1.000000
1.000000
1.000000
1.000000
1.000000
1.000000
1.000000
1.000000
1.000000
1.000000
1.000000
1.000000
1.000000
1.000000
1.000000
1.000000
1.000000
1.000000
1.000000
1.000000
1.000000
1.000000
1.000000
1.000000
1.000000
1.000000
1.000000
1.000000
1.000000
1.000000
1.000000
1.000000
1.000000
1.000000
1.000000
1.000000
1.000000
1.000000
1.000000
1.000000
1.000000
1.000000
1.000000
1.000000
1.000000
1.000000
1.000000
1.000000
1.000000
1.000000
1.000000
1.000000
1.000000
1.000000
1.000000
1.000000
1.000000
1.000000
1.000000
1.000000
1.000000
1.000000
1.000000
1.000000
1.000000
1.000000
1.000000
1.000000
1.000000
1.000000
1.000000
1.000000
1.000000
1.000000
1.000000
1.000000
1.000000
1.000000
1.000000
1.000000
1.000000
1.000000
1.000000
1.000000
1.000000
1.000000
1.000000
1.000000
1.000000
1.000000
1.000000
1.000000
1.000000
1.000000
1.000000
1.000000
1.000000
1.000000
1.000000
1.000000
1.000000
1.000000
1.000000
1.000000
1.000000
1.000000
1.000000
1.000000
1.000000
1.000000
1.000000
1.000000
1.000000
1.000000
1.000000
1.000000
1.000000
1.000000
1.000000
1.000000
1.000000
1.000000
1.000000
1.000000
1.000000
1.000000
1.000000
1.000000
1.000000
1.000000
1.000000
1.000000
1.000000
1.000000
1.000000
1.000000
1.000000
1.000000
1.000000
1.000000
1.000000
1.000000
1.000000
1.000000
1.000000
1.000000
1.000000
1.000000
1.000000
1.000000
1.000000
1.000000
1.000000
1.000000
1.000000
1.000000
1.000000
1.000000
1.000000
1.000000
1.000000
1.000000
1.000000
1.000000
1.000000
1.000000
1.000000
1.000000
1.000000
1.000000
1.000000
1.000000
1.000000
1.000000
1.000000
1.000000
1.000000
1.000000
1.000000
1.000000
1.000000
1.000000
1.000000
1.000000
1.000002
1.000002
1.000002
1.000002
1.000002
1.000002
1.000000
1.000000
1.000000
1.000000
1.000000
1.000000
1.000000
1.000000
1.000000
1.000000
1.000000
1.000000
1.000000
1.000000
1.000000
1.000000
1.000000
1.000000
1.000000
1.000000
1.000000
1.000000
1.000000
1.000000
1.000000
1.000000
1.000000
1.000000
1.000000
1.000000
1.000010
1.000013
1.000027
1.000040
1.000062
1.000070
1.000070
1.000070
1.000070
1.000070
1.000069
1.000064
1.000051
1.000037
1.000020
1.000007
1.000000
1.000000
1.000000
1.000000
1.000000
1.000000
1.000000
1.000000
1.000000
1.000000
1.000000
1.000000
1.000000
1.000000
1.000000
1.000000
1.000000
1.000000
1.000000
1.000000
1.000000
1.000000
1.000000
1.000000
1.000013
1.000085
1.000214
1.000382
1.000523
1.000623
1.000673
1.000696
1.000710
1.000713
1.000708
1.000691
1.000625
1.000499
1.000331
1.000183
1.000081
1.000033
1.000013
1.000000
1.000000
1.000000
1.000000
1.000000
1.000000
1.000000
1.000000
1.000000
1.000000
1.000000
1.000000
1.000000
1.000000
1.000000
1.000000
1.000000
1.000000
1.000000
1.000000
1.000013
1.000052
1.000215
1.000694
1.001626
1.002809
1.003869
1.004595
1.004994
1.005179
1.005250
1.005274
1.005248
1.005112
1.004691
1.003784
1.002548
1.001410
1.000646
1.000251
1.000082
1.000025
1.000006
1.000000
1.000000
1.000000
1.000000
1.000000
1.000000
1.000000
1.000000
1.000000
1.000000
1.000000
1.000000
1.000000
1.000000
1.000000
1.000000
1.000000
1.000013
1.000059
1.000299
1.001209
1.003762
1.008667
1.014826
1.020365
1.024222
1.026410
1.027457
1.027888
1.028017
1.027916
1.027290
1.025253
1.020705
1.014220
1.008002
1.003711
1.001444
1.000480
1.000140
1.000036
1.000011
1.000000
1.000000
1.000000
1.000000
1.000000
1.000000
1.000000
1.000000
1.000000
1.000000
1.000000
1.000000
1.000000
1.000000
1.000000
1.000000
1.000032
1.000219
1.001108
1.004421
1.013474
1.030359
1.051207
1.070041
1.083504
1.091487
1.095526
1.097296
1.097911
1.097722
1.095944
1.089849
1.075456
1.053365
1.030762
1.014473
1.005669
1.001891
1.000548
1.000140
1.000033
1.000010
1.000000
1.000000
1.000000
1.000000
1.000000
1.000000
1.000000
1.000000
1.000000
1.000000
1.000000
1.000000
1.000000
1.000000
1.000013
1.000081
1.000505
1.002531
1.010004
1.030025
1.066550
1.111352
1.152508
1.183098
1.202292
1.212698
1.217629
1.219578
1.219597
1.216460
1.204893
1.175950
1.127979
1.075353
1.035763
1.013997
1.004646
1.001338
1.000339
1.000078
1.000021
1.000004
1.000000
1.000000
1.000000
1.000000
1.000000
1.000000
1.000000
1.000000
1.000000
1.000000
1.000000
1.000000
1.000000
1.000019
1.000138
1.000838
1.004161
1.016363
1.048754
1.107328
1.179654
1.247886
1.300914
1.336204
1.356700
1.367183
1.371789
1.372677
1.368546
1.351657
1.307096
1.228151
1.136157
1.064627
1.025071
1.008226
1.002342
1.000592
1.000136
1.000033
1.000007
1.000000
1.000000
1.000000
1.000000
1.000000
1.000000
1.000000
1.000000
1.000000
1.000000
1.000000
1.000000
1.000000
1.000024
1.000183
1.001108
1.005529
1.021746
1.064766
1.142751
1.240568
1.335740
1.413042
1.467365
1.500929
1.519287
1.528041
1.530661
1.526163
1.504825
1.445800
1.335610
1.201299
1.094820
1.036241
1.011704
1.003289
1.000824
1.000186
1.000043
1.000008
1.000000
1.000000
1.000000
1.000000
1.000000
1.000000
1.000000
1.000000
1.000000
1.000000
1.000000
1.000000
1.000000
1.000029
1.000212
1.001288
1.006438
1.025388
1.075871
1.168169
1.286166
1.404477
1.504447
1.578072
1.625990
1.653689
1.667755
1.672884
1.668627
1.643782
1.572204
1.433496
1.259524
1.120726
1.045356
1.014413
1.003997
1.000990
1.000222
1.000048
1.000009
1.000000
1.000000
1.000000
1.000000
1.000000
1.000000
1.000000
1.000000
1.000000
1.000000
1.000000
1.000000
1.000000
1.000031
1.000228
1.001389
1.006939
1.027445
1.082374
1.183790
1.315756
1.451518
1.570036
1.660694
1.722199
1.759330
1.779102
1.787135
1.783523
1.755970
1.673949
1.511204
1.304168
1.139543
1.051597
1.016171
1.004438
1.001089
1.000242
1.000051
1.000009
1.000000
1.000000
1.000000
1.000000
1.000000
1.000000
1.000000
1.000000
1.000000
1.000000
1.000000
1.000000
1.000000
1.000031
1.000236
1.001433
1.007175
1.028444
1.085672
1.192181
1.332676
1.480061
1.611940
1.715750
1.788413
1.833731
1.858704
1.869521
1.866687
1.837082
1.746824
1.565485
1.333925
1.151326
1.055262
1.017146
1.004670
1.001138
1.000253
1.000052
1.000010
1.000000
1.000000
1.000000
1.000000
1.000000
1.000000
1.000000
1.000000
1.000000
1.000000
1.000000
1.000000
1.000000
1.000032
1.000237
1.001449
1.007273
1.028868
1.087144
1.196170
1.341283
1.495525
1.635898
1.748623
1.829275
1.880735
1.909769
1.922835
1.920687
1.889585
1.793317
1.598968
1.351297
1.157763
1.057138
1.017618
1.004779
1.001160
1.000255
1.000052
1.000010
1.000000
1.000000
1.000000
1.000000
1.000000
1.000000
1.000000
1.000000
1.000000
1.000000
1.000000
1.000000
1.000000
1.000032
1.000237
1.001456
1.007305
1.029013
1.087693
1.197805
1.345128
1.502951
1.648098
1.766144
1.851800
1.907262
1.939028
1.953646
1.951978
1.919852
1.819595
1.617095
1.360096
1.160777
1.057950
1.017808
1.004820
1.001169
1.000257
1.000052
1.000010
1.000000
1.000000
1.000000
1.000000
1.000000
1.000000
1.000000
1.000000
1.000000
1.000000
1.000000
1.000000
1.000000
1.000031
1.000236
1.001450
1.007283
1.028945
1.087593
1.197906
1.345981
1.505329
1.652752
1.773520
1.861865
1.919553
1.952874
1.968383
1.966959
1.934128
1.831371
1.624250
1.362762
1.161304
1.057964
1.017778
1.004804
1.001162
1.000255
1.000052
1.000010
1.000000
1.000000
1.000000
1.000000
1.000000
1.000000
1.000000
1.000000
1.000000
1.000000
1.000000
1.000000
1.000000
1.000030
1.000228
1.001407
1.007085
1.028246
1.085828
1.194796
1.341833
1.500748
1.648342
1.769699
1.858787
1.917142
1.950928
1.966661
1.965124
1.931480
1.826665
1.617061
1.355741
1.157106
1.056213
1.017198
1.004639
1.001121
1.000245
1.000050
1.000009
1.000000
1.000000
1.000000
1.000000
1.000000
1.000000
1.000000
1.000000
1.000000
1.000000
1.000000
1.000000
1.000000
1.000025
1.000206
1.001254
1.006352
1.025583
1.078768
1.181417
1.322103
1.475662
1.619005
1.737018
1.823494
1.879881
1.912279
1.927028
1.924474
1.888955
1.781157
1.572049
1.322122
1.139704
1.049481
1.015060
1.004052
1.000978
1.000215
1.000043
1.000007
1.000000
1.000000
1.000000
1.000000
1.000000
1.000000
1.000000
1.000000
1.000000
1.000000
1.000000
1.000000
1.000000
1.000018
1.000157
1.000965
1.004939
1.020211
1.063614
1.150329
1.272641
1.408512
1.536153
1.640874
1.716706
1.765228
1.792359
1.803809
1.798846
1.760810
1.652905
1.459345
1.248291
1.105006
1.036798
1.011159
1.002997
1.000723
1.000158
1.000030
1.000005
1.000000
1.000000
1.000000
1.000000
1.000000
1.000000
1.000000
1.000000
1.000000
1.000000
1.000000
1.000000
1.000000
1.000012
1.000098
1.000622
1.003228
1.013423
1.043233
1.104997
1.194738
1.295914
1.390802
1.467327
1.521095
1.554132
1.571627
1.577803
1.570679
1.534886
1.443058
1.296695
1.154323
1.064230
1.022458
1.006826
1.001837
1.000440
1.000095
1.000017
1.000001
1.000000
1.000000
1.000000
1.000000
1.000000
1.000000
1.000000
1.000000
1.000000
1.000000
1.000000
1.000000
1.000000
1.000005
1.000051
1.000338
1.001765
1.007436
1.024369
1.060340
1.113386
1.173019
1.227731
1.270167
1.298471
1.314834
1.322845
1.324795
1.318514
1.293571
1.235344
1.152027
1.077602
1.032270
1.011358
1.003475
1.000940
1.000226
1.000049
1.000007
1.000000
1.000000
1.000000
1.000000
1.000000
1.000000
1.000000
1.000000
1.000000
1.000000
1.000000
1.000000
1.000000
1.000000
1.000000
1.000023
1.000155
1.000815
1.003469
1.011490
1.028710
1.054032
1.081876
1.106395
1.124383
1.135628
1.141688
1.144397
1.144655
1.141074
1.128502
1.100966
1.064170
1.032685
1.013698
1.004869
1.001502
1.000408
1.000096
1.000021
1.000002
1.000000
1.000000
1.000000
1.000000
1.000000
1.000000
1.000000
1.000000
1.000000
1.000000
1.000000
1.000000
1.000000
1.000000
1.000000
1.000010
1.000057
1.000323
1.001385
1.004613
1.011552
1.021620
1.032346
1.041353
1.047583
1.051233
1.053071
1.053819
1.053754
1.052245
1.047282
1.036799
1.023287
1.011914
1.005039
1.001808
1.000561
1.000152
1.000036
1.000006
1.000000
1.000000
1.000000
1.000000
1.000000
1.000000
1.000000
1.000000
1.000000
1.000000
1.000000
1.000000
1.000000
1.000000
1.000000
1.000000
1.000000
1.000018
1.000112
1.000480
1.001607
1.004020
1.007463
1.011017
1.013871
1.015743
1.016779
1.017271
1.017454
1.017399
1.016878
1.015225
1.011802
1.007469
1.003841
1.001636
1.000591
1.000183
1.000049
1.000011
1.000000
1.000000
1.000000
1.000000
1.000000
1.000000
1.000000
1.000000
1.000000
1.000000
1.000000
1.000000
1.000000
1.000000
1.000000
1.000000
1.000000
1.000000
1.000004
1.000030
1.000146
1.000492
1.001231
1.002269
1.003310
1.004115
1.004620
1.004887
1.005008
1.005051
1.005029
1.004871
1.004386
1.003394
1.002150
1.001109
1.000475
1.000172
1.000053
1.000013
1.000000
1.000000
1.000000
1.000000
1.000000
1.000000
1.000000
1.000000
1.000000
1.000000
1.000000
1.000000
1.000000
1.000000
1.000000
1.000000
1.000000
1.000000
1.000000
1.000000
1.000007
1.000037
1.000134
1.000336
1.000615
1.000890
1.001095
1.001221
1.001283
1.001311
1.001322
1.001313
1.001271
1.001144
1.000884
1.000560
1.000289
1.000123
1.000044
1.000012
1.000000
1.000000
1.000000
1.000000
1.000000
1.000000
1.000000
1.000000
1.000000
1.000000
1.000000
1.000000
1.000000
1.000000
1.000000
1.000000
1.000000
1.000000
1.000000
1.000000
1.000000
1.000000
1.000007
1.000031
1.000080
1.000149
1.000215
1.000262
1.000291
1.000306
1.000313
1.000314
1.000312
1.000302
1.000271
1.000209
1.000132
1.000068
1.000027
1.000008
1.000000
1.000000
1.000000
1.000000
1.000000
1.000000
1.000000
1.000000
1.000000
1.000000
1.000000
1.000000
1.000000
1.000000
1.000000
1.000000
1.000000
1.000000
1.000000
1.000000
1.000000
1.000000
1.000000
1.000000
1.000005
1.000015
1.000031
1.000047
1.000057
1.000063
1.000066
1.000066
1.000066
1.000066
1.000064
1.000057
1.000043
1.000027
1.000011
1.000003
1.000000
1.000000
1.000000
1.000000
1.000000
1.000000
1.000000
1.000000
1.000000
1.000000
1.000000
1.000000
1.000000
1.000000
1.000000
1.000000
1.000000
1.000000
1.000000
1.000000
1.000000
1.000000
1.000000
1.000000
1.000000
1.000000
1.000001
1.000005
1.000007
1.000009
1.000010
1.000010
1.000010
1.000010
1.000010
1.000010
1.000009
1.000006
1.000003
1.000000
1.000000
1.000000
1.000000
1.000000
1.000000
1.000000
1.000000
1.000000
1.000000
1.000000
1.000000
1.000000
1.000000
1.000000
1.000000
1.000000
1.000000
1.000000
1.000000
1.000000
1.000000
1.000000
1.000000
1.000000
1.000000
1.000000
1.000000
1.000000
1.000000
1.000000
1.000000
1.000000
1.000000
1.000000
1.000000
1.000000
1.000000
1.000000
1.000000
1.000000
1.000000
1.000000
1.000000
1.000000
1.000000
1.000000
1.000000
1.000000
1.000000
1.000000
1.000000
1.000000
1.000000
1.000000
1.000000
1.000000
1.000000
1.000000
1.000000
1.000000
1.000000
1.000000
1.000000
1.000000
1.000000
1.000000
1.000000
1.000000
1.000000
1.000000
1.000000
1.000000
1.000000
1.000000
1.000000
1.000000
1.000000
1.000000
1.000000
1.000000
1.000000
1.000000
1.000000
1.000000
1.000000
1.000000
1.000000
1.000000
1.000000
1.000000
1.000000
1.000000
1.000000
1.000000
1.000000
1.000000
1.000000
1.000000
1.000000
1.000000
1.000000
1.000000
1.000000
1.000000
1.000000
1.000000
1.000000
1.000000
1.000000
1.000000
1.000000
1.000000
1.000000
1.000000
1.000000
1.000000
1.000000
1.000000
1.000000
1.000000
1.000000
1.000000
1.000000
1.000000
1.000000
1.000000
1.000000
1.000000
1.000000
1.000000
1.000000
1.000000
1.000000
1.000000
1.000000
1.000000
1.000000
1.000000
1.000000
1.000000
1.000000
1.000000
1.000000
1.000000
1.000000
1.000000
1.000000
1.000000
1.000000
1.000000
1.000000
1.000000
1.000000
1.000000
1.000000
1.000000
1.000000
1.000000
1.000000
1.000000
1.000000
1.000000
1.000000
1.000000
1.000000
1.000000
1.000000
1.000000
1.000000
1.000000
1.000000
1.000000
1.000000
1.000000
1.000000
1.000000
1.000000
1.000000
1.000000
1.000000
1.000000
1.000000
1.000000
1.000000
1.000000
1.000000
1.000000
1.000000
1.000000
1.000000
1.000000
1.000000
1.000000
1.000000
1.000000
1.000000
1.000000
1.000000
1.000000
1.000000
1.000000
1.000000
1.000000
1.000000
1.000000
1.000000
1.000000
1.000000
1.000000
1.000000
1.000000
1.000000
1.000000
1.000000
1.000000
1.000000
1.000000
1.000000
1.000000
1.000000
1.000000
1.000000
1.000000
1.000000
1.000000
1.000000
1.000000
1.000000
1.000000
1.000000
1.000000
1.000000
1.000000
1.000000
1.000000
1.000000
1.000000
1.000000
1.000000
1.000000
1.000000
1.000000
1.000000
1.000000
1.000000
1.000000
1.000000
1.000000
1.000000
1.000000
1.000000
1.000000
1.000000
1.000000
1.000000
1.000000
1.000000
1.000000
1.000000
1.000000
1.000000
1.000000
1.000000
1.000000
1.000000
1.000000
1.000000
1.000000
1.000000
1.000000
1.000000
1.000000
1.000000
1.000000
1.000000
1.000000
1.000000
1.000000
1.000000
1.000000
1.000000
1.000000
1.000000
1.000000
1.000000
1.000000
1.000000
1.000000
1.000000
1.000000
1.000000
1.000000
1.000000
1.000000
1.000000
1.000000
1.000000
1.000000
1.000000
1.000000
1.000000
1.000000
1.000000
1.000000
1.000000
1.000000
1.000000
1.000000
1.000000
1.000000
1.000000
1.000000
1.000000
1.000000
1.000000
1.000000
1.000000
1.000000
1.000000
1.000000
1.000000
1.000000
1.000000
1.000000
1.000000
1.000000
1.000000
1.000000
1.000000
1.000000
1.000000
1.000000
1.000000
1.000000
1.000000
1.000000
1.000000
1.000000
1.000000
1.000000
1.000000
1.000000
1.000000
1.000000
1.000000
