1.000000
1.000000
1.000000
1.000000
1.000000
1.000000
1.000000
1.000000
1.000000
1.000000
1.000000
1.000000
1.000000
1.000000
1.000000
1.000000
1.000000
1.000000
1.000000
1.000000
1.000000
1.000000
1.000000
1.000000
1.000000
1.000000
1.000000
1.000000
1.000000
1.000000
1.000000
1.000000
1.000000
1.000000
1.000000
1.000000
1.000000
1.000000
1.000000
1.000000
1.000000
1.000000
1.000000
1.000000
1.000000
1.000000
1.000000
1.000000
1.000000
1.000000
1.000000
1.000000
1.000000
1.000000
1.000000
1.000000
1.000000
1.000000
1.000000
1.000000
1.000000
1.000000
1.000000
1.000000
1.000000
1.000000
1.000000
1.000000
1.000000
1.000000
1.000000
1.000000
1.000000
1.000000
1.000000
1.000000
1.000000
1.000000
1.000000
1.000000
1.000000
1.000000
1.000000
1.000000
1.000000
1.000000
1.000000
1.000000
1.000000
1.000000
1.000000
1.000000
1.000000
1.000000
1.000000
1.000000
1.000000
1.000000
1.000000
1.000000
1.000000
1.000000
1.000000
1.000000
1.000000
1.000000
1.000000
1.000000
1.000000
1.000000
1.000000
1.000000
1.000000
1.000000
1.000000
1.000000
1.000000
1.000000
1.000000
1.000000
1.000000
1.000000
1.000000
1.000000
1.000000
1.000000
1.000000
1.000000
1.000000
1.000000
1.000000
1.000000
1.000000
1.000000
1.000000
1.000000
1.000000
1.000000
1.000000
1.000000
1.000000
1.000000
1.000000
1.000000
1.000000
1.000000
1.000000
1.000000
1.000000
1.000000
1.000000
1.000000
1.000000
1.000000
1.000000
1.000000
1.000000
1.000000
1.000000
1.000000
1.000000
1.000000
1.000000
1.000000
1.000000
1.000000
1.000000
1.000000
1.000000
1.000000
1.000000
1.000000
1.000000
1.000000
1.000000
1.000000
1.000000
1.000000
1.000000
1.000000
1.000000
1.000000
1.000000
1.000000
1.000000
1.000000
1.000000
1.000000
1.000000
1.000000
1.000000
1.000000
1.000000
1.000000
1.000000
1.000000
1.000000
1.000000
1.000000
1.000000
1.000000
1.000000
1.000000
1.000000
1.000000
1.000000
1.000000
1.000000
1.000000
1.000000
1.000000
1.000000
1.000000
1.000000
1.000000
1.000000
1.000000
1.000000
1.000000
1.000000
1.000000
1.000000
1.000000
1.000000
1.000000
1.000000
1.000000
1.000000
1.000000
1.000000
1.000000
1.000000
1.000000
1.000000
1.000000
1.000000
1.000000
1.000000
1.000000
1.000000
1.000000
1.000000
1.000000
1.000000
1.000000
1.000000
1.000000
1.000000
1.000000
1.000000
1.000000
1.000000
1.000000
1.000000
1.000000
1.000007
1.000013
1.000027
1.000040
1.000042
1.000043
1.000044
1.000044
1.000044
1.000044
1.000042
1.000039
1.000026
1.000013
1.000004
1.000000
1.000000
1.000000
1.000000
1.000000
1.000000
1.000000
1.000000
1.000000
1.000000
1.000000
1.000000
1.000000
1.000000
1.000000
1.000000
1.000000
1.000000
1.000000
1.000000
1.000000
1.000000
1.000000
1.000000
1.000000
1.000013
1.000080
1.000209
1.000362
1.000476
1.000533
1.000560
1.000570
1.000572
1.000573
1.000569
1.000556
1.000497
1.000365
1.000205
1.000089
1.000034
1.000012
1.000000
1.000000
1.000000
1.000000
1.000000
1.000000
1.000000
1.000000
1.000000
1.000000
1.000000
1.000000
1.000000
1.000000
1.000000
1.000000
1.000000
1.000000
1.000000
1.000000
1.000000
1.000000
1.000034
1.000202
1.000769
1.002017
1.003456
1.004536
1.005131
1.005391
1.005483
1.005513
1.005522
1.005495
1.005359
1.004835
1.003578
1.002049
1.000915
1.000328
1.000097
1.000025
1.000006
1.000000
1.000000
1.000000
1.000000
1.000000
1.000000
1.000000
1.000000
1.000000
1.000000
1.000000
1.000000
1.000000
1.000000
1.000000
1.000000
1.000000
1.000000
1.000004
1.000041
1.000267
1.001387
1.005212
1.013387
1.022760
1.029888
1.033948
1.035798
1.036501
1.036727
1.036771
1.036633
1.035825
1.032647
1.024687
1.014471
1.006565
1.002373
1.000705
1.000178
1.000041
1.000008
1.000000
1.000000
1.000000
1.000000
1.000000
1.000000
1.000000
1.000000
1.000000
1.000000
1.000000
1.000000
1.000000
1.000000
1.000000
1.000000
1.000000
1.000017
1.000178
1.001165
1.005871
1.021484
1.053439
1.089528
1.117574
1.134386
1.142605
1.145986
1.147175
1.147478
1.147097
1.144471
1.133687
1.104755
1.063741
1.029611
1.010817
1.003230
1.000813
1.000177
1.000035
1.000008
1.000000
1.000000
1.000000
1.000000
1.000000
1.000000
1.000000
1.000000
1.000000
1.000000
1.000000
1.000000
1.000000
1.000000
1.000000
1.000007
1.000049
1.000394
1.002544
1.012700
1.045831
1.112148
1.187631
1.248737
1.287897
1.308720
1.318128
1.321791
1.322928
1.322447
1.317701
1.297321
1.239394
1.149738
1.070325
1.025594
1.007568
1.001888
1.000408
1.000079
1.000015
1.000001
1.000000
1.000000
1.000000
1.000000
1.000000
1.000000
1.000000
1.000000
1.000000
1.000000
1.000000
1.000000
1.000000
1.000000
1.000011
1.000074
1.000591
1.003818
1.019046
1.068561
1.167494
1.282748
1.380554
1.447451
1.485867
1.504741
1.512759
1.515592
1.515389
1.508860
1.479515
1.392465
1.248956
1.116672
1.041855
1.012168
1.002989
1.000640
1.000123
1.000023
1.000003
1.000000
1.000000
1.000000
1.000000
1.000000
1.000000
1.000000
1.000000
1.000000
1.000000
1.000000
1.000000
1.000000
1.000000
1.000012
1.000089
1.000720
1.004657
1.023313
1.084250
1.207190
1.354485
1.485110
1.579573
1.637354
1.667703
1.681506
1.686818
1.687298
1.679460
1.642585
1.530012
1.337184
1.156306
1.055018
1.015701
1.003800
1.000803
1.000151
1.000027
1.000004
1.000000
1.000000
1.000000
1.000000
1.000000
1.000000
1.000000
1.000000
1.000000
1.000000
1.000000
1.000000
1.000000
1.000000
1.000012
1.000098
1.000783
1.005088
1.025573
1.092915
1.230446
1.399385
1.554640
1.671880
1.747111
1.788639
1.808487
1.816569
1.817957
1.809213
1.766358
1.633345
1.401354
1.183479
1.063446
1.017829
1.004264
1.000893
1.000167
1.000030
1.000004
1.000000
1.000000
1.000000
1.000000
1.000000
1.000000
1.000000
1.000000
1.000000
1.000000
1.000000
1.000000
1.000000
1.000000
1.000012
1.000100
1.000807
1.005271
1.026561
1.096909
1.241962
1.423370
1.594340
1.727440
1.815754
1.866206
1.891147
1.901676
1.903931
1.894581
1.847311
1.699497
1.440487
1.198911
1.067891
1.018882
1.004483
1.000933
1.000173
1.000030
1.000004
1.000000
1.000000
1.000000
1.000000
1.000000
1.000000
1.000000
1.000000
1.000000
1.000000
1.000000
1.000000
1.000000
1.000000
1.000012
1.000101
1.000817
1.005338
1.026929
1.098488
1.246881
1.434476
1.614037
1.756525
1.853090
1.909466
1.937928
1.950206
1.953104
1.943366
1.893164
1.735886
1.460792
1.206334
1.069875
1.019322
1.004571
1.000948
1.000175
1.000030
1.000004
1.000000
1.000000
1.000000
1.000000
1.000000
1.000000
1.000000
1.000000
1.000000
1.000000
1.000000
1.000000
1.000000
1.000000
1.000012
1.000101
1.000819
1.005357
1.027047
1.099031
1.248717
1.438981
1.622604
1.769861
1.870854
1.930545
1.961037
1.974348
1.977633
1.967666
1.915754
1.753212
1.469866
1.209407
1.070638
1.019482
1.004600
1.000952
1.000175
1.000030
1.000004
1.000000
1.000000
1.000000
1.000000
1.000000
1.000000
1.000000
1.000000
1.000000
1.000000
1.000000
1.000000
1.000000
1.000000
1.000012
1.000101
1.000819
1.005360
1.027068
1.099159
1.249253
1.440498
1.625775
1.775116
1.878145
1.939412
1.970895
1.984717
1.988194
1.978102
1.925315
1.760217
1.473228
1.210415
1.070855
1.019521
1.004606
1.000952
1.000175
1.000030
1.000004
1.000000
1.000000
1.000000
1.000000
1.000000
1.000000
1.000000
1.000000
1.000000
1.000000
1.000000
1.000000
1.000000
1.000000
1.000012
1.000101
1.000815
1.005335
1.026948
1.098801
1.248634
1.439850
1.625437
1.775351
1.879019
1.940808
1.972625
1.986620
1.990151
1.979971
1.926726
1.760466
1.472400
1.209628
1.070500
1.019409
1.004577
1.000947
1.000174
1.000030
1.000004
1.000000
1.000000
1.000000
1.000000
1.000000
1.000000
1.000000
1.000000
1.000000
1.000000
1.000000
1.000000
1.000000
1.000000
1.000011
1.000096
1.000779
1.005129
1.026003
1.095824
1.242596
1.430903
1.614161
1.762300
1.864661
1.925546
1.956800
1.970483
1.973833
1.963415
1.909567
1.742628
1.457376
1.201398
1.067438
1.018528
1.004365
1.000902
1.000166
1.000028
1.000004
1.000000
1.000000
1.000000
1.000000
1.000000
1.000000
1.000000
1.000000
1.000000
1.000000
1.000000
1.000000
1.000000
1.000000
1.000008
1.000080
1.000643
1.004260
1.021901
1.082378
1.213784
1.386117
1.555368
1.692013
1.785543
1.840312
1.867864
1.879600
1.881975
1.870740
1.815725
1.651018
1.386934
1.165507
1.054605
1.014909
1.003502
1.000723
1.000134
1.000022
1.000002
1.000000
1.000000
1.000000
1.000000
1.000000
1.000000
1.000000
1.000000
1.000000
1.000000
1.000000
1.000000
1.000000
1.000000
1.000004
1.000050
1.000420
1.002835
1.014846
1.057437
1.154466
1.285769
1.415773
1.519349
1.588123
1.626714
1.645177
1.652532
1.653122
1.641793
1.591316
1.451721
1.254341
1.105320
1.034384
1.009373
1.002200
1.000452
1.000082
1.000012
1.000000
1.000000
1.000000
1.000000
1.000000
1.000000
1.000000
1.000000
1.000000
1.000000
1.000000
1.000000
1.000000
1.000000
1.000000
1.000000
1.000025
1.000220
1.001496
1.007952
1.031465
1.086972
1.163220
1.237696
1.294737
1.330456
1.349149
1.357447
1.360426
1.359934
1.351718
1.318073
1.232842
1.126136
1.051551
1.016870
1.004624
1.001090
1.000224
1.000041
1.000005
1.000000
1.000000
1.000000
1.000000
1.000000
1.000000
1.000000
1.000000
1.000000
1.000000
1.000000
1.000000
1.000000
1.000000
1.000000
1.000000
1.000010
1.000090
1.000635
1.003422
1.013723
1.038416
1.072012
1.103593
1.126343
1.139558
1.145940
1.148552
1.149377
1.148907
1.144930
1.129468
1.092487
1.049406
1.020249
1.006686
1.001847
1.000437
1.000088
1.000016
1.000001
1.000000
1.000000
1.000000
1.000000
1.000000
1.000000
1.000000
1.000000
1.000000
1.000000
1.000000
1.000000
1.000000
1.000000
1.000000
1.000000
1.000000
1.000030
1.000224
1.001215
1.004907
1.013777
1.025571
1.036144
1.043284
1.047139
1.048864
1.049519
1.049699
1.049490
1.048069
1.042692
1.030194
1.016109
1.006650
1.002216
1.000616
1.000145
1.000029
1.000003
1.000000
1.000000
1.000000
1.000000
1.000000
1.000000
1.000000
1.000000
1.000000
1.000000
1.000000
1.000000
1.000000
1.000000
1.000000
1.000000
1.000000
1.000000
1.000010
1.000066
1.000365
1.001480
1.004151
1.007616
1.010588
1.012485
1.013448
1.013852
1.013996
1.014031
1.013963
1.013549
1.012005
1.008460
1.004522
1.001879
1.000630
1.000175
1.000041
1.000007
1.000000
1.000000
1.000000
1.000000
1.000000
1.000000
1.000000
1.000000
1.000000
1.000000
1.000000
1.000000
1.000000
1.000000
1.000000
1.000000
1.000000
1.000000
1.000000
1.000000
1.000016
1.000093
1.000384
1.001078
1.001958
1.002685
1.003130
1.003344
1.003428
1.003458
1.003467
1.003447
1.003342
1.002959
1.002082
1.001115
1.000465
1.000156
1.000043
1.000009
1.000000
1.000000
1.000000
1.000000
1.000000
1.000000
1.000000
1.000000
1.000000
1.000000
1.000000
1.000000
1.000000
1.000000
1.000000
1.000000
1.000000
1.000000
1.000000
1.000000
1.000000
1.000001
1.000019
1.000086
1.000245
1.000442
1.000600
1.000693
1.000736
1.000754
1.000760
1.000761
1.000756
1.000733
1.000648
1.000456
1.000244
1.000101
1.000033
1.000007
1.000000
1.000000
1.000000
1.000000
1.000000
1.000000
1.000000
1.000000
1.000000
1.000000
1.000000
1.000000
1.000000
1.000000
1.000000
1.000000
1.000000
1.000000
1.000000
1.000000
1.000000
1.000000
1.000000
1.000002
1.000014
1.000047
1.000087
1.000118
1.000137
1.000145
1.000148
1.000149
1.000149
1.000148
1.000144
1.000127
1.000089
1.000047
1.000018
1.000004
1.000000
1.000000
1.000000
1.000000
1.000000
1.000000
1.000000
1.000000
1.000000
1.000000
1.000000
1.000000
1.000000
1.000000
1.000000
1.000000
1.000000
1.000000
1.000000
1.000000
1.000000
1.000000
1.000000
1.000000
1.000000
1.000000
1.000007
1.000013
1.000020
1.000023
1.000024
1.000025
1.000025
1.000025
1.000024
1.000024
1.000021
1.000012
1.000005
1.000001
1.000000
1.000000
1.000000
1.000000
1.000000
1.000000
1.000000
1.000000
1.000000
1.000000
1.000000
1.000000
1.000000
1.000000
1.000000
1.000000
1.000000
1.000000
1.000000
1.000000
1.000000
1.000000
1.000000
1.000000
1.000000
1.000000
1.000000
1.000000
1.000000
1.000002
1.000002
1.000002
1.000002
1.000002
1.000002
1.000002
1.000002
1.000002
1.000000
1.000000
1.000000
1.000000
1.000000
1.000000
1.000000
1.000000
1.000000
1.000000
1.000000
1.000000
1.000000
1.000000
1.000000
1.000000
1.000000
1.000000
1.000000
1.000000
1.000000
1.000000
1.000000
1.000000
1.000000
1.000000
1.000000
1.000000
1.000000
1.000000
1.000000
1.000000
1.000000
1.000000
1.000000
1.000000
1.000000
1.000000
1.000000
1.000000
1.000000
1.000000
1.000000
1.000000
1.000000
1.000000
1.000000
1.000000
1.000000
1.000000
1.000000
1.000000
1.000000
1.000000
1.000000
1.000000
1.000000
1.000000
1.000000
1.000000
1.000000
1.000000
1.000000
1.000000
1.000000
1.000000
1.000000
1.000000
1.000000
1.000000
1.000000
1.000000
1.000000
1.000000
1.000000
1.000000
1.000000
1.000000
1.000000
1.000000
1.000000
1.000000
1.000000
1.000000
1.000000
1.000000
1.000000
1.000000
1.000000
1.000000
1.000000
1.000000
1.000000
1.000000
1.000000
1.000000
1.000000
1.000000
1.000000
1.000000
1.000000
1.000000
1.000000
1.000000
1.000000
1.000000
1.000000
1.000000
1.000000
1.000000
1.000000
1.000000
1.000000
1.000000
1.000000
1.000000
1.000000
1.000000
1.000000
1.000000
1.000000
1.000000
1.000000
1.000000
1.000000
1.000000
1.000000
1.000000
1.000000
1.000000
1.000000
1.000000
1.000000
1.000000
1.000000
1.000000
1.000000
1.000000
1.000000
1.000000
1.000000
1.000000
1.000000
1.000000
1.000000
1.000000
1.000000
1.000000
1.000000
1.000000
1.000000
1.000000
1.000000
1.000000
1.000000
1.000000
1.000000
1.000000
1.000000
1.000000
1.000000
1.000000
1.000000
1.000000
1.000000
1.000000
1.000000
1.000000
1.000000
1.000000
1.000000
1.000000
1.000000
1.000000
1.000000
1.000000
1.000000
1.000000
1.000000
1.000000
1.000000
1.000000
1.000000
1.000000
1.000000
1.000000
1.000000
1.000000
1.000000
1.000000
1.000000
1.000000
1.000000
1.000000
1.000000
1.000000
1.000000
1.000000
1.000000
1.000000
1.000000
1.000000
1.000000
1.000000
1.000000
1.000000
1.000000
1.000000
1.000000
1.000000
1.000000
1.000000
1.000000
1.000000
1.000000
1.000000
1.000000
1.000000
1.000000
1.000000
1.000000
1.000000
1.000000
1.000000
1.000000
1.000000
1.000000
1.000000
1.000000
1.000000
1.000000
1.000000
1.000000
1.000000
1.000000
1.000000
1.000000
1.000000
1.000000
1.000000
1.000000
1.000000
1.000000
1.000000
1.000000
1.000000
1.000000
1.000000
1.000000
1.000000
1.000000
1.000000
1.000000
1.000000
1.000000
1.000000
1.000000
1.000000
1.000000
1.000000
1.000000
1.000000
1.000000
1.000000
1.000000
1.000000
1.000000
1.000000
1.000000
1.000000
1.000000
1.000000
1.000000
1.000000
1.000000
1.000000
1.000000
1.000000
1.000000
1.000000
1.000000
1.000000
1.000000
1.000000
1.000000
1.000000
1.000000
1.000000
1.000000
1.000000
1.000000
1.000000
1.000000
1.000000
1.000000
1.000000
1.000000
1.000000
1.000000
1.000000
1.000000
1.000000
1.000000
1.000000
1.000000
1.000000
1.000000
1.000000
1.000000
1.000000
1.000000
1.000000
1.000000
1.000000
1.000000
1.000000
1.000000
1.000000
1.000000
1.000000
1.000000
1.000000
1.000000
1.000000
1.000000
1.000000
1.000000
1.000000
1.000000
1.000000
1.000000
1.000000
1.000000
1.000000
1.000000
1.000000
1.000000
1.000000
1.000000
1.000000
1.000000
1.000000
1.000000
1.000000
1.000000
1.000000
1.000000
1.000000
1.000000
1.000000
1.000000
1.000000
1.000000
1.000000
1.000000
1.000000
1.000000
1.000000
1.000000
1.000000
1.000000
1.000000
1.000000
1.000000
1.000000
1.000000
1.000000
1.000000
1.000000
1.000000
1.000000
1.000000
1.000000
1.000000
1.000000
1.000000
1.000000
1.000000
1.000000
1.000000
1.000000
1.000000
1.000000
1.000000
1.000000
1.000000
1.000000
1.000000
1.000000
