1.000000
1.000000
1.000000
1.000000
1.000000
1.000000
1.000000
1.000000
1.000000
1.000000
1.000000
1.000000
1.000000
1.000000
1.000000
1.000000
1.000000
1.000000
1.000000
1.000000
1.000000
1.000000
1.000000
1.000000
1.000000
1.000000
1.000000
1.000000
1.000000
1.000000
1.000000
1.000000
1.000000
1.000000
1.000000
1.000000
1.000000
1.000000
1.000000
1.000000
1.000000
1.000000
1.000000
1.000000
1.000000
1.000000
1.000000
1.000000
1.000000
1.000000
1.000000
1.000000
1.000000
1.000000
1.000000
1.000000
1.000000
1.000000
1.000000
1.000000
1.000000
1.000000
1.000000
1.000000
1.000000
1.000000
1.000000
1.000000
1.000000
1.000000
1.000000
1.000000
1.000000
1.000000
1.000000
1.000000
1.000000
1.000000
1.000000
1.000000
1.000000
1.000000
1.000000
1.000000
1.000000
1.000000
1.000000
1.000000
1.000000
1.000000
1.000000
1.000000
1.000000
1.000000
1.000000
1.000000
1.000000
1.000000
1.000000
1.000000
1.000000
1.000000
1.000000
1.000000
1.000000
1.000000
1.000000
1.000000
1.000000
1.000000
1.000000
1.000000
1.000000
1.000000
1.000000
1.000000
1.000000
1.000000
1.000000
1.000000
1.000000
1.000000
1.000000
1.000000
1.000000
1.000000
1.000000
1.000000
1.000000
1.000000
1.000000
1.000000
1.000000
1.000000
1.000000
1.000000
1.000000
1.000000
1.000000
1.000000
1.000000
1.000000
1.000000
1.000000
1.000000
1.000000
1.000000
1.000000
1.000000
1.000000
1.000000
1.000000
1.000000
1.000000
1.000000
1.000000
1.000000
1.000000
1.000000
1.000000
1.000000
1.000000
1.000000
1.000000
1.000000
1.000000
1.000000
1.000000
1.000000
1.000000
1.000000
1.000000
1.000000
1.000000
1.000000
1.000000
1.000000
1.000000
1.000000
1.000000
1.000000
1.000000
1.000000
1.000000
1.000000
1.000000
1.000000
1.000000
1.000000
1.000000
1.000000
1.000000
1.000000
1.000000
1.000000
1.000000
1.000000
1.000000
1.000000
1.000000
1.000000
1.000000
1.000000
1.000000
1.000000
1.000000
1.000000
1.000000
1.000000
1.000000
1.000000
1.000000
1.000000
1.000000
1.000000
1.000000
1.000000
1.000000
1.000000
1.000000
1.000000
1.000000
1.000000
1.000000
1.000000
1.000000
1.000000
1.000000
1.000000
1.000000
1.000000
1.000000
1.000000
1.000000
1.000000
1.000000
1.000000
1.000000
1.000000
1.000000
1.000000
1.000000
1.000000
1.000000
1.000000
1.000000
1.000000
1.000000
1.000000
1.000000
1.000000
1.000000
1.000000
1.000000
1.000000
1.000009
1.000013
1.000027
1.000040
1.000047
1.000050
1.000051
1.000051
1.000052
1.000051
1.000050
1.000043
1.000032
1.000018
1.000008
1.000000
1.000000
1.000000
1.000000
1.000000
1.000000
1.000000
1.000000
1.000000
1.000000
1.000000
1.000000
1.000000
1.000000
1.000000
1.000000
1.000000
1.000000
1.000000
1.000000
1.000000
1.000000
1.000000
1.000000
1.000000
1.000013
1.000084
1.000214
1.000374
1.000499
1.000567
1.000600
1.000614
1.000618
1.000619
1.000615
1.000600
1.000537
1.000406
1.000239
1.000112
1.000044
1.000016
1.000003
1.000000
1.000000
1.000000
1.000000
1.000000
1.000000
1.000000
1.000000
1.000000
1.000000
1.000000
1.000000
1.000000
1.000000
1.000000
1.000000
1.000000
1.000000
1.000000
1.000000
1.000004
1.000041
1.000211
1.000762
1.001930
1.003320
1.004419
1.005064
1.005365
1.005481
1.005520
1.005532
1.005503
1.005362
1.004860
1.003694
1.002221
1.001056
1.000406
1.000131
1.000037
1.000009
1.000000
1.000000
1.000000
1.000000
1.000000
1.000000
1.000000
1.000000
1.000000
1.000000
1.000000
1.000000
1.000000
1.000000
1.000000
1.000000
1.000000
1.000000
1.000008
1.000046
1.000281
1.001361
1.004837
1.012018
1.020490
1.027261
1.031349
1.033332
1.034136
1.034415
1.034476
1.034342
1.033571
1.030715
1.023815
1.014646
1.007080
1.002750
1.000883
1.000241
1.000057
1.000013
1.000000
1.000000
1.000000
1.000000
1.000000
1.000000
1.000000
1.000000
1.000000
1.000000
1.000000
1.000000
1.000000
1.000000
1.000000
1.000000
1.000000
1.000021
1.000194
1.001171
1.005511
1.019099
1.046089
1.077428
1.102877
1.118923
1.127213
1.130830
1.132185
1.132564
1.132220
1.129817
1.120496
1.096467
1.061462
1.030437
1.011961
1.003857
1.001052
1.000248
1.000052
1.000012
1.000000
1.000000
1.000000
1.000000
1.000000
1.000000
1.000000
1.000000
1.000000
1.000000
1.000000
1.000000
1.000000
1.000000
1.000000
1.000010
1.000058
1.000433
1.002593
1.012094
1.041304
1.098026
1.164081
1.219549
1.256645
1.277334
1.287188
1.291248
1.292601
1.292229
1.287905
1.270270
1.222079
1.145593
1.073160
1.028745
1.009202
1.002487
1.000582
1.000122
1.000026
1.000005
1.000000
1.000000
1.000000
1.000000
1.000000
1.000000
1.000000
1.000000
1.000000
1.000000
1.000000
1.000000
1.000000
1.000000
1.000013
1.000090
1.000664
1.003993
1.018585
1.063220
1.149553
1.251946
1.341577
1.405217
1.443385
1.463088
1.471929
1.475261
1.475315
1.469408
1.443905
1.370954
1.247346
1.124621
1.048435
1.015267
1.004066
1.000940
1.000194
1.000040
1.000007
1.000000
1.000000
1.000000
1.000000
1.000000
1.000000
1.000000
1.000000
1.000000
1.000000
1.000000
1.000000
1.000000
1.000000
1.000013
1.000112
1.000828
1.004982
1.023249
1.079304
1.188576
1.321440
1.442601
1.533333
1.591213
1.623146
1.638499
1.644801
1.645805
1.638812
1.606652
1.511544
1.343266
1.171795
1.065647
1.020312
1.005325
1.001217
1.000248
1.000048
1.000008
1.000000
1.000000
1.000000
1.000000
1.000000
1.000000
1.000000
1.000000
1.000000
1.000000
1.000000
1.000000
1.000000
1.000000
1.000015
1.000125
1.000918
1.005528
1.025896
1.088784
1.212801
1.367230
1.513042
1.627044
1.703388
1.747730
1.770190
1.779971
1.782268
1.774612
1.737080
1.623633
1.418076
1.206848
1.077657
1.023629
1.006112
1.001383
1.000279
1.000052
1.000009
1.000000
1.000000
1.000000
1.000000
1.000000
1.000000
1.000000
1.000000
1.000000
1.000000
1.000000
1.000000
1.000000
1.000000
1.000015
1.000129
1.000956
1.005778
1.027142
1.093463
1.225562
1.393106
1.555465
1.686505
1.777431
1.832241
1.861055
1.874112
1.877721
1.869681
1.828030
1.700601
1.467519
1.228608
1.084603
1.025427
1.006518
1.001465
1.000295
1.000054
1.000009
1.000000
1.000000
1.000000
1.000000
1.000000
1.000000
1.000000
1.000000
1.000000
1.000000
1.000000
1.000000
1.000000
1.000000
1.000015
1.000130
1.000970
1.005876
1.027642
1.095448
1.231383
1.405843
1.577798
1.719546
1.820266
1.882502
1.916032
1.931616
1.936281
1.928014
1.883458
1.746435
1.495545
1.240111
1.088014
1.026254
1.006694
1.001499
1.000299
1.000055
1.000009
1.000000
1.000000
1.000000
1.000000
1.000000
1.000000
1.000000
1.000000
1.000000
1.000000
1.000000
1.000000
1.000000
1.000000
1.000015
1.000130
1.000974
1.005907
1.027815
1.096184
1.233711
1.411358
1.588156
1.735720
1.842081
1.908795
1.945274
1.962481
1.967841
1.959436
1.913049
1.770215
1.509298
1.245359
1.089461
1.026584
1.006763
1.001511
1.000301
1.000055
1.000009
1.000000
1.000000
1.000000
1.000000
1.000000
1.000000
1.000000
1.000000
1.000000
1.000000
1.000000
1.000000
1.000000
1.000000
1.000015
1.000131
1.000974
1.005914
1.027856
1.096386
1.234469
1.413382
1.592304
1.742608
1.851770
1.920798
1.958844
1.976931
1.982670
1.974181
1.926769
1.780844
1.515017
1.247335
1.089947
1.026683
1.006780
1.001513
1.000301
1.000055
1.000009
1.000000
1.000000
1.000000
1.000000
1.000000
1.000000
1.000000
1.000000
1.000000
1.000000
1.000000
1.000000
1.000000
1.000000
1.000015
1.000130
1.000970
1.005887
1.027741
1.096075
1.233998
1.413057
1.592558
1.743803
1.854029
1.923978
1.962664
1.981112
1.986999
1.978429
1.930442
1.782963
1.515210
1.246801
1.089592
1.026549
1.006739
1.001504
1.000299
1.000054
1.000009
1.000000
1.000000
1.000000
1.000000
1.000000
1.000000
1.000000
1.000000
1.000000
1.000000
1.000000
1.000000
1.000000
1.000000
1.000015
1.000124
1.000930
1.005676
1.026848
1.093438
1.228845
1.405572
1.583294
1.733275
1.842619
1.911963
1.950249
1.968454
1.974172
1.965341
1.916644
1.767988
1.501375
1.238262
1.086058
1.025437
1.006450
1.001437
1.000285
1.000052
1.000008
1.000000
1.000000
1.000000
1.000000
1.000000
1.000000
1.000000
1.000000
1.000000
1.000000
1.000000
1.000000
1.000000
1.000000
1.000012
1.000107
1.000785
1.004831
1.023143
1.082034
1.205293
1.369454
1.536167
1.677028
1.779149
1.843203
1.878036
1.894257
1.898881
1.889089
1.838790
1.689932
1.436703
1.201722
1.071695
1.021037
1.005316
1.001182
1.000235
1.000042
1.000006
1.000000
1.000000
1.000000
1.000000
1.000000
1.000000
1.000000
1.000000
1.000000
1.000000
1.000000
1.000000
1.000000
1.000000
1.000008
1.000070
1.000541
1.003371
1.016444
1.059872
1.154868
1.285479
1.419790
1.532620
1.612712
1.661329
1.686707
1.697900
1.700158
1.689440
1.640858
1.507368
1.304774
1.135705
1.047531
1.013898
1.003508
1.000778
1.000153
1.000027
1.000003
1.000000
1.000000
1.000000
1.000000
1.000000
1.000000
1.000000
1.000000
1.000000
1.000000
1.000000
1.000000
1.000000
1.000000
1.000001
1.000038
1.000302
1.001895
1.009387
1.034974
1.093033
1.174541
1.258050
1.326299
1.372536
1.398980
1.411891
1.417100
1.417282
1.408427
1.372621
1.282815
1.162584
1.070956
1.024821
1.007290
1.001849
1.000411
1.000080
1.000012
1.000000
1.000000
1.000000
1.000000
1.000000
1.000000
1.000000
1.000000
1.000000
1.000000
1.000000
1.000000
1.000000
1.000000
1.000000
1.000000
1.000017
1.000136
1.000866
1.004345
1.016424
1.044336
1.083431
1.122360
1.152580
1.171720
1.181874
1.186458
1.188113
1.187726
1.182851
1.164510
1.121479
1.068461
1.029839
1.010521
1.003116
1.000794
1.000177
1.000035
1.000004
1.000000
1.000000
1.000000
1.000000
1.000000
1.000000
1.000000
1.000000
1.000000
1.000000
1.000000
1.000000
1.000000
1.000000
1.000000
1.000000
1.000004
1.000048
1.000329
1.001667
1.006351
1.017219
1.032172
1.046450
1.056886
1.063044
1.066075
1.067344
1.067750
1.067499
1.065563
1.058558
1.042706
1.023967
1.010511
1.003742
1.001117
1.000286
1.000062
1.000011
1.000000
1.000000
1.000000
1.000000
1.000000
1.000000
1.000000
1.000000
1.000000
1.000000
1.000000
1.000000
1.000000
1.000000
1.000000
1.000000
1.000000
1.000000
1.000015
1.000107
1.000542
1.002077
1.005626
1.010401
1.014775
1.017799
1.019476
1.020248
1.020552
1.020638
1.020541
1.019924
1.017737
1.012875
1.007233
1.003192
1.001145
1.000343
1.000087
1.000018
1.000001
1.000000
1.000000
1.000000
1.000000
1.000000
1.000000
1.000000
1.000000
1.000000
1.000000
1.000000
1.000000
1.000000
1.000000
1.000000
1.000000
1.000000
1.000000
1.000002
1.000027
1.000152
1.000586
1.001585
1.002903
1.004066
1.004835
1.005240
1.005416
1.005481
1.005501
1.005470
1.005302
1.004713
1.003415
1.001922
1.000852
1.000306
1.000091
1.000022
1.000003
1.000000
1.000000
1.000000
1.000000
1.000000
1.000000
1.000000
1.000000
1.000000
1.000000
1.000000
1.000000
1.000000
1.000000
1.000000
1.000000
1.000000
1.000000
1.000000
1.000000
1.000005
1.000035
1.000144
1.000392
1.000712
1.000987
1.001162
1.001250
1.001288
1.001302
1.001305
1.001297
1.001256
1.001116
1.000808
1.000455
1.000201
1.000072
1.000020
1.000003
1.000000
1.000000
1.000000
1.000000
1.000000
1.000000
1.000000
1.000000
1.000000
1.000000
1.000000
1.000000
1.000000
1.000000
1.000000
1.000000
1.000000
1.000000
1.000000
1.000000
1.000000
1.000000
1.000006
1.000030
1.000085
1.000155
1.000212
1.000249
1.000268
1.000276
1.000277
1.000278
1.000276
1.000268
1.000237
1.000171
1.000096
1.000043
1.000013
1.000001
1.000000
1.000000
1.000000
1.000000
1.000000
1.000000
1.000000
1.000000
1.000000
1.000000
1.000000
1.000000
1.000000
1.000000
1.000000
1.000000
1.000000
1.000000
1.000000
1.000000
1.000000
1.000000
1.000000
1.000000
1.000004
1.000014
1.000029
1.000041
1.000048
1.000051
1.000052
1.000052
1.000052
1.000052
1.000050
1.000044
1.000031
1.000015
1.000005
1.000000
1.000000
1.000000
1.000000
1.000000
1.000000
1.000000
1.000000
1.000000
1.000000
1.000000
1.000000
1.000000
1.000000
1.000000
1.000000
1.000000
1.000000
1.000000
1.000000
1.000000
1.000000
1.000000
1.000000
1.000000
1.000000
1.000000
1.000000
1.000004
1.000005
1.000006
1.000007
1.000007
1.000007
1.000007
1.000007
1.000006
1.000005
1.000003
1.000000
1.000000
1.000000
1.000000
1.000000
1.000000
1.000000
1.000000
1.000000
1.000000
1.000000
1.000000
1.000000
1.000000
1.000000
1.000000
1.000000
1.000000
1.000000
1.000000
1.000000
1.000000
1.000000
1.000000
1.000000
1.000000
1.000000
1.000000
1.000000
1.000000
1.000000
1.000000
1.000000
1.000000
1.000000
1.000000
1.000000
1.000000
1.000000
1.000000
1.000000
1.000000
1.000000
1.000000
1.000000
1.000000
1.000000
1.000000
1.000000
1.000000
1.000000
1.000000
1.000000
1.000000
1.000000
1.000000
1.000000
1.000000
1.000000
1.000000
1.000000
1.000000
1.000000
1.000000
1.000000
1.000000
1.000000
1.000000
1.000000
1.000000
1.000000
1.000000
1.000000
1.000000
1.000000
1.000000
1.000000
1.000000
1.000000
1.000000
1.000000
1.000000
1.000000
1.000000
1.000000
1.000000
1.000000
1.000000
1.000000
1.000000
1.000000
1.000000
1.000000
1.000000
1.000000
1.000000
1.000000
1.000000
1.000000
1.000000
1.000000
1.000000
1.000000
1.000000
1.000000
1.000000
1.000000
1.000000
1.000000
1.000000
1.000000
1.000000
1.000000
1.000000
1.000000
1.000000
1.000000
1.000000
1.000000
1.000000
1.000000
1.000000
1.000000
1.000000
1.000000
1.000000
1.000000
1.000000
1.000000
1.000000
1.000000
1.000000
1.000000
1.000000
1.000000
1.000000
1.000000
1.000000
1.000000
1.000000
1.000000
1.000000
1.000000
1.000000
1.000000
1.000000
1.000000
1.000000
1.000000
1.000000
1.000000
1.000000
1.000000
1.000000
1.000000
1.000000
1.000000
1.000000
1.000000
1.000000
1.000000
1.000000
1.000000
1.000000
1.000000
1.000000
1.000000
1.000000
1.000000
1.000000
1.000000
1.000000
1.000000
1.000000
1.000000
1.000000
1.000000
1.000000
1.000000
1.000000
1.000000
1.000000
1.000000
1.000000
1.000000
1.000000
1.000000
1.000000
1.000000
1.000000
1.000000
1.000000
1.000000
1.000000
1.000000
1.000000
1.000000
1.000000
1.000000
1.000000
1.000000
1.000000
1.000000
1.000000
1.000000
1.000000
1.000000
1.000000
1.000000
1.000000
1.000000
1.000000
1.000000
1.000000
1.000000
1.000000
1.000000
1.000000
1.000000
1.000000
1.000000
1.000000
1.000000
1.000000
1.000000
1.000000
1.000000
1.000000
1.000000
1.000000
1.000000
1.000000
1.000000
1.000000
1.000000
1.000000
1.000000
1.000000
1.000000
1.000000
1.000000
1.000000
1.000000
1.000000
1.000000
1.000000
1.000000
1.000000
1.000000
1.000000
1.000000
1.000000
1.000000
1.000000
1.000000
1.000000
1.000000
1.000000
1.000000
1.000000
1.000000
1.000000
1.000000
1.000000
1.000000
1.000000
1.000000
1.000000
1.000000
1.000000
1.000000
1.000000
1.000000
1.000000
1.000000
1.000000
1.000000
1.000000
1.000000
1.000000
1.000000
1.000000
1.000000
1.000000
1.000000
1.000000
1.000000
1.000000
1.000000
1.000000
1.000000
1.000000
1.000000
1.000000
1.000000
1.000000
1.000000
1.000000
1.000000
1.000000
1.000000
1.000000
1.000000
1.000000
1.000000
1.000000
1.000000
1.000000
1.000000
1.000000
1.000000
1.000000
1.000000
1.000000
1.000000
1.000000
1.000000
1.000000
1.000000
1.000000
1.000000
1.000000
1.000000
1.000000
1.000000
1.000000
1.000000
1.000000
1.000000
1.000000
1.000000
1.000000
1.000000
1.000000
1.000000
1.000000
1.000000
1.000000
1.000000
1.000000
1.000000
1.000000
1.000000
1.000000
1.000000
1.000000
1.000000
1.000000
1.000000
1.000000
1.000000
1.000000
1.000000
1.000000
1.000000
1.000000
1.000000
1.000000
1.000000
1.000000
1.000000
1.000000
1.000000
1.000000
1.000000
1.000000
1.000000
1.000000
1.000000
1.000000
1.000000
1.000000
1.000000
1.000000
1.000000
1.000000
1.000000
1.000000
1.000000
1.000000
1.000000
1.000000
1.000000
1.000000
1.000000
1.000000
1.000000
1.000000
