1.000000
1.000000
1.000000
1.000000
1.000000
1.000000
1.000000
1.000000
1.000000
1.000000
1.000000
1.000000
1.000000
1.000000
1.000000
1.000000
1.000000
1.000000
1.000000
1.000000
1.000000
1.000000
1.000000
1.000000
1.000000
1.000000
1.000000
1.000000
1.000000
1.000000
1.000000
1.000000
1.000000
1.000000
1.000000
1.000000
1.000000
1.000000
1.000000
1.000000
1.000000
1.000000
1.000000
1.000000
1.000000
1.000000
1.000000
1.000000
1.000000
1.000000
1.000000
1.000000
1.000000
1.000000
1.000000
1.000000
1.000000
1.000000
1.000000
1.000000
1.000000
1.000000
1.000000
1.000000
1.000000
1.000000
1.000000
1.000000
1.000000
1.000000
1.000000
1.000000
1.000000
1.000000
1.000000
1.000000
1.000000
1.000000
1.000000
1.000000
1.000000
1.000000
1.000000
1.000000
1.000000
1.000000
1.000000
1.000000
1.000000
1.000000
1.000000
1.000000
1.000000
1.000000
1.000000
1.000000
1.000000
1.000000
1.000000
1.000000
1.000000
1.000000
1.000000
1.000000
1.000000
1.000000
1.000000
1.000000
1.000000
1.000000
1.000000
1.000000
1.000000
1.000000
1.000000
1.000000
1.000000
1.000000
1.000000
1.000000
1.000000
1.000000
1.000000
1.000000
1.000000
1.000000
1.000000
1.000000
1.000000
1.000000
1.000000
1.000000
1.000000
1.000000
1.000000
1.000000
1.000000
1.000000
1.000000
1.000000
1.000000
1.000000
1.000000
1.000000
1.000000
1.000000
1.000000
1.000000
1.000000
1.000000
1.000000
1.000000
1.000000
1.000000
1.000000
1.000000
1.000000
1.000000
1.000000
1.000000
1.000000
1.000000
1.000000
1.000000
1.000000
1.000000
1.000000
1.000000
1.000000
1.000000
1.000000
1.000000
1.000000
1.000000
1.000000
1.000000
1.000000
1.000000
1.000000
1.000000
1.000000
1.000000
1.000000
1.000000
1.000000
1.000000
1.000000
1.000000
1.000000
1.000000
1.000000
1.000000
1.000000
1.000000
1.000000
1.000000
1.000000
1.000000
1.000000
1.000000
1.000000
1.000000
1.000000
1.000000
1.000000
1.000000
1.000000
1.000000
1.000000
1.000000
1.000000
1.000000
1.000000
1.000000
1.000000
1.000000
1.000000
1.000000
1.000000
1.000000
1.000000
1.000000
1.000000
1.000000
1.000000
1.000000
1.000000
1.000000
1.000000
1.000000
1.000000
1.000000
1.000000
1.000000
1.000000
1.000000
1.000000
1.000000
1.000000
1.000000
1.000000
1.000000
1.000000
1.000000
1.000000
1.000000
1.000000
1.000000
1.000000
1.000000
1.000000
1.000000
1.000000
1.000000
1.000000
1.000010
1.000013
1.000027
1.000040
1.000050
1.000053
1.000054
1.000054
1.000054
1.000054
1.000053
1.000045
1.000035
1.000021
1.000009
1.000000
1.000000
1.000000
1.000000
1.000000
1.000000
1.000000
1.000000
1.000000
1.000000
1.000000
1.000000
1.000000
1.000000
1.000000
1.000000
1.000000
1.000000
1.000000
1.000000
1.000000
1.000000
1.000000
1.000000
1.000000
1.000013
1.000085
1.000214
1.000378
1.000506
1.000579
1.000614
1.000628
1.000633
1.000635
1.000631
1.000615
1.000552
1.000420
1.000251
1.000121
1.000049
1.000018
1.000004
1.000000
1.000000
1.000000
1.000000
1.000000
1.000000
1.000000
1.000000
1.000000
1.000000
1.000000
1.000000
1.000000
1.000000
1.000000
1.000000
1.000000
1.000000
1.000000
1.000000
1.000005
1.000043
1.000213
1.000757
1.001894
1.003262
1.004362
1.005023
1.005340
1.005465
1.005507
1.005521
1.005491
1.005350
1.004857
1.003726
1.002278
1.001108
1.000438
1.000145
1.000042
1.000011
1.000000
1.000000
1.000000
1.000000
1.000000
1.000000
1.000000
1.000000
1.000000
1.000000
1.000000
1.000000
1.000000
1.000000
1.000000
1.000000
1.000000
1.000000
1.000009
1.000049
1.000285
1.001347
1.004693
1.011526
1.019667
1.026289
1.030370
1.032396
1.033236
1.033535
1.033604
1.033472
1.032719
1.029980
1.023447
1.014664
1.007250
1.002890
1.000954
1.000268
1.000064
1.000015
1.000002
1.000000
1.000000
1.000000
1.000000
1.000000
1.000000
1.000000
1.000000
1.000000
1.000000
1.000000
1.000000
1.000000
1.000000
1.000000
1.000000
1.000023
1.000199
1.001168
1.005368
1.018255
1.043592
1.073292
1.097792
1.113522
1.121813
1.125508
1.126924
1.127333
1.127006
1.124688
1.115872
1.093453
1.060501
1.030647
1.012363
1.004100
1.001150
1.000279
1.000059
1.000015
1.000001
1.000000
1.000000
1.000000
1.000000
1.000000
1.000000
1.000000
1.000000
1.000000
1.000000
1.000000
1.000000
1.000000
1.000000
1.000012
1.000062
1.000447
1.002601
1.011841
1.039663
1.093145
1.155921
1.209332
1.245602
1.266179
1.276166
1.280365
1.281801
1.281474
1.277311
1.260623
1.215640
1.143677
1.073939
1.029862
1.009838
1.002737
1.000659
1.000141
1.000030
1.000006
1.000000
1.000000
1.000000
1.000000
1.000000
1.000000
1.000000
1.000000
1.000000
1.000000
1.000000
1.000000
1.000000
1.000000
1.000013
1.000097
1.000691
1.004043
1.018359
1.061220
1.143219
1.241076
1.327684
1.389998
1.427949
1.447886
1.457007
1.460523
1.460682
1.455013
1.430844
1.362576
1.245918
1.127108
1.050853
1.016508
1.004529
1.001077
1.000229
1.000046
1.000008
1.000000
1.000000
1.000000
1.000000
1.000000
1.000000
1.000000
1.000000
1.000000
1.000000
1.000000
1.000000
1.000000
1.000000
1.000015
1.000120
1.000868
1.005088
1.023154
1.077391
1.181895
1.309592
1.427180
1.516319
1.574019
1.606405
1.622281
1.628947
1.630159
1.623495
1.592991
1.503751
1.344257
1.177039
1.069706
1.022217
1.005997
1.001410
1.000296
1.000058
1.000010
1.000000
1.000000
1.000000
1.000000
1.000000
1.000000
1.000000
1.000000
1.000000
1.000000
1.000000
1.000000
1.000000
1.000000
1.000016
1.000136
1.000970
1.005680
1.025946
1.087149
1.206411
1.355577
1.497736
1.610217
1.686659
1.731845
1.755200
1.765612
1.768274
1.761053
1.725420
1.618649
1.422825
1.215203
1.083272
1.026090
1.006945
1.001616
1.000336
1.000064
1.000011
1.000000
1.000000
1.000000
1.000000
1.000000
1.000000
1.000000
1.000000
1.000000
1.000000
1.000000
1.000000
1.000000
1.000000
1.000017
1.000141
1.001013
1.005958
1.027294
1.092085
1.219615
1.382092
1.541037
1.670910
1.762416
1.818604
1.848779
1.862795
1.866960
1.859460
1.819857
1.699494
1.476234
1.239657
1.091382
1.028261
1.007450
1.001723
1.000355
1.000067
1.000012
1.000000
1.000000
1.000000
1.000000
1.000000
1.000000
1.000000
1.000000
1.000000
1.000000
1.000000
1.000000
1.000000
1.000000
1.000017
1.000142
1.001030
1.006069
1.027851
1.094235
1.225783
1.395432
1.564316
1.705349
1.807195
1.871369
1.906734
1.923604
1.929011
1.921373
1.878914
1.749001
1.507474
1.253029
1.095506
1.029295
1.007678
1.001767
1.000363
1.000068
1.000012
1.000000
1.000000
1.000000
1.000000
1.000000
1.000000
1.000000
1.000000
1.000000
1.000000
1.000000
1.000000
1.000000
1.000000
1.000017
1.000142
1.001035
1.006107
1.028050
1.095052
1.228311
1.401345
1.575363
1.722603
1.830554
1.899672
1.938373
1.957131
1.963382
1.955665
1.911358
1.775488
1.523328
1.259351
1.097319
1.029722
1.007768
1.001783
1.000366
1.000068
1.000012
1.000000
1.000000
1.000000
1.000000
1.000000
1.000000
1.000000
1.000000
1.000000
1.000000
1.000000
1.000000
1.000000
1.000000
1.000017
1.000143
1.001036
1.006117
1.028099
1.095289
1.229165
1.403580
1.579908
1.730152
1.841219
1.912967
1.953495
1.973311
1.980039
1.972268
1.926895
1.787749
1.530189
1.261844
1.097962
1.029857
1.007793
1.001788
1.000366
1.000068
1.000012
1.000000
1.000000
1.000000
1.000000
1.000000
1.000000
1.000000
1.000000
1.000000
1.000000
1.000000
1.000000
1.000000
1.000000
1.000017
1.000142
1.001031
1.006089
1.027987
1.094999
1.228757
1.403389
1.580408
1.731749
1.844065
1.916918
1.958235
1.978512
1.985439
1.977601
1.931612
1.790764
1.530928
1.261487
1.097629
1.029719
1.007750
1.001777
1.000363
1.000067
1.000012
1.000000
1.000000
1.000000
1.000000
1.000000
1.000000
1.000000
1.000000
1.000000
1.000000
1.000000
1.000000
1.000000
1.000000
1.000016
1.000136
1.000990
1.005877
1.027118
1.092486
1.223913
1.396413
1.571849
1.722118
1.833729
1.906112
1.947120
1.967199
1.973976
1.965873
1.919142
1.776959
1.517689
1.252923
1.093935
1.028516
1.007425
1.001701
1.000348
1.000064
1.000011
1.000000
1.000000
1.000000
1.000000
1.000000
1.000000
1.000000
1.000000
1.000000
1.000000
1.000000
1.000000
1.000000
1.000000
1.000014
1.000118
1.000843
1.005044
1.023559
1.081777
1.202080
1.363101
1.528499
1.670448
1.775416
1.842850
1.880541
1.898655
1.904310
1.895208
1.846770
1.703726
1.455405
1.216359
1.079036
1.023810
1.006178
1.001412
1.000289
1.000052
1.000008
1.000000
1.000000
1.000000
1.000000
1.000000
1.000000
1.000000
1.000000
1.000000
1.000000
1.000000
1.000000
1.000000
1.000000
1.000009
1.000078
1.000590
1.003578
1.017017
1.060633
1.154714
1.284698
1.420063
1.535836
1.619919
1.672373
1.700611
1.713517
1.716607
1.706301
1.658717
1.528020
1.324641
1.148482
1.053371
1.016008
1.004149
1.000945
1.000192
1.000036
1.000005
1.000000
1.000000
1.000000
1.000000
1.000000
1.000000
1.000000
1.000000
1.000000
1.000000
1.000000
1.000000
1.000000
1.000000
1.000003
1.000043
1.000337
1.002057
1.009935
1.036231
1.095083
1.178259
1.264843
1.337187
1.387555
1.417280
1.432294
1.438605
1.439196
1.430230
1.393873
1.302818
1.177893
1.079535
1.028506
1.008584
1.002235
1.000511
1.000102
1.000018
1.000001
1.000000
1.000000
1.000000
1.000000
1.000000
1.000000
1.000000
1.000000
1.000000
1.000000
1.000000
1.000000
1.000000
1.000000
1.000000
1.000020
1.000156
1.000965
1.004720
1.017473
1.046567
1.087700
1.129469
1.162748
1.184482
1.196407
1.201987
1.204096
1.203801
1.198606
1.179203
1.133907
1.076940
1.034289
1.012379
1.003759
1.000984
1.000225
1.000045
1.000006
1.000000
1.000000
1.000000
1.000000
1.000000
1.000000
1.000000
1.000000
1.000000
1.000000
1.000000
1.000000
1.000000
1.000000
1.000000
1.000000
1.000007
1.000057
1.000377
1.001863
1.006951
1.018617
1.034849
1.050695
1.062605
1.069861
1.073557
1.075161
1.075701
1.075447
1.073296
1.065616
1.048377
1.027644
1.012388
1.004516
1.001383
1.000363
1.000082
1.000016
1.000001
1.000000
1.000000
1.000000
1.000000
1.000000
1.000000
1.000000
1.000000
1.000000
1.000000
1.000000
1.000000
1.000000
1.000000
1.000000
1.000000
1.000000
1.000018
1.000125
1.000624
1.002340
1.006264
1.011610
1.016619
1.020184
1.022224
1.023197
1.023593
1.023711
1.023605
1.022895
1.020422
1.014978
1.008564
1.003863
1.001419
1.000437
1.000115
1.000025
1.000003
1.000000
1.000000
1.000000
1.000000
1.000000
1.000000
1.000000
1.000000
1.000000
1.000000
1.000000
1.000000
1.000000
1.000000
1.000000
1.000000
1.000000
1.000000
1.000003
1.000033
1.000180
1.000680
1.001818
1.003338
1.004712
1.005646
1.006154
1.006383
1.006470
1.006497
1.006461
1.006262
1.005576
1.004081
1.002338
1.001059
1.000391
1.000120
1.000031
1.000006
1.000000
1.000000
1.000000
1.000000
1.000000
1.000000
1.000000
1.000000
1.000000
1.000000
1.000000
1.000000
1.000000
1.000000
1.000000
1.000000
1.000000
1.000000
1.000000
1.000000
1.000007
1.000045
1.000173
1.000463
1.000844
1.001179
1.001398
1.001512
1.001561
1.001581
1.001586
1.001575
1.001527
1.001358
1.000993
1.000569
1.000258
1.000095
1.000027
1.000006
1.000000
1.000000
1.000000
1.000000
1.000000
1.000000
1.000000
1.000000
1.000000
1.000000
1.000000
1.000000
1.000000
1.000000
1.000000
1.000000
1.000000
1.000000
1.000000
1.000000
1.000000
1.000000
1.000007
1.000038
1.000104
1.000189
1.000262
1.000309
1.000333
1.000345
1.000347
1.000348
1.000346
1.000334
1.000297
1.000217
1.000123
1.000056
1.000018
1.000003
1.000000
1.000000
1.000000
1.000000
1.000000
1.000000
1.000000
1.000000
1.000000
1.000000
1.000000
1.000000
1.000000
1.000000
1.000000
1.000000
1.000000
1.000000
1.000000
1.000000
1.000000
1.000000
1.000000
1.000000
1.000005
1.000019
1.000037
1.000052
1.000061
1.000065
1.000067
1.000067
1.000068
1.000067
1.000065
1.000057
1.000042
1.000022
1.000008
1.000001
1.000000
1.000000
1.000000
1.000000
1.000000
1.000000
1.000000
1.000000
1.000000
1.000000
1.000000
1.000000
1.000000
1.000000
1.000000
1.000000
1.000000
1.000000
1.000000
1.000000
1.000000
1.000000
1.000000
1.000000
1.000000
1.000000
1.000002
1.000005
1.000008
1.000009
1.000009
1.000010
1.000010
1.000010
1.000010
1.000009
1.000008
1.000005
1.000002
1.000000
1.000000
1.000000
1.000000
1.000000
1.000000
1.000000
1.000000
1.000000
1.000000
1.000000
1.000000
1.000000
1.000000
1.000000
1.000000
1.000000
1.000000
1.000000
1.000000
1.000000
1.000000
1.000000
1.000000
1.000000
1.000000
1.000000
1.000000
1.000000
1.000000
1.000000
1.000000
1.000000
1.000000
1.000000
1.000000
1.000000
1.000000
1.000000
1.000000
1.000000
1.000000
1.000000
1.000000
1.000000
1.000000
1.000000
1.000000
1.000000
1.000000
1.000000
1.000000
1.000000
1.000000
1.000000
1.000000
1.000000
1.000000
1.000000
1.000000
1.000000
1.000000
1.000000
1.000000
1.000000
1.000000
1.000000
1.000000
1.000000
1.000000
1.000000
1.000000
1.000000
1.000000
1.000000
1.000000
1.000000
1.000000
1.000000
1.000000
1.000000
1.000000
1.000000
1.000000
1.000000
1.000000
1.000000
1.000000
1.000000
1.000000
1.000000
1.000000
1.000000
1.000000
1.000000
1.000000
1.000000
1.000000
1.000000
1.000000
1.000000
1.000000
1.000000
1.000000
1.000000
1.000000
1.000000
1.000000
1.000000
1.000000
1.000000
1.000000
1.000000
1.000000
1.000000
1.000000
1.000000
1.000000
1.000000
1.000000
1.000000
1.000000
1.000000
1.000000
1.000000
1.000000
1.000000
1.000000
1.000000
1.000000
1.000000
1.000000
1.000000
1.000000
1.000000
1.000000
1.000000
1.000000
1.000000
1.000000
1.000000
1.000000
1.000000
1.000000
1.000000
1.000000
1.000000
1.000000
1.000000
1.000000
1.000000
1.000000
1.000000
1.000000
1.000000
1.000000
1.000000
1.000000
1.000000
1.000000
1.000000
1.000000
1.000000
1.000000
1.000000
1.000000
1.000000
1.000000
1.000000
1.000000
1.000000
1.000000
1.000000
1.000000
1.000000
1.000000
1.000000
1.000000
1.000000
1.000000
1.000000
1.000000
1.000000
1.000000
1.000000
1.000000
1.000000
1.000000
1.000000
1.000000
1.000000
1.000000
1.000000
1.000000
1.000000
1.000000
1.000000
1.000000
1.000000
1.000000
1.000000
1.000000
1.000000
1.000000
1.000000
1.000000
1.000000
1.000000
1.000000
1.000000
1.000000
1.000000
1.000000
1.000000
1.000000
1.000000
1.000000
1.000000
1.000000
1.000000
1.000000
1.000000
1.000000
1.000000
1.000000
1.000000
1.000000
1.000000
1.000000
1.000000
1.000000
1.000000
1.000000
1.000000
1.000000
1.000000
1.000000
1.000000
1.000000
1.000000
1.000000
1.000000
1.000000
1.000000
1.000000
1.000000
1.000000
1.000000
1.000000
1.000000
1.000000
1.000000
1.000000
1.000000
1.000000
1.000000
1.000000
1.000000
1.000000
1.000000
1.000000
1.000000
1.000000
1.000000
1.000000
1.000000
1.000000
1.000000
1.000000
1.000000
1.000000
1.000000
1.000000
1.000000
1.000000
1.000000
1.000000
1.000000
1.000000
1.000000
1.000000
1.000000
1.000000
1.000000
1.000000
1.000000
1.000000
1.000000
1.000000
1.000000
1.000000
1.000000
1.000000
1.000000
1.000000
1.000000
1.000000
1.000000
1.000000
1.000000
1.000000
1.000000
1.000000
1.000000
1.000000
1.000000
1.000000
1.000000
1.000000
1.000000
1.000000
1.000000
1.000000
1.000000
1.000000
1.000000
1.000000
1.000000
1.000000
1.000000
1.000000
1.000000
1.000000
1.000000
1.000000
1.000000
1.000000
1.000000
1.000000
1.000000
1.000000
1.000000
1.000000
1.000000
1.000000
1.000000
1.000000
1.000000
1.000000
1.000000
1.000000
1.000000
1.000000
1.000000
1.000000
1.000000
1.000000
1.000000
1.000000
1.000000
1.000000
1.000000
1.000000
1.000000
1.000000
1.000000
1.000000
1.000000
1.000000
1.000000
1.000000
1.000000
1.000000
1.000000
1.000000
1.000000
1.000000
1.000000
1.000000
1.000000
1.000000
1.000000
1.000000
1.000000
1.000000
1.000000
1.000000
1.000000
1.000000
1.000000
1.000000
1.000000
1.000000
1.000000
1.000000
1.000000
1.000000
