1.000000
1.000000
1.000000
1.000000
1.000000
1.000000
1.000000
1.000000
1.000000
1.000000
1.000000
1.000000
1.000000
1.000000
1.000000
1.000000
1.000000
1.000000
1.000000
1.000000
1.000000
1.000000
1.000000
1.000000
1.000000
1.000000
1.000000
1.000000
1.000000
1.000000
1.000000
1.000000
1.000000
1.000000
1.000000
1.000000
1.000000
1.000000
1.000000
1.000000
1.000000
1.000000
1.000000
1.000000
1.000000
1.000000
1.000000
1.000000
1.000000
1.000000
1.000000
1.000000
1.000000
1.000000
1.000000
1.000000
1.000000
1.000000
1.000000
1.000000
1.000000
1.000000
1.000000
1.000000
1.000000
1.000000
1.000000
1.000000
1.000000
1.000000
1.000000
1.000000
1.000000
1.000000
1.000000
1.000000
1.000000
1.000000
1.000000
1.000000
1.000000
1.000000
1.000000
1.000000
1.000000
1.000000
1.000000
1.000000
1.000000
1.000000
1.000000
1.000000
1.000000
1.000000
1.000000
1.000000
1.000000
1.000000
1.000000
1.000000
1.000000
1.000000
1.000000
1.000000
1.000000
1.000000
1.000000
1.000000
1.000000
1.000000
1.000000
1.000000
1.000000
1.000000
1.000000
1.000000
1.000000
1.000000
1.000000
1.000000
1.000000
1.000000
1.000000
1.000000
1.000000
1.000000
1.000000
1.000000
1.000000
1.000000
1.000000
1.000000
1.000000
1.000000
1.000000
1.000000
1.000000
1.000000
1.000000
1.000000
1.000000
1.000000
1.000000
1.000000
1.000000
1.000000
1.000000
1.000000
1.000000
1.000000
1.000000
1.000000
1.000000
1.000000
1.000000
1.000000
1.000000
1.000000
1.000000
1.000000
1.000000
1.000000
1.000000
1.000000
1.000000
1.000000
1.000000
1.000000
1.000000
1.000000
1.000000
1.000000
1.000000
1.000000
1.000000
1.000000
1.000000
1.000000
1.000000
1.000000
1.000000
1.000000
1.000000
1.000000
1.000000
1.000000
1.000000
1.000000
1.000000
1.000000
1.000000
1.000000
1.000000
1.000000
1.000000
1.000000
1.000000
1.000000
1.000000
1.000000
1.000000
1.000000
1.000000
1.000000
1.000000
1.000000
1.000000
1.000000
1.000000
1.000000
1.000000
1.000000
1.000000
1.000000
1.000000
1.000000
1.000000
1.000000
1.000000
1.000001
1.000001
1.000002
1.000002
1.000001
1.000001
1.000000
1.000000
1.000000
1.000000
1.000000
1.000000
1.000000
1.000000
1.000000
1.000000
1.000000
1.000000
1.000000
1.000000
1.000000
1.000000
1.000000
1.000000
1.000000
1.000000
1.000000
1.000000
1.000000
1.000000
1.000000
1.000000
1.000000
1.000000
1.000000
1.000000
1.000010
1.000013
1.000027
1.000040
1.000061
1.000069
1.000069
1.000069
1.000069
1.000069
1.000068
1.000062
1.000049
1.000036
1.000019
1.000006
1.000000
1.000000
1.000000
1.000000
1.000000
1.000000
1.000000
1.000000
1.000000
1.000000
1.000000
1.000000
1.000000
1.000000
1.000000
1.000000
1.000000
1.000000
1.000000
1.000000
1.000000
1.000000
1.000000
1.000000
1.000013
1.000085
1.000215
1.000383
1.000522
1.000622
1.000670
1.000693
1.000706
1.000708
1.000703
1.000686
1.000620
1.000494
1.000324
1.000178
1.000078
1.000032
1.000013
1.000000
1.000000
1.000000
1.000000
1.000000
1.000000
1.000000
1.000000
1.000000
1.000000
1.000000
1.000000
1.000000
1.000000
1.000000
1.000000
1.000000
1.000000
1.000000
1.000000
1.000013
1.000052
1.000216
1.000700
1.001649
1.002849
1.003916
1.004639
1.005033
1.005213
1.005281
1.005304
1.005278
1.005140
1.004713
1.003789
1.002533
1.001388
1.000629
1.000241
1.000078
1.000023
1.000006
1.000000
1.000000
1.000000
1.000000
1.000000
1.000000
1.000000
1.000000
1.000000
1.000000
1.000000
1.000000
1.000000
1.000000
1.000000
1.000000
1.000000
1.000013
1.000058
1.000299
1.001223
1.003837
1.008880
1.015189
1.020821
1.024707
1.026889
1.027922
1.028342
1.028466
1.028362
1.027724
1.025634
1.020946
1.014289
1.007964
1.003651
1.001402
1.000461
1.000133
1.000033
1.000010
1.000000
1.000000
1.000000
1.000000
1.000000
1.000000
1.000000
1.000000
1.000000
1.000000
1.000000
1.000000
1.000000
1.000000
1.000000
1.000000
1.000031
1.000218
1.001116
1.004499
1.013823
1.031276
1.052746
1.072010
1.085668
1.093695
1.097717
1.099461
1.100058
1.099856
1.098036
1.091750
1.076830
1.053992
1.030828
1.014337
1.005544
1.001825
1.000521
1.000132
1.000030
1.000010
1.000000
1.000000
1.000000
1.000000
1.000000
1.000000
1.000000
1.000000
1.000000
1.000000
1.000000
1.000000
1.000000
1.000000
1.000013
1.000080
1.000502
1.002544
1.010162
1.030747
1.068434
1.114515
1.156600
1.187665
1.207008
1.217407
1.222290
1.224199
1.224188
1.220969
1.209042
1.179043
1.129423
1.075458
1.035380
1.013665
1.004475
1.001271
1.000318
1.000073
1.000019
1.000003
1.000000
1.000000
1.000000
1.000000
1.000000
1.000000
1.000000
1.000000
1.000000
1.000000
1.000000
1.000000
1.000000
1.000019
1.000134
1.000828
1.004164
1.016554
1.049732
1.109957
1.184138
1.253784
1.307595
1.343169
1.363677
1.374079
1.378604
1.379430
1.375176
1.357773
1.311635
1.230058
1.135870
1.063663
1.024359
1.007881
1.002212
1.000552
1.000125
1.000029
1.000006
1.000000
1.000000
1.000000
1.000000
1.000000
1.000000
1.000000
1.000000
1.000000
1.000000
1.000000
1.000000
1.000000
1.000023
1.000178
1.001090
1.005509
1.021906
1.065800
1.145701
1.245737
1.342673
1.421006
1.475723
1.509294
1.527509
1.536114
1.538619
1.533945
1.511953
1.450892
1.337179
1.199991
1.092923
1.035015
1.011150
1.003090
1.000763
1.000170
1.000039
1.000008
1.000000
1.000000
1.000000
1.000000
1.000000
1.000000
1.000000
1.000000
1.000000
1.000000
1.000000
1.000000
1.000000
1.000027
1.000205
1.001263
1.006392
1.025487
1.076826
1.171107
1.291465
1.411703
1.512822
1.586865
1.634724
1.662167
1.675972
1.680901
1.676399
1.650769
1.576777
1.433858
1.256665
1.117705
1.043590
1.013659
1.003736
1.000913
1.000202
1.000044
1.000008
1.000000
1.000000
1.000000
1.000000
1.000000
1.000000
1.000000
1.000000
1.000000
1.000000
1.000000
1.000000
1.000000
1.000029
1.000220
1.001359
1.006873
1.027485
1.083211
1.186564
1.320873
1.458561
1.578200
1.669188
1.730483
1.767182
1.786532
1.794246
1.790302
1.761848
1.677135
1.509764
1.299559
1.135446
1.049372
1.015263
1.004132
1.001000
1.000220
1.000046
1.000008
1.000000
1.000000
1.000000
1.000000
1.000000
1.000000
1.000000
1.000000
1.000000
1.000000
1.000000
1.000000
1.000000
1.000030
1.000227
1.001400
1.007096
1.028444
1.086412
1.194779
1.337528
1.486737
1.619606
1.723570
1.795807
1.840465
1.864821
1.875177
1.871916
1.841317
1.748206
1.562107
1.327731
1.146380
1.052714
1.016139
1.004338
1.001044
1.000228
1.000047
1.000008
1.000000
1.000000
1.000000
1.000000
1.000000
1.000000
1.000000
1.000000
1.000000
1.000000
1.000000
1.000000
1.000000
1.000030
1.000229
1.001415
1.007188
1.028844
1.087822
1.198640
1.345911
1.501850
1.643050
1.755723
1.835711
1.886276
1.914494
1.926959
1.924295
1.892140
1.792965
1.593931
1.343916
1.152253
1.054396
1.016556
1.004433
1.001062
1.000231
1.000047
1.000008
1.000000
1.000000
1.000000
1.000000
1.000000
1.000000
1.000000
1.000000
1.000000
1.000000
1.000000
1.000000
1.000000
1.000030
1.000229
1.001420
1.007217
1.028980
1.088340
1.200201
1.349610
1.509027
1.654856
1.772666
1.857454
1.911819
1.942602
1.956500
1.954247
1.921038
1.817892
1.610878
1.351966
1.154950
1.055109
1.016720
1.004468
1.001070
1.000232
1.000047
1.000008
1.000000
1.000000
1.000000
1.000000
1.000000
1.000000
1.000000
1.000000
1.000000
1.000000
1.000000
1.000000
1.000000
1.000030
1.000228
1.001414
1.007194
1.028906
1.088221
1.200253
1.350368
1.511234
1.659235
1.779633
1.866958
1.923403
1.955619
1.970324
1.968270
1.934348
1.828747
1.617293
1.354222
1.155335
1.055089
1.016684
1.004451
1.001063
1.000230
1.000047
1.000008
1.000000
1.000000
1.000000
1.000000
1.000000
1.000000
1.000000
1.000000
1.000000
1.000000
1.000000
1.000000
1.000000
1.000028
1.000219
1.001372
1.006993
1.028192
1.086398
1.197016
1.346013
1.506359
1.654430
1.775303
1.863253
1.920258
1.952859
1.967736
1.965541
1.930799
1.823182
1.609452
1.346939
1.151124
1.053373
1.016125
1.004296
1.001025
1.000221
1.000045
1.000008
1.000000
1.000000
1.000000
1.000000
1.000000
1.000000
1.000000
1.000000
1.000000
1.000000
1.000000
1.000000
1.000000
1.000024
1.000198
1.001218
1.006251
1.025460
1.079089
1.183089
1.325414
1.480106
1.623656
1.740947
1.826092
1.880995
1.912130
1.925987
1.922759
1.886131
1.775607
1.562943
1.312871
1.133844
1.046801
1.014069
1.003738
1.000891
1.000194
1.000039
1.000006
1.000000
1.000000
1.000000
1.000000
1.000000
1.000000
1.000000
1.000000
1.000000
1.000000
1.000000
1.000000
1.000000
1.000018
1.000149
1.000932
1.004829
1.019986
1.063489
1.150879
1.274004
1.410185
1.537298
1.640706
1.714805
1.761630
1.787431
1.798004
1.792422
1.753430
1.643431
1.448180
1.239077
1.099794
1.034544
1.010349
1.002745
1.000654
1.000141
1.000026
1.000004
1.000000
1.000000
1.000000
1.000000
1.000000
1.000000
1.000000
1.000000
1.000000
1.000000
1.000000
1.000000
1.000000
1.000011
1.000092
1.000594
1.003125
1.013148
1.042743
1.104409
1.193879
1.294224
1.387601
1.462142
1.513868
1.545197
1.561509
1.567004
1.559528
1.523403
1.431141
1.285807
1.146865
1.060401
1.020876
1.006270
1.001667
1.000394
1.000084
1.000014
1.000000
1.000000
1.000000
1.000000
1.000000
1.000000
1.000000
1.000000
1.000000
1.000000
1.000000
1.000000
1.000000
1.000000
1.000004
1.000048
1.000320
1.001690
1.007200
1.023811
1.059285
1.111470
1.169739
1.222675
1.263230
1.289894
1.305064
1.312351
1.313963
1.307665
1.283036
1.225676
1.144454
1.072950
1.030004
1.010442
1.003158
1.000843
1.000200
1.000043
1.000006
1.000000
1.000000
1.000000
1.000000
1.000000
1.000000
1.000000
1.000000
1.000000
1.000000
1.000000
1.000000
1.000000
1.000000
1.000000
1.000021
1.000144
1.000770
1.003316
1.011081
1.027832
1.052379
1.079146
1.102449
1.119310
1.129689
1.135189
1.137597
1.137753
1.134273
1.122114
1.095482
1.060191
1.030358
1.012588
1.004424
1.001349
1.000362
1.000083
1.000018
1.000001
1.000000
1.000000
1.000000
1.000000
1.000000
1.000000
1.000000
1.000000
1.000000
1.000000
1.000000
1.000000
1.000000
1.000000
1.000000
1.000008
1.000052
1.000301
1.001306
1.004389
1.011045
1.020660
1.030811
1.039231
1.044971
1.048282
1.049920
1.050573
1.050489
1.049055
1.044338
1.034354
1.021575
1.010934
1.004576
1.001623
1.000497
1.000133
1.000031
1.000004
1.000000
1.000000
1.000000
1.000000
1.000000
1.000000
1.000000
1.000000
1.000000
1.000000
1.000000
1.000000
1.000000
1.000000
1.000000
1.000000
1.000000
1.000017
1.000103
1.000447
1.001507
1.003789
1.007030
1.010343
1.012972
1.014670
1.015596
1.016028
1.016185
1.016129
1.015643
1.014094
1.010880
1.006834
1.003482
1.001467
1.000523
1.000160
1.000042
1.000009
1.000000
1.000000
1.000000
1.000000
1.000000
1.000000
1.000000
1.000000
1.000000
1.000000
1.000000
1.000000
1.000000
1.000000
1.000000
1.000000
1.000000
1.000000
1.000004
1.000027
1.000133
1.000455
1.001144
1.002106
1.003064
1.003794
1.004246
1.004480
1.004585
1.004623
1.004601
1.004456
1.004008
1.003088
1.001942
1.000993
1.000420
1.000150
1.000046
1.000011
1.000000
1.000000
1.000000
1.000000
1.000000
1.000000
1.000000
1.000000
1.000000
1.000000
1.000000
1.000000
1.000000
1.000000
1.000000
1.000000
1.000000
1.000000
1.000000
1.000000
1.000006
1.000033
1.000122
1.000307
1.000563
1.000812
1.000995
1.001106
1.001160
1.001184
1.001193
1.001186
1.001148
1.001032
1.000794
1.000499
1.000255
1.000107
1.000037
1.000010
1.000000
1.000000
1.000000
1.000000
1.000000
1.000000
1.000000
1.000000
1.000000
1.000000
1.000000
1.000000
1.000000
1.000000
1.000000
1.000000
1.000000
1.000000
1.000000
1.000000
1.000000
1.000000
1.000007
1.000027
1.000073
1.000134
1.000192
1.000234
1.000260
1.000274
1.000278
1.000280
1.000278
1.000269
1.000241
1.000185
1.000116
1.000059
1.000022
1.000006
1.000000
1.000000
1.000000
1.000000
1.000000
1.000000
1.000000
1.000000
1.000000
1.000000
1.000000
1.000000
1.000000
1.000000
1.000000
1.000000
1.000000
1.000000
1.000000
1.000000
1.000000
1.000000
1.000000
1.000000
1.000004
1.000014
1.000028
1.000042
1.000051
1.000055
1.000058
1.000058
1.000058
1.000058
1.000056
1.000050
1.000037
1.000022
1.000009
1.000003
1.000000
1.000000
1.000000
1.000000
1.000000
1.000000
1.000000
1.000000
1.000000
1.000000
1.000000
1.000000
1.000000
1.000000
1.000000
1.000000
1.000000
1.000000
1.000000
1.000000
1.000000
1.000000
1.000000
1.000000
1.000000
1.000000
1.000000
1.000004
1.000006
1.000007
1.000008
1.000009
1.000009
1.000009
1.000009
1.000008
1.000007
1.000005
1.000002
1.000000
1.000000
1.000000
1.000000
1.000000
1.000000
1.000000
1.000000
1.000000
1.000000
1.000000
1.000000
1.000000
1.000000
1.000000
1.000000
1.000000
1.000000
1.000000
1.000000
1.000000
1.000000
1.000000
1.000000
1.000000
1.000000
1.000000
1.000000
1.000000
1.000000
1.000000
1.000000
1.000000
1.000000
1.000000
1.000000
1.000000
1.000000
1.000000
1.000000
1.000000
1.000000
1.000000
1.000000
1.000000
1.000000
1.000000
1.000000
1.000000
1.000000
1.000000
1.000000
1.000000
1.000000
1.000000
1.000000
1.000000
1.000000
1.000000
1.000000
1.000000
1.000000
1.000000
1.000000
1.000000
1.000000
1.000000
1.000000
1.000000
1.000000
1.000000
1.000000
1.000000
1.000000
1.000000
1.000000
1.000000
1.000000
1.000000
1.000000
1.000000
1.000000
1.000000
1.000000
1.000000
1.000000
1.000000
1.000000
1.000000
1.000000
1.000000
1.000000
1.000000
1.000000
1.000000
1.000000
1.000000
1.000000
1.000000
1.000000
1.000000
1.000000
1.000000
1.000000
1.000000
1.000000
1.000000
1.000000
1.000000
1.000000
1.000000
1.000000
1.000000
1.000000
1.000000
1.000000
1.000000
1.000000
1.000000
1.000000
1.000000
1.000000
1.000000
1.000000
1.000000
1.000000
1.000000
1.000000
1.000000
1.000000
1.000000
1.000000
1.000000
1.000000
1.000000
1.000000
1.000000
1.000000
1.000000
1.000000
1.000000
1.000000
1.000000
1.000000
1.000000
1.000000
1.000000
1.000000
1.000000
1.000000
1.000000
1.000000
1.000000
1.000000
1.000000
1.000000
1.000000
1.000000
1.000000
1.000000
1.000000
1.000000
1.000000
1.000000
1.000000
1.000000
1.000000
1.000000
1.000000
1.000000
1.000000
1.000000
1.000000
1.000000
1.000000
1.000000
1.000000
1.000000
1.000000
1.000000
1.000000
1.000000
1.000000
1.000000
1.000000
1.000000
1.000000
1.000000
1.000000
1.000000
1.000000
1.000000
1.000000
1.000000
1.000000
1.000000
1.000000
1.000000
1.000000
1.000000
1.000000
1.000000
1.000000
1.000000
1.000000
1.000000
1.000000
1.000000
1.000000
1.000000
1.000000
1.000000
1.000000
1.000000
1.000000
1.000000
1.000000
1.000000
1.000000
1.000000
1.000000
1.000000
1.000000
1.000000
1.000000
1.000000
1.000000
1.000000
1.000000
1.000000
1.000000
1.000000
1.000000
1.000000
1.000000
1.000000
1.000000
1.000000
1.000000
1.000000
1.000000
1.000000
1.000000
1.000000
1.000000
1.000000
1.000000
1.000000
1.000000
1.000000
1.000000
1.000000
1.000000
1.000000
1.000000
1.000000
1.000000
1.000000
1.000000
1.000000
1.000000
1.000000
1.000000
1.000000
1.000000
1.000000
1.000000
1.000000
1.000000
1.000000
1.000000
1.000000
1.000000
1.000000
1.000000
1.000000
1.000000
1.000000
1.000000
1.000000
1.000000
1.000000
1.000000
1.000000
1.000000
1.000000
1.000000
1.000000
1.000000
1.000000
1.000000
1.000000
1.000000
1.000000
1.000000
1.000000
1.000000
1.000000
1.000000
1.000000
1.000000
1.000000
1.000000
1.000000
1.000000
1.000000
1.000000
1.000000
1.000000
1.000000
1.000000
1.000000
1.000000
1.000000
1.000000
1.000000
1.000000
1.000000
1.000000
1.000000
1.000000
1.000000
1.000000
1.000000
1.000000
1.000000
1.000000
1.000000
1.000000
1.000000
1.000000
1.000000
1.000000
1.000000
1.000000
1.000000
1.000000
1.000000
1.000000
1.000000
1.000000
1.000000
1.000000
1.000000
1.000000
1.000000
