1.000000
1.000000
1.000000
1.000000
1.000000
1.000000
1.000000
1.000000
1.000000
1.000000
1.000000
1.000000
1.000000
1.000000
1.000000
1.000000
1.000000
1.000000
1.000000
1.000000
1.000000
1.000000
1.000000
1.000000
1.000000
1.000000
1.000000
1.000000
1.000000
1.000000
1.000000
1.000000
1.000000
1.000000
1.000000
1.000000
1.000000
1.000000
1.000000
1.000000
1.000000
1.000000
1.000000
1.000000
1.000000
1.000000
1.000000
1.000000
1.000000
1.000000
1.000000
1.000000
1.000000
1.000000
1.000000
1.000000
1.000000
1.000000
1.000000
1.000000
1.000000
1.000000
1.000000
1.000000
1.000000
1.000000
1.000000
1.000000
1.000000
1.000000
1.000000
1.000000
1.000000
1.000000
1.000000
1.000000
1.000000
1.000000
1.000000
1.000000
1.000000
1.000000
1.000000
1.000000
1.000000
1.000000
1.000000
1.000000
1.000000
1.000000
1.000000
1.000000
1.000000
1.000000
1.000000
1.000000
1.000000
1.000000
1.000000
1.000000
1.000000
1.000000
1.000000
1.000000
1.000000
1.000000
1.000000
1.000000
1.000000
1.000000
1.000000
1.000000
1.000000
1.000000
1.000000
1.000000
1.000000
1.000000
1.000000
1.000000
1.000000
1.000000
1.000000
1.000000
1.000000
1.000000
1.000000
1.000000
1.000000
1.000000
1.000000
1.000000
1.000000
1.000000
1.000000
1.000000
1.000000
1.000000
1.000000
1.000000
1.000000
1.000000
1.000000
1.000000
1.000000
1.000000
1.000000
1.000000
1.000000
1.000000
1.000000
1.000000
1.000000
1.000000
1.000000
1.000000
1.000000
1.000000
1.000000
1.000000
1.000000
1.000000
1.000000
1.000000
1.000000
1.000000
1.000000
1.000000
1.000000
1.000000
1.000000
1.000000
1.000000
1.000000
1.000000
1.000000
1.000000
1.000000
1.000000
1.000000
1.000000
1.000000
1.000000
1.000000
1.000000
1.000000
1.000000
1.000000
1.000000
1.000000
1.000000
1.000000
1.000000
1.000000
1.000000
1.000000
1.000000
1.000000
1.000000
1.000000
1.000000
1.000000
1.000000
1.000000
1.000000
1.000000
1.000000
1.000000
1.000000
1.000000
1.000000
1.000000
1.000000
1.000000
1.000000
1.000000
1.000000
1.000000
1.000000
1.000000
1.000000
1.000000
1.000000
1.000000
1.000000
1.000000
1.000000
1.000000
1.000000
1.000000
1.000000
1.000000
1.000000
1.000000
1.000000
1.000000
1.000000
1.000000
1.000000
1.000000
1.000000
1.000000
1.000000
1.000000
1.000000
1.000000
1.000000
1.000000
1.000000
1.000000
1.000000
1.000000
1.000000
1.000000
1.000000
1.000009
1.000013
1.000027
1.000040
1.000049
1.000052
1.000053
1.000053
1.000053
1.000053
1.000051
1.000044
1.000034
1.000019
1.000009
1.000000
1.000000
1.000000
1.000000
1.000000
1.000000
1.000000
1.000000
1.000000
1.000000
1.000000
1.000000
1.000000
1.000000
1.000000
1.000000
1.000000
1.000000
1.000000
1.000000
1.000000
1.000000
1.000000
1.000000
1.000000
1.000013
1.000085
1.000214
1.000376
1.000503
1.000574
1.000609
1.000623
1.000627
1.000628
1.000625
1.000609
1.000546
1.000415
1.000246
1.000117
1.000046
1.000017
1.000004
1.000000
1.000000
1.000000
1.000000
1.000000
1.000000
1.000000
1.000000
1.000000
1.000000
1.000000
1.000000
1.000000
1.000000
1.000000
1.000000
1.000000
1.000000
1.000000
1.000000
1.000005
1.000042
1.000212
1.000759
1.001909
1.003287
1.004387
1.005041
1.005352
1.005473
1.005514
1.005527
1.005497
1.005355
1.004859
1.003713
1.002255
1.001086
1.000425
1.000139
1.000040
1.000010
1.000000
1.000000
1.000000
1.000000
1.000000
1.000000
1.000000
1.000000
1.000000
1.000000
1.000000
1.000000
1.000000
1.000000
1.000000
1.000000
1.000000
1.000000
1.000009
1.000048
1.000283
1.001353
1.004753
1.011728
1.020006
1.026690
1.030776
1.032784
1.033610
1.033900
1.033966
1.033833
1.033073
1.030285
1.023602
1.014660
1.007181
1.002832
1.000924
1.000256
1.000061
1.000014
1.000001
1.000000
1.000000
1.000000
1.000000
1.000000
1.000000
1.000000
1.000000
1.000000
1.000000
1.000000
1.000000
1.000000
1.000000
1.000000
1.000000
1.000022
1.000197
1.001169
1.005428
1.018602
1.044611
1.074982
1.099873
1.115736
1.124028
1.127692
1.129083
1.129478
1.129144
1.126791
1.117768
1.094696
1.060906
1.030566
1.012199
1.003999
1.001109
1.000266
1.000057
1.000013
1.000000
1.000000
1.000000
1.000000
1.000000
1.000000
1.000000
1.000000
1.000000
1.000000
1.000000
1.000000
1.000000
1.000000
1.000000
1.000011
1.000061
1.000442
1.002598
1.011947
1.040340
1.095142
1.159261
1.213521
1.250137
1.270763
1.280698
1.284840
1.286241
1.285895
1.281666
1.264590
1.218304
1.144494
1.073635
1.029404
1.009573
1.002632
1.000627
1.000133
1.000028
1.000006
1.000000
1.000000
1.000000
1.000000
1.000000
1.000000
1.000000
1.000000
1.000000
1.000000
1.000000
1.000000
1.000000
1.000000
1.000013
1.000094
1.000680
1.004024
1.018456
1.062048
1.145819
1.245539
1.333396
1.396265
1.434314
1.454159
1.463166
1.466606
1.466721
1.460953
1.436238
1.366065
1.246561
1.126111
1.049856
1.015989
1.004333
1.001018
1.000214
1.000043
1.000008
1.000000
1.000000
1.000000
1.000000
1.000000
1.000000
1.000000
1.000000
1.000000
1.000000
1.000000
1.000000
1.000000
1.000000
1.000014
1.000117
1.000852
1.005045
1.023198
1.078187
1.184645
1.314468
1.433537
1.523348
1.581136
1.613344
1.629007
1.635522
1.636648
1.629847
1.598664
1.507034
1.343929
1.174907
1.068022
1.021416
1.005711
1.001327
1.000275
1.000054
1.000009
1.000000
1.000000
1.000000
1.000000
1.000000
1.000000
1.000000
1.000000
1.000000
1.000000
1.000000
1.000000
1.000000
1.000000
1.000016
1.000131
1.000948
1.005618
1.025930
1.087832
1.209045
1.360381
1.504060
1.617190
1.693612
1.738461
1.761452
1.771603
1.774113
1.766709
1.730296
1.620800
1.420959
1.211773
1.080929
1.025050
1.006590
1.001516
1.000312
1.000059
1.000010
1.000000
1.000000
1.000000
1.000000
1.000000
1.000000
1.000000
1.000000
1.000000
1.000000
1.000000
1.000000
1.000000
1.000000
1.000016
1.000136
1.000989
1.005884
1.027235
1.092662
1.222068
1.386636
1.547006
1.677387
1.768679
1.824313
1.853931
1.867550
1.871482
1.863755
1.823307
1.700052
1.472720
1.235091
1.088540
1.027060
1.007051
1.001612
1.000329
1.000061
1.000011
1.000000
1.000000
1.000000
1.000000
1.000000
1.000000
1.000000
1.000000
1.000000
1.000000
1.000000
1.000000
1.000000
1.000000
1.000016
1.000138
1.001005
1.005990
1.027768
1.094743
1.228091
1.399727
1.569897
1.711253
1.812661
1.876050
1.910661
1.926995
1.932090
1.924186
1.880860
1.748031
1.502610
1.247664
1.092355
1.028004
1.007257
1.001651
1.000335
1.000062
1.000011
1.000000
1.000000
1.000000
1.000000
1.000000
1.000000
1.000000
1.000000
1.000000
1.000000
1.000000
1.000000
1.000000
1.000000
1.000016
1.000138
1.001010
1.006024
1.027956
1.095525
1.230536
1.405474
1.580657
1.728060
1.835379
1.903518
1.941302
1.959412
1.965286
1.957277
1.912107
1.773378
1.517569
1.253523
1.094008
1.028388
1.007337
1.001666
1.000337
1.000062
1.000011
1.000000
1.000000
1.000000
1.000000
1.000000
1.000000
1.000000
1.000000
1.000000
1.000000
1.000000
1.000000
1.000000
1.000000
1.000016
1.000138
1.001010
1.006033
1.028002
1.095747
1.231349
1.407620
1.585036
1.735331
1.845635
1.916270
1.955770
1.974862
1.981170
1.973094
1.926874
1.784944
1.523938
1.255790
1.094582
1.028507
1.007359
1.001669
1.000338
1.000062
1.000011
1.000000
1.000000
1.000000
1.000000
1.000000
1.000000
1.000000
1.000000
1.000000
1.000000
1.000000
1.000000
1.000000
1.000000
1.000016
1.000137
1.001005
1.006006
1.027888
1.095449
1.230915
1.407372
1.585432
1.736759
1.848233
1.919895
1.960119
1.979629
1.986114
1.977964
1.931145
1.787573
1.524439
1.255353
1.094237
1.028370
1.007316
1.001659
1.000335
1.000062
1.000010
1.000000
1.000000
1.000000
1.000000
1.000000
1.000000
1.000000
1.000000
1.000000
1.000000
1.000000
1.000000
1.000000
1.000000
1.000015
1.000131
1.000965
1.005794
1.027009
1.092884
1.225944
1.400188
1.576584
1.726759
1.837454
1.908588
1.948464
1.967755
1.974081
1.965667
1.918119
1.773277
1.510942
1.246792
1.090608
1.027205
1.007007
1.001587
1.000321
1.000059
1.000010
1.000000
1.000000
1.000000
1.000000
1.000000
1.000000
1.000000
1.000000
1.000000
1.000000
1.000000
1.000000
1.000000
1.000000
1.000013
1.000113
1.000818
1.004956
1.023390
1.081892
1.203413
1.365740
1.531705
1.673234
1.777047
1.843089
1.879589
1.896905
1.902120
1.892721
1.843506
1.698061
1.447655
1.210223
1.075928
1.022626
1.005807
1.001312
1.000266
1.000047
1.000007
1.000000
1.000000
1.000000
1.000000
1.000000
1.000000
1.000000
1.000000
1.000000
1.000000
1.000000
1.000000
1.000000
1.000000
1.000008
1.000075
1.000569
1.003492
1.016781
1.060327
1.154797
1.285064
1.420027
1.534616
1.617065
1.667927
1.694963
1.707141
1.709872
1.699382
1.651366
1.519480
1.316348
1.143092
1.050886
1.015103
1.003872
1.000872
1.000175
1.000032
1.000004
1.000000
1.000000
1.000000
1.000000
1.000000
1.000000
1.000000
1.000000
1.000000
1.000000
1.000000
1.000000
1.000000
1.000000
1.000002
1.000041
1.000322
1.001989
1.009707
1.035714
1.094249
1.176754
1.262086
1.332744
1.381392
1.409734
1.423850
1.429685
1.430095
1.421165
1.385018
1.294447
1.171437
1.075886
1.026927
1.008026
1.002067
1.000467
1.000093
1.000016
1.000000
1.000000
1.000000
1.000000
1.000000
1.000000
1.000000
1.000000
1.000000
1.000000
1.000000
1.000000
1.000000
1.000000
1.000000
1.000000
1.000019
1.000147
1.000923
1.004563
1.017036
1.045642
1.085934
1.126522
1.158517
1.179152
1.190318
1.195466
1.197375
1.197037
1.191972
1.173007
1.128648
1.073331
1.032382
1.011577
1.003479
1.000901
1.000204
1.000041
1.000005
1.000000
1.000000
1.000000
1.000000
1.000000
1.000000
1.000000
1.000000
1.000000
1.000000
1.000000
1.000000
1.000000
1.000000
1.000000
1.000000
1.000005
1.000052
1.000356
1.001780
1.006698
1.018030
1.033727
1.048911
1.060194
1.066978
1.070385
1.071842
1.072322
1.072068
1.070007
1.062611
1.045956
1.026066
1.011578
1.004180
1.001266
1.000329
1.000073
1.000014
1.000000
1.000000
1.000000
1.000000
1.000000
1.000000
1.000000
1.000000
1.000000
1.000000
1.000000
1.000000
1.000000
1.000000
1.000000
1.000000
1.000000
1.000000
1.000016
1.000118
1.000589
1.002228
1.005994
1.011097
1.015836
1.019168
1.021050
1.021935
1.022289
1.022394
1.022291
1.021621
1.019270
1.014073
1.007989
1.003571
1.001299
1.000396
1.000103
1.000022
1.000002
1.000000
1.000000
1.000000
1.000000
1.000000
1.000000
1.000000
1.000000
1.000000
1.000000
1.000000
1.000000
1.000000
1.000000
1.000000
1.000000
1.000000
1.000000
1.000003
1.000030
1.000168
1.000639
1.001718
1.003152
1.004435
1.005297
1.005760
1.005965
1.006043
1.006067
1.006033
1.005847
1.005203
1.003792
1.002156
1.000968
1.000354
1.000107
1.000027
1.000005
1.000000
1.000000
1.000000
1.000000
1.000000
1.000000
1.000000
1.000000
1.000000
1.000000
1.000000
1.000000
1.000000
1.000000
1.000000
1.000000
1.000000
1.000000
1.000000
1.000000
1.000006
1.000041
1.000160
1.000433
1.000787
1.001096
1.001296
1.001398
1.001442
1.001459
1.001464
1.001454
1.001409
1.001253
1.000912
1.000519
1.000233
1.000084
1.000024
1.000005
1.000000
1.000000
1.000000
1.000000
1.000000
1.000000
1.000000
1.000000
1.000000
1.000000
1.000000
1.000000
1.000000
1.000000
1.000000
1.000000
1.000000
1.000000
1.000000
1.000000
1.000000
1.000000
1.000007
1.000035
1.000096
1.000174
1.000241
1.000283
1.000304
1.000314
1.000317
1.000317
1.000315
1.000305
1.000271
1.000197
1.000111
1.000051
1.000016
1.000002
1.000000
1.000000
1.000000
1.000000
1.000000
1.000000
1.000000
1.000000
1.000000
1.000000
1.000000
1.000000
1.000000
1.000000
1.000000
1.000000
1.000000
1.000000
1.000000
1.000000
1.000000
1.000000
1.000000
1.000000
1.000005
1.000017
1.000033
1.000048
1.000055
1.000059
1.000060
1.000060
1.000060
1.000060
1.000058
1.000052
1.000037
1.000019
1.000006
1.000001
1.000000
1.000000
1.000000
1.000000
1.000000
1.000000
1.000000
1.000000
1.000000
1.000000
1.000000
1.000000
1.000000
1.000000
1.000000
1.000000
1.000000
1.000000
1.000000
1.000000
1.000000
1.000000
1.000000
1.000000
1.000000
1.000000
1.000001
1.000005
1.000006
1.000008
1.000008
1.000008
1.000008
1.000008
1.000008
1.000008
1.000007
1.000004
1.000001
1.000000
1.000000
1.000000
1.000000
1.000000
1.000000
1.000000
1.000000
1.000000
1.000000
1.000000
1.000000
1.000000
1.000000
1.000000
1.000000
1.000000
1.000000
1.000000
1.000000
1.000000
1.000000
1.000000
1.000000
1.000000
1.000000
1.000000
1.000000
1.000000
1.000000
1.000000
1.000000
1.000000
1.000000
1.000000
1.000000
1.000000
1.000000
1.000000
1.000000
1.000000
1.000000
1.000000
1.000000
1.000000
1.000000
1.000000
1.000000
1.000000
1.000000
1.000000
1.000000
1.000000
1.000000
1.000000
1.000000
1.000000
1.000000
1.000000
1.000000
1.000000
1.000000
1.000000
1.000000
1.000000
1.000000
1.000000
1.000000
1.000000
1.000000
1.000000
1.000000
1.000000
1.000000
1.000000
1.000000
1.000000
1.000000
1.000000
1.000000
1.000000
1.000000
1.000000
1.000000
1.000000
1.000000
1.000000
1.000000
1.000000
1.000000
1.000000
1.000000
1.000000
1.000000
1.000000
1.000000
1.000000
1.000000
1.000000
1.000000
1.000000
1.000000
1.000000
1.000000
1.000000
1.000000
1.000000
1.000000
1.000000
1.000000
1.000000
1.000000
1.000000
1.000000
1.000000
1.000000
1.000000
1.000000
1.000000
1.000000
1.000000
1.000000
1.000000
1.000000
1.000000
1.000000
1.000000
1.000000
1.000000
1.000000
1.000000
1.000000
1.000000
1.000000
1.000000
1.000000
1.000000
1.000000
1.000000
1.000000
1.000000
1.000000
1.000000
1.000000
1.000000
1.000000
1.000000
1.000000
1.000000
1.000000
1.000000
1.000000
1.000000
1.000000
1.000000
1.000000
1.000000
1.000000
1.000000
1.000000
1.000000
1.000000
1.000000
1.000000
1.000000
1.000000
1.000000
1.000000
1.000000
1.000000
1.000000
1.000000
1.000000
1.000000
1.000000
1.000000
1.000000
1.000000
1.000000
1.000000
1.000000
1.000000
1.000000
1.000000
1.000000
1.000000
1.000000
1.000000
1.000000
1.000000
1.000000
1.000000
1.000000
1.000000
1.000000
1.000000
1.000000
1.000000
1.000000
1.000000
1.000000
1.000000
1.000000
1.000000
1.000000
1.000000
1.000000
1.000000
1.000000
1.000000
1.000000
1.000000
1.000000
1.000000
1.000000
1.000000
1.000000
1.000000
1.000000
1.000000
1.000000
1.000000
1.000000
1.000000
1.000000
1.000000
1.000000
1.000000
1.000000
1.000000
1.000000
1.000000
1.000000
1.000000
1.000000
1.000000
1.000000
1.000000
1.000000
1.000000
1.000000
1.000000
1.000000
1.000000
1.000000
1.000000
1.000000
1.000000
1.000000
1.000000
1.000000
1.000000
1.000000
1.000000
1.000000
1.000000
1.000000
1.000000
1.000000
1.000000
1.000000
1.000000
1.000000
1.000000
1.000000
1.000000
1.000000
1.000000
1.000000
1.000000
1.000000
1.000000
1.000000
1.000000
1.000000
1.000000
1.000000
1.000000
1.000000
1.000000
1.000000
1.000000
1.000000
1.000000
1.000000
1.000000
1.000000
1.000000
1.000000
1.000000
1.000000
1.000000
1.000000
1.000000
1.000000
1.000000
1.000000
1.000000
1.000000
1.000000
1.000000
1.000000
1.000000
1.000000
1.000000
1.000000
1.000000
1.000000
1.000000
1.000000
1.000000
1.000000
1.000000
1.000000
1.000000
1.000000
1.000000
1.000000
1.000000
1.000000
1.000000
1.000000
1.000000
1.000000
1.000000
1.000000
1.000000
1.000000
1.000000
1.000000
1.000000
1.000000
1.000000
1.000000
1.000000
1.000000
1.000000
1.000000
1.000000
1.000000
1.000000
1.000000
1.000000
1.000000
1.000000
1.000000
1.000000
1.000000
1.000000
1.000000
1.000000
1.000000
1.000000
1.000000
1.000000
1.000000
1.000000
1.000000
1.000000
1.000000
1.000000
1.000000
1.000000
1.000000
1.000000
1.000000
1.000000
1.000000
1.000000
1.000000
1.000000
1.000000
1.000000
1.000000
1.000000
1.000000
1.000000
1.000000
1.000000
1.000000
1.000000
1.000000
1.000000
1.000000
1.000000
1.000000
1.000000
