1.000000
1.000000
1.000000
1.000000
1.000000
1.000000
1.000000
1.000000
1.000000
1.000000
1.000000
1.000000
1.000000
1.000000
1.000000
1.000000
1.000000
1.000000
1.000000
1.000000
1.000000
1.000000
1.000000
1.000000
1.000000
1.000000
1.000000
1.000000
1.000000
1.000000
1.000000
1.000000
1.000000
1.000000
1.000000
1.000000
1.000000
1.000000
1.000000
1.000000
1.000000
1.000000
1.000000
1.000000
1.000000
1.000000
1.000000
1.000000
1.000000
1.000000
1.000000
1.000000
1.000000
1.000000
1.000000
1.000000
1.000000
1.000000
1.000000
1.000000
1.000000
1.000000
1.000000
1.000000
1.000000
1.000000
1.000000
1.000000
1.000000
1.000000
1.000000
1.000000
1.000000
1.000000
1.000000
1.000000
1.000000
1.000000
1.000000
1.000000
1.000000
1.000000
1.000000
1.000000
1.000000
1.000000
1.000000
1.000000
1.000000
1.000000
1.000000
1.000000
1.000000
1.000000
1.000000
1.000000
1.000000
1.000000
1.000000
1.000000
1.000000
1.000000
1.000000
1.000000
1.000000
1.000000
1.000000
1.000000
1.000000
1.000000
1.000000
1.000000
1.000000
1.000000
1.000000
1.000000
1.000000
1.000000
1.000000
1.000000
1.000000
1.000000
1.000000
1.000000
1.000000
1.000000
1.000000
1.000000
1.000000
1.000000
1.000000
1.000000
1.000000
1.000000
1.000000
1.000000
1.000000
1.000000
1.000000
1.000000
1.000000
1.000000
1.000000
1.000000
1.000000
1.000000
1.000000
1.000000
1.000000
1.000000
1.000000
1.000000
1.000000
1.000000
1.000000
1.000000
1.000000
1.000000
1.000000
1.000000
1.000000
1.000000
1.000000
1.000000
1.000000
1.000000
1.000000
1.000000
1.000000
1.000000
1.000000
1.000000
1.000000
1.000000
1.000000
1.000000
1.000000
1.000000
1.000000
1.000000
1.000000
1.000000
1.000000
1.000000
1.000000
1.000000
1.000000
1.000000
1.000000
1.000000
1.000000
1.000000
1.000000
1.000000
1.000000
1.000000
1.000000
1.000000
1.000000
1.000000
1.000000
1.000000
1.000000
1.000000
1.000000
1.000000
1.000000
1.000000
1.000000
1.000000
1.000000
1.000000
1.000000
1.000000
1.000000
1.000000
1.000000
1.000000
1.000000
1.000000
1.000000
1.000000
1.000000
1.000000
1.000000
1.000000
1.000000
1.000000
1.000000
1.000000
1.000000
1.000000
1.000000
1.000000
1.000000
1.000000
1.000000
1.000000
1.000000
1.000000
1.000000
1.000000
1.000000
1.000000
1.000000
1.000000
1.000000
1.000000
1.000000
1.000000
1.000000
1.000000
1.000000
1.000000
1.000000
1.000010
1.000013
1.000027
1.000040
1.000057
1.000064
1.000065
1.000066
1.000066
1.000065
1.000064
1.000056
1.000043
1.000030
1.000016
1.000003
1.000000
1.000000
1.000000
1.000000
1.000000
1.000000
1.000000
1.000000
1.000000
1.000000
1.000000
1.000000
1.000000
1.000000
1.000000
1.000000
1.000000
1.000000
1.000000
1.000000
1.000000
1.000000
1.000000
1.000000
1.000013
1.000085
1.000216
1.000384
1.000520
1.000612
1.000655
1.000673
1.000684
1.000686
1.000681
1.000664
1.000599
1.000469
1.000299
1.000156
1.000066
1.000025
1.000010
1.000000
1.000000
1.000000
1.000000
1.000000
1.000000
1.000000
1.000000
1.000000
1.000000
1.000000
1.000000
1.000000
1.000000
1.000000
1.000000
1.000000
1.000000
1.000000
1.000000
1.000011
1.000050
1.000218
1.000726
1.001743
1.003010
1.004097
1.004803
1.005172
1.005333
1.005391
1.005410
1.005382
1.005242
1.004789
1.003790
1.002458
1.001292
1.000559
1.000202
1.000063
1.000017
1.000002
1.000000
1.000000
1.000000
1.000000
1.000000
1.000000
1.000000
1.000000
1.000000
1.000000
1.000000
1.000000
1.000000
1.000000
1.000000
1.000000
1.000000
1.000013
1.000055
1.000298
1.001275
1.004145
1.009786
1.016731
1.022737
1.026722
1.028867
1.029837
1.030212
1.030315
1.030199
1.029516
1.027202
1.021905
1.014512
1.007765
1.003392
1.001236
1.000384
1.000103
1.000023
1.000007
1.000000
1.000000
1.000000
1.000000
1.000000
1.000000
1.000000
1.000000
1.000000
1.000000
1.000000
1.000000
1.000000
1.000000
1.000000
1.000000
1.000028
1.000211
1.001141
1.004818
1.015321
1.035298
1.059482
1.080565
1.095006
1.103177
1.107109
1.108741
1.109269
1.109017
1.107018
1.099899
1.082612
1.056484
1.030964
1.013710
1.005026
1.001564
1.000422
1.000098
1.000022
1.000006
1.000000
1.000000
1.000000
1.000000
1.000000
1.000000
1.000000
1.000000
1.000000
1.000000
1.000000
1.000000
1.000000
1.000000
1.000013
1.000074
1.000487
1.002585
1.010798
1.033817
1.076626
1.128255
1.174267
1.207262
1.227153
1.237475
1.242140
1.243881
1.243749
1.240191
1.226694
1.191960
1.135069
1.075496
1.033621
1.012285
1.003799
1.001019
1.000241
1.000053
1.000012
1.000000
1.000000
1.000000
1.000000
1.000000
1.000000
1.000000
1.000000
1.000000
1.000000
1.000000
1.000000
1.000000
1.000000
1.000015
1.000121
1.000783
1.004154
1.017288
1.053805
1.121222
1.203383
1.278969
1.335954
1.372579
1.393031
1.403045
1.407225
1.407803
1.403038
1.383395
1.330218
1.237097
1.133876
1.059392
1.021452
1.006549
1.001734
1.000409
1.000087
1.000019
1.000003
1.000000
1.000000
1.000000
1.000000
1.000000
1.000000
1.000000
1.000000
1.000000
1.000000
1.000000
1.000000
1.000000
1.000020
1.000157
1.001014
1.005397
1.022485
1.070028
1.158185
1.267679
1.371958
1.454413
1.510545
1.543965
1.561486
1.569439
1.571471
1.566075
1.541244
1.471142
1.342113
1.193376
1.084815
1.030124
1.009048
1.002367
1.000552
1.000117
1.000024
1.000004
1.000000
1.000000
1.000000
1.000000
1.000000
1.000000
1.000000
1.000000
1.000000
1.000000
1.000000
1.000000
1.000000
1.000022
1.000178
1.001160
1.006174
1.025797
1.080675
1.183430
1.313764
1.441939
1.547557
1.622995
1.670326
1.696537
1.709201
1.713302
1.707799
1.678790
1.594150
1.433146
1.243479
1.105185
1.036703
1.010855
1.002804
1.000647
1.000136
1.000028
1.000005
1.000000
1.000000
1.000000
1.000000
1.000000
1.000000
1.000000
1.000000
1.000000
1.000000
1.000000
1.000000
1.000000
1.000023
1.000191
1.001234
1.006575
1.027555
1.086555
1.198152
1.342304
1.487827
1.611737
1.703630
1.763669
1.798340
1.815862
1.822264
1.816980
1.784690
1.688214
1.501271
1.279325
1.118890
1.040864
1.011937
1.003055
1.000699
1.000146
1.000029
1.000005
1.000000
1.000000
1.000000
1.000000
1.000000
1.000000
1.000000
1.000000
1.000000
1.000000
1.000000
1.000000
1.000000
1.000023
1.000194
1.001263
1.006750
1.028354
1.089362
1.205633
1.357818
1.514382
1.650898
1.754944
1.824949
1.866609
1.888334
1.896821
1.891867
1.857099
1.751653
1.545712
1.301435
1.126791
1.043110
1.012491
1.003179
1.000723
1.000149
1.000029
1.000005
1.000000
1.000000
1.000000
1.000000
1.000000
1.000000
1.000000
1.000000
1.000000
1.000000
1.000000
1.000000
1.000000
1.000023
1.000195
1.001276
1.006819
1.028671
1.090537
1.208986
1.365291
1.528039
1.672167
1.784026
1.860781
1.907384
1.932190
1.942254
1.937584
1.901073
1.789448
1.571111
1.313307
1.130745
1.044164
1.012736
1.003230
1.000733
1.000150
1.000029
1.000005
1.000000
1.000000
1.000000
1.000000
1.000000
1.000000
1.000000
1.000000
1.000000
1.000000
1.000000
1.000000
1.000000
1.000023
1.000195
1.001277
1.006839
1.028770
1.090938
1.210262
1.368420
1.534216
1.682379
1.798628
1.879353
1.928968
1.955705
1.966777
1.962286
1.924654
1.809214
1.583718
1.318767
1.132414
1.044572
1.012822
1.003248
1.000736
1.000151
1.000030
1.000005
1.000000
1.000000
1.000000
1.000000
1.000000
1.000000
1.000000
1.000000
1.000000
1.000000
1.000000
1.000000
1.000000
1.000023
1.000194
1.001272
1.006814
1.028676
1.090746
1.210130
1.368804
1.535758
1.685677
1.803987
1.886667
1.937814
1.965550
1.977141
1.972705
1.934357
1.816694
1.587535
1.319696
1.132381
1.044465
1.012776
1.003232
1.000730
1.000150
1.000029
1.000005
1.000000
1.000000
1.000000
1.000000
1.000000
1.000000
1.000000
1.000000
1.000000
1.000000
1.000000
1.000000
1.000000
1.000022
1.000186
1.001230
1.006606
1.027902
1.088683
1.206352
1.363568
1.529632
1.679208
1.797541
1.880398
1.931719
1.959561
1.971155
1.966498
1.927332
1.807854
1.577341
1.311620
1.128240
1.042920
1.012307
1.003110
1.000705
1.000144
1.000028
1.000004
1.000000
1.000000
1.000000
1.000000
1.000000
1.000000
1.000000
1.000000
1.000000
1.000000
1.000000
1.000000
1.000000
1.000019
1.000166
1.001077
1.005827
1.024882
1.080271
1.189948
1.339027
1.498085
1.641932
1.755651
1.834913
1.883623
1.909740
1.920217
1.914496
1.873438
1.751507
1.524854
1.276111
1.111632
1.037021
1.010569
1.002664
1.000603
1.000124
1.000023
1.000003
1.000000
1.000000
1.000000
1.000000
1.000000
1.000000
1.000000
1.000000
1.000000
1.000000
1.000000
1.000000
1.000000
1.000014
1.000121
1.000798
1.004376
1.018999
1.062768
1.152798
1.278942
1.415801
1.539974
1.637314
1.703937
1.743831
1.764469
1.771811
1.764047
1.721454
1.603262
1.402651
1.203344
1.080440
1.026467
1.007537
1.001896
1.000427
1.000086
1.000015
1.000000
1.000000
1.000000
1.000000
1.000000
1.000000
1.000000
1.000000
1.000000
1.000000
1.000000
1.000000
1.000000
1.000000
1.000008
1.000072
1.000492
1.002720
1.012002
1.040586
1.101597
1.189484
1.285765
1.372303
1.438354
1.481775
1.506500
1.518473
1.521631
1.513123
1.476182
1.383078
1.243409
1.118989
1.046596
1.015345
1.004385
1.001106
1.000247
1.000050
1.000007
1.000000
1.000000
1.000000
1.000000
1.000000
1.000000
1.000000
1.000000
1.000000
1.000000
1.000000
1.000000
1.000000
1.000000
1.000000
1.000035
1.000252
1.001401
1.006257
1.021512
1.054823
1.103260
1.155721
1.201370
1.234519
1.255009
1.265904
1.270729
1.271298
1.265170
1.242136
1.188747
1.116307
1.056192
1.022080
1.007329
1.002108
1.000534
1.000118
1.000024
1.000003
1.000000
1.000000
1.000000
1.000000
1.000000
1.000000
1.000000
1.000000
1.000000
1.000000
1.000000
1.000000
1.000000
1.000000
1.000000
1.000016
1.000106
1.000605
1.002730
1.009477
1.024331
1.045751
1.068273
1.086934
1.099663
1.107001
1.110626
1.112079
1.111959
1.108945
1.098474
1.075445
1.045963
1.022249
1.008823
1.002956
1.000857
1.000217
1.000047
1.000008
1.000000
1.000000
1.000000
1.000000
1.000000
1.000000
1.000000
1.000000
1.000000
1.000000
1.000000
1.000000
1.000000
1.000000
1.000000
1.000000
1.000002
1.000036
1.000223
1.001016
1.003545
1.009111
1.017001
1.025006
1.031306
1.035347
1.037529
1.038536
1.038900
1.038779
1.037639
1.033846
1.025737
1.015652
1.007620
1.003049
1.001030
1.000299
1.000075
1.000016
1.000001
1.000000
1.000000
1.000000
1.000000
1.000000
1.000000
1.000000
1.000000
1.000000
1.000000
1.000000
1.000000
1.000000
1.000000
1.000000
1.000000
1.000000
1.000014
1.000071
1.000327
1.001148
1.002947
1.005451
1.007907
1.009754
1.010878
1.011451
1.011702
1.011783
1.011731
1.011371
1.010199
1.007732
1.004707
1.002303
1.000927
1.000314
1.000091
1.000022
1.000002
1.000000
1.000000
1.000000
1.000000
1.000000
1.000000
1.000000
1.000000
1.000000
1.000000
1.000000
1.000000
1.000000
1.000000
1.000000
1.000000
1.000000
1.000000
1.000000
1.000018
1.000092
1.000327
1.000839
1.001539
1.002207
1.002690
1.002972
1.003109
1.003166
1.003185
1.003168
1.003067
1.002748
1.002080
1.001268
1.000622
1.000251
1.000084
1.000023
1.000005
1.000000
1.000000
1.000000
1.000000
1.000000
1.000000
1.000000
1.000000
1.000000
1.000000
1.000000
1.000000
1.000000
1.000000
1.000000
1.000000
1.000000
1.000000
1.000000
1.000000
1.000003
1.000021
1.000082
1.000211
1.000386
1.000550
1.000665
1.000729
1.000760
1.000774
1.000777
1.000772
1.000747
1.000669
1.000505
1.000308
1.000151
1.000061
1.000018
1.000003
1.000000
1.000000
1.000000
1.000000
1.000000
1.000000
1.000000
1.000000
1.000000
1.000000
1.000000
1.000000
1.000000
1.000000
1.000000
1.000000
1.000000
1.000000
1.000000
1.000000
1.000000
1.000000
1.000003
1.000015
1.000046
1.000085
1.000122
1.000147
1.000162
1.000169
1.000170
1.000171
1.000170
1.000165
1.000148
1.000111
1.000068
1.000032
1.000011
1.000001
1.000000
1.000000
1.000000
1.000000
1.000000
1.000000
1.000000
1.000000
1.000000
1.000000
1.000000
1.000000
1.000000
1.000000
1.000000
1.000000
1.000000
1.000000
1.000000
1.000000
1.000000
1.000000
1.000000
1.000000
1.000001
1.000007
1.000015
1.000023
1.000029
1.000031
1.000033
1.000033
1.000033
1.000033
1.000031
1.000027
1.000019
1.000010
1.000004
1.000000
1.000000
1.000000
1.000000
1.000000
1.000000
1.000000
1.000000
1.000000
1.000000
1.000000
1.000000
1.000000
1.000000
1.000000
1.000000
1.000000
1.000000
1.000000
1.000000
1.000000
1.000000
1.000000
1.000000
1.000000
1.000000
1.000000
1.000000
1.000001
1.000003
1.000004
1.000004
1.000004
1.000004
1.000004
1.000004
1.000004
1.000003
1.000001
1.000000
1.000000
1.000000
1.000000
1.000000
1.000000
1.000000
1.000000
1.000000
1.000000
1.000000
1.000000
1.000000
1.000000
1.000000
1.000000
1.000000
1.000000
1.000000
1.000000
1.000000
1.000000
1.000000
1.000000
1.000000
1.000000
1.000000
1.000000
1.000000
1.000000
1.000000
1.000000
1.000000
1.000000
1.000000
1.000000
1.000000
1.000000
1.000000
1.000000
1.000000
1.000000
1.000000
1.000000
1.000000
1.000000
1.000000
1.000000
1.000000
1.000000
1.000000
1.000000
1.000000
1.000000
1.000000
1.000000
1.000000
1.000000
1.000000
1.000000
1.000000
1.000000
1.000000
1.000000
1.000000
1.000000
1.000000
1.000000
1.000000
1.000000
1.000000
1.000000
1.000000
1.000000
1.000000
1.000000
1.000000
1.000000
1.000000
1.000000
1.000000
1.000000
1.000000
1.000000
1.000000
1.000000
1.000000
1.000000
1.000000
1.000000
1.000000
1.000000
1.000000
1.000000
1.000000
1.000000
1.000000
1.000000
1.000000
1.000000
1.000000
1.000000
1.000000
1.000000
1.000000
1.000000
1.000000
1.000000
1.000000
1.000000
1.000000
1.000000
1.000000
1.000000
1.000000
1.000000
1.000000
1.000000
1.000000
1.000000
1.000000
1.000000
1.000000
1.000000
1.000000
1.000000
1.000000
1.000000
1.000000
1.000000
1.000000
1.000000
1.000000
1.000000
1.000000
1.000000
1.000000
1.000000
1.000000
1.000000
1.000000
1.000000
1.000000
1.000000
1.000000
1.000000
1.000000
1.000000
1.000000
1.000000
1.000000
1.000000
1.000000
1.000000
1.000000
1.000000
1.000000
1.000000
1.000000
1.000000
1.000000
1.000000
1.000000
1.000000
1.000000
1.000000
1.000000
1.000000
1.000000
1.000000
1.000000
1.000000
1.000000
1.000000
1.000000
1.000000
1.000000
1.000000
1.000000
1.000000
1.000000
1.000000
1.000000
1.000000
1.000000
1.000000
1.000000
1.000000
1.000000
1.000000
1.000000
1.000000
1.000000
1.000000
1.000000
1.000000
1.000000
1.000000
1.000000
1.000000
1.000000
1.000000
1.000000
1.000000
1.000000
1.000000
1.000000
1.000000
1.000000
1.000000
1.000000
1.000000
1.000000
1.000000
1.000000
1.000000
1.000000
1.000000
1.000000
1.000000
1.000000
1.000000
1.000000
1.000000
1.000000
1.000000
1.000000
1.000000
1.000000
1.000000
1.000000
1.000000
1.000000
1.000000
1.000000
1.000000
1.000000
1.000000
1.000000
1.000000
1.000000
1.000000
1.000000
1.000000
1.000000
1.000000
1.000000
1.000000
1.000000
1.000000
1.000000
1.000000
1.000000
1.000000
1.000000
1.000000
1.000000
1.000000
1.000000
1.000000
1.000000
1.000000
1.000000
1.000000
1.000000
1.000000
1.000000
1.000000
1.000000
1.000000
1.000000
1.000000
1.000000
1.000000
1.000000
1.000000
1.000000
1.000000
1.000000
1.000000
1.000000
1.000000
1.000000
1.000000
1.000000
1.000000
1.000000
1.000000
1.000000
1.000000
1.000000
1.000000
1.000000
1.000000
1.000000
1.000000
1.000000
1.000000
1.000000
1.000000
1.000000
1.000000
1.000000
1.000000
1.000000
1.000000
1.000000
1.000000
1.000000
1.000000
1.000000
1.000000
1.000000
1.000000
1.000000
1.000000
1.000000
1.000000
1.000000
1.000000
1.000000
1.000000
1.000000
1.000000
1.000000
1.000000
1.000000
1.000000
1.000000
1.000000
1.000000
1.000000
1.000000
1.000000
1.000000
1.000000
1.000000
1.000000
1.000000
1.000000
1.000000
1.000000
1.000000
1.000000
1.000000
1.000000
1.000000
