1.000000
1.000000
1.000000
1.000000
1.000000
1.000000
1.000000
1.000000
1.000000
1.000000
1.000000
1.000000
1.000000
1.000000
1.000000
1.000000
1.000000
1.000000
1.000000
1.000000
1.000000
1.000000
1.000000
1.000000
1.000000
1.000000
1.000000
1.000000
1.000000
1.000000
1.000000
1.000000
1.000000
1.000000
1.000000
1.000000
1.000000
1.000000
1.000000
1.000000
1.000000
1.000000
1.000000
1.000000
1.000000
1.000000
1.000000
1.000000
1.000000
1.000000
1.000000
1.000000
1.000000
1.000000
1.000000
1.000000
1.000000
1.000000
1.000000
1.000000
1.000000
1.000000
1.000000
1.000000
1.000000
1.000000
1.000000
1.000000
1.000000
1.000000
1.000000
1.000000
1.000000
1.000000
1.000000
1.000000
1.000000
1.000000
1.000000
1.000000
1.000000
1.000000
1.000000
1.000000
1.000000
1.000000
1.000000
1.000000
1.000000
1.000000
1.000000
1.000000
1.000000
1.000000
1.000000
1.000000
1.000000
1.000000
1.000000
1.000000
1.000000
1.000000
1.000000
1.000000
1.000000
1.000000
1.000000
1.000000
1.000000
1.000000
1.000000
1.000000
1.000000
1.000000
1.000000
1.000000
1.000000
1.000000
1.000000
1.000000
1.000000
1.000000
1.000000
1.000000
1.000000
1.000000
1.000000
1.000000
1.000000
1.000000
1.000000
1.000000
1.000000
1.000000
1.000000
1.000000
1.000000
1.000000
1.000000
1.000000
1.000000
1.000000
1.000000
1.000000
1.000000
1.000000
1.000000
1.000000
1.000000
1.000000
1.000000
1.000000
1.000000
1.000000
1.000000
1.000000
1.000000
1.000000
1.000000
1.000000
1.000000
1.000000
1.000000
1.000000
1.000000
1.000000
1.000000
1.000000
1.000000
1.000000
1.000000
1.000000
1.000000
1.000000
1.000000
1.000000
1.000000
1.000000
1.000000
1.000000
1.000000
1.000000
1.000000
1.000000
1.000000
1.000000
1.000000
1.000000
1.000000
1.000000
1.000000
1.000000
1.000000
1.000000
1.000000
1.000000
1.000000
1.000000
1.000000
1.000000
1.000000
1.000000
1.000000
1.000000
1.000000
1.000000
1.000000
1.000000
1.000000
1.000000
1.000000
1.000000
1.000000
1.000000
1.000000
1.000000
1.000000
1.000000
1.000000
1.000000
1.000000
1.000000
1.000000
1.000000
1.000000
1.000000
1.000000
1.000000
1.000000
1.000000
1.000000
1.000000
1.000000
1.000000
1.000000
1.000000
1.000000
1.000000
1.000000
1.000000
1.000000
1.000000
1.000000
1.000000
1.000000
1.000000
1.000000
1.000000
1.000000
1.000000
1.000000
1.000000
1.000000
1.000000
1.000000
1.000009
1.000013
1.000027
1.000040
1.000048
1.000051
1.000052
1.000052
1.000052
1.000052
1.000050
1.000044
1.000032
1.000018
1.000008
1.000000
1.000000
1.000000
1.000000
1.000000
1.000000
1.000000
1.000000
1.000000
1.000000
1.000000
1.000000
1.000000
1.000000
1.000000
1.000000
1.000000
1.000000
1.000000
1.000000
1.000000
1.000000
1.000000
1.000000
1.000000
1.000013
1.000084
1.000214
1.000375
1.000500
1.000569
1.000603
1.000617
1.000620
1.000622
1.000618
1.000602
1.000540
1.000409
1.000241
1.000113
1.000045
1.000017
1.000003
1.000000
1.000000
1.000000
1.000000
1.000000
1.000000
1.000000
1.000000
1.000000
1.000000
1.000000
1.000000
1.000000
1.000000
1.000000
1.000000
1.000000
1.000000
1.000000
1.000000
1.000004
1.000041
1.000211
1.000762
1.001924
1.003311
1.004410
1.005058
1.005362
1.005479
1.005519
1.005531
1.005501
1.005361
1.004860
1.003700
1.002231
1.001065
1.000412
1.000133
1.000038
1.000010
1.000000
1.000000
1.000000
1.000000
1.000000
1.000000
1.000000
1.000000
1.000000
1.000000
1.000000
1.000000
1.000000
1.000000
1.000000
1.000000
1.000000
1.000000
1.000008
1.000047
1.000281
1.001359
1.004813
1.011935
1.020351
1.027097
1.031184
1.033175
1.033985
1.034267
1.034330
1.034196
1.033428
1.030592
1.023754
1.014651
1.007109
1.002774
1.000895
1.000245
1.000058
1.000014
1.000000
1.000000
1.000000
1.000000
1.000000
1.000000
1.000000
1.000000
1.000000
1.000000
1.000000
1.000000
1.000000
1.000000
1.000000
1.000000
1.000000
1.000021
1.000195
1.001170
1.005487
1.018956
1.045661
1.076719
1.102007
1.118002
1.126292
1.129923
1.131289
1.131672
1.131331
1.128942
1.119708
1.095958
1.061304
1.030476
1.012030
1.003898
1.001068
1.000253
1.000054
1.000012
1.000000
1.000000
1.000000
1.000000
1.000000
1.000000
1.000000
1.000000
1.000000
1.000000
1.000000
1.000000
1.000000
1.000000
1.000000
1.000011
1.000059
1.000436
1.002594
1.012052
1.041026
1.097192
1.162686
1.217807
1.254766
1.275438
1.285316
1.289400
1.290766
1.290402
1.286105
1.268632
1.220995
1.145285
1.073301
1.028935
1.009308
1.002528
1.000594
1.000125
1.000027
1.000005
1.000000
1.000000
1.000000
1.000000
1.000000
1.000000
1.000000
1.000000
1.000000
1.000000
1.000000
1.000000
1.000000
1.000000
1.000013
1.000091
1.000668
1.004002
1.018549
1.062884
1.148475
1.250096
1.339217
1.402638
1.440774
1.460519
1.469409
1.472772
1.472843
1.466976
1.441701
1.369557
1.247136
1.125058
1.048844
1.015472
1.004142
1.000962
1.000200
1.000041
1.000007
1.000000
1.000000
1.000000
1.000000
1.000000
1.000000
1.000000
1.000000
1.000000
1.000000
1.000000
1.000000
1.000000
1.000000
1.000013
1.000113
1.000835
1.005000
1.023235
1.078984
1.187443
1.319430
1.439991
1.530463
1.588320
1.620335
1.635778
1.642142
1.643180
1.636242
1.604365
1.510266
1.343481
1.172699
1.066328
1.020625
1.005434
1.001247
1.000255
1.000050
1.000008
1.000000
1.000000
1.000000
1.000000
1.000000
1.000000
1.000000
1.000000
1.000000
1.000000
1.000000
1.000000
1.000000
1.000000
1.000015
1.000127
1.000927
1.005554
1.025907
1.088513
1.211719
1.365258
1.510461
1.624217
1.700590
1.745081
1.767696
1.777583
1.779941
1.772357
1.735147
1.622846
1.418932
1.208270
1.078591
1.024031
1.006246
1.001420
1.000288
1.000054
1.000009
1.000000
1.000000
1.000000
1.000000
1.000000
1.000000
1.000000
1.000000
1.000000
1.000000
1.000000
1.000000
1.000000
1.000000
1.000016
1.000131
1.000965
1.005808
1.027170
1.093235
1.224556
1.391244
1.553036
1.683894
1.774933
1.829984
1.859030
1.872248
1.875950
1.867998
1.826694
1.700472
1.469039
1.230471
1.085722
1.025888
1.006667
1.001506
1.000304
1.000056
1.000009
1.000000
1.000000
1.000000
1.000000
1.000000
1.000000
1.000000
1.000000
1.000000
1.000000
1.000000
1.000000
1.000000
1.000000
1.000016
1.000132
1.000980
1.005909
1.027680
1.095248
1.230435
1.404083
1.575530
1.717174
1.818099
1.880671
1.914513
1.930311
1.935098
1.926934
1.882731
1.746919
1.497594
1.242273
1.089246
1.026747
1.006852
1.001541
1.000309
1.000057
1.000009
1.000000
1.000000
1.000000
1.000000
1.000000
1.000000
1.000000
1.000000
1.000000
1.000000
1.000000
1.000000
1.000000
1.000000
1.000016
1.000133
1.000984
1.005941
1.027857
1.095996
1.232796
1.409664
1.586003
1.733529
1.840173
1.907301
1.944154
1.961619
1.967124
1.958831
1.912792
1.771144
1.511686
1.247691
1.090749
1.027092
1.006923
1.001554
1.000311
1.000057
1.000009
1.000000
1.000000
1.000000
1.000000
1.000000
1.000000
1.000000
1.000000
1.000000
1.000000
1.000000
1.000000
1.000000
1.000000
1.000016
1.000133
1.000985
1.005949
1.027899
1.096204
1.233570
1.411723
1.590217
1.740526
1.850023
1.919516
1.957979
1.976352
1.982252
1.973878
1.926808
1.782036
1.517586
1.249748
1.091260
1.027196
1.006942
1.001556
1.000311
1.000057
1.000009
1.000000
1.000000
1.000000
1.000000
1.000000
1.000000
1.000000
1.000000
1.000000
1.000000
1.000000
1.000000
1.000000
1.000000
1.000016
1.000132
1.000980
1.005921
1.027784
1.095897
1.233110
1.411420
1.590511
1.741787
1.852378
1.922822
1.961948
1.980698
1.986753
1.978301
1.930649
1.784298
1.517864
1.249240
1.090907
1.027061
1.006901
1.001547
1.000309
1.000056
1.000009
1.000000
1.000000
1.000000
1.000000
1.000000
1.000000
1.000000
1.000000
1.000000
1.000000
1.000000
1.000000
1.000000
1.000000
1.000015
1.000126
1.000940
1.005710
1.026895
1.093280
1.228009
1.404022
1.581367
1.731411
1.841150
1.911010
1.949751
1.968264
1.974153
1.965438
1.917070
1.769515
1.504123
1.240692
1.087345
1.025934
1.006605
1.001479
1.000295
1.000054
1.000009
1.000000
1.000000
1.000000
1.000000
1.000000
1.000000
1.000000
1.000000
1.000000
1.000000
1.000000
1.000000
1.000000
1.000000
1.000012
1.000109
1.000794
1.004867
1.023214
1.081996
1.204755
1.368391
1.534895
1.675957
1.778571
1.843197
1.878506
1.895037
1.899828
1.890145
1.840155
1.692278
1.439844
1.204140
1.072890
1.021483
1.005453
1.001218
1.000244
1.000043
1.000006
1.000000
1.000000
1.000000
1.000000
1.000000
1.000000
1.000000
1.000000
1.000000
1.000000
1.000000
1.000000
1.000000
1.000000
1.000008
1.000071
1.000549
1.003406
1.016541
1.060005
1.154853
1.285372
1.419881
1.533225
1.613999
1.663259
1.689108
1.700578
1.702967
1.692311
1.643886
1.510847
1.308076
1.137796
1.048475
1.014235
1.003610
1.000804
1.000159
1.000028
1.000003
1.000000
1.000000
1.000000
1.000000
1.000000
1.000000
1.000000
1.000000
1.000000
1.000000
1.000000
1.000000
1.000000
1.000000
1.000001
1.000039
1.000308
1.001922
1.009479
1.035187
1.093386
1.175186
1.259224
1.328167
1.375093
1.402074
1.415323
1.420706
1.420951
1.412072
1.376162
1.286128
1.165090
1.072344
1.025410
1.007495
1.001909
1.000426
1.000083
1.000013
1.000000
1.000000
1.000000
1.000000
1.000000
1.000000
1.000000
1.000000
1.000000
1.000000
1.000000
1.000000
1.000000
1.000000
1.000000
1.000000
1.000018
1.000139
1.000882
1.004407
1.016599
1.044711
1.084149
1.123553
1.154277
1.173839
1.184276
1.189017
1.190741
1.190367
1.185437
1.166916
1.123504
1.069831
1.030550
1.010815
1.003217
1.000824
1.000184
1.000036
1.000005
1.000000
1.000000
1.000000
1.000000
1.000000
1.000000
1.000000
1.000000
1.000000
1.000000
1.000000
1.000000
1.000000
1.000000
1.000000
1.000000
1.000004
1.000049
1.000336
1.001699
1.006449
1.017450
1.032614
1.047149
1.057823
1.064156
1.067291
1.068611
1.069037
1.068785
1.066814
1.059698
1.043618
1.024554
1.010808
1.003863
1.001158
1.000298
1.000065
1.000012
1.000000
1.000000
1.000000
1.000000
1.000000
1.000000
1.000000
1.000000
1.000000
1.000000
1.000000
1.000000
1.000000
1.000000
1.000000
1.000000
1.000000
1.000000
1.000016
1.000110
1.000555
1.002119
1.005729
1.010597
1.015073
1.018184
1.019917
1.020721
1.021038
1.021129
1.021030
1.020398
1.018165
1.013209
1.007443
1.003297
1.001187
1.000358
1.000092
1.000019
1.000002
1.000000
1.000000
1.000000
1.000000
1.000000
1.000000
1.000000
1.000000
1.000000
1.000000
1.000000
1.000000
1.000000
1.000000
1.000000
1.000000
1.000000
1.000000
1.000002
1.000028
1.000156
1.000601
1.001622
1.002972
1.004169
1.004964
1.005385
1.005569
1.005638
1.005659
1.005627
1.005453
1.004849
1.003519
1.001987
1.000884
1.000319
1.000095
1.000023
1.000003
1.000000
1.000000
1.000000
1.000000
1.000000
1.000000
1.000000
1.000000
1.000000
1.000000
1.000000
1.000000
1.000000
1.000000
1.000000
1.000000
1.000000
1.000000
1.000000
1.000000
1.000005
1.000037
1.000148
1.000403
1.000733
1.001018
1.001199
1.001291
1.001331
1.001346
1.001349
1.001340
1.001299
1.001154
1.000837
1.000472
1.000210
1.000075
1.000021
1.000004
1.000000
1.000000
1.000000
1.000000
1.000000
1.000000
1.000000
1.000000
1.000000
1.000000
1.000000
1.000000
1.000000
1.000000
1.000000
1.000000
1.000000
1.000000
1.000000
1.000000
1.000000
1.000000
1.000006
1.000031
1.000088
1.000160
1.000220
1.000258
1.000278
1.000286
1.000288
1.000288
1.000287
1.000278
1.000247
1.000178
1.000100
1.000045
1.000014
1.000002
1.000000
1.000000
1.000000
1.000000
1.000000
1.000000
1.000000
1.000000
1.000000
1.000000
1.000000
1.000000
1.000000
1.000000
1.000000
1.000000
1.000000
1.000000
1.000000
1.000000
1.000000
1.000000
1.000000
1.000000
1.000004
1.000015
1.000030
1.000043
1.000050
1.000053
1.000054
1.000054
1.000054
1.000054
1.000052
1.000046
1.000032
1.000016
1.000005
1.000000
1.000000
1.000000
1.000000
1.000000
1.000000
1.000000
1.000000
1.000000
1.000000
1.000000
1.000000
1.000000
1.000000
1.000000
1.000000
1.000000
1.000000
1.000000
1.000000
1.000000
1.000000
1.000000
1.000000
1.000000
1.000000
1.000000
1.000001
1.000004
1.000005
1.000006
1.000007
1.000007
1.000007
1.000007
1.000007
1.000007
1.000006
1.000004
1.000001
1.000000
1.000000
1.000000
1.000000
1.000000
1.000000
1.000000
1.000000
1.000000
1.000000
1.000000
1.000000
1.000000
1.000000
1.000000
1.000000
1.000000
1.000000
1.000000
1.000000
1.000000
1.000000
1.000000
1.000000
1.000000
1.000000
1.000000
1.000000
1.000000
1.000000
1.000000
1.000000
1.000000
1.000000
1.000000
1.000000
1.000000
1.000000
1.000000
1.000000
1.000000
1.000000
1.000000
1.000000
1.000000
1.000000
1.000000
1.000000
1.000000
1.000000
1.000000
1.000000
1.000000
1.000000
1.000000
1.000000
1.000000
1.000000
1.000000
1.000000
1.000000
1.000000
1.000000
1.000000
1.000000
1.000000
1.000000
1.000000
1.000000
1.000000
1.000000
1.000000
1.000000
1.000000
1.000000
1.000000
1.000000
1.000000
1.000000
1.000000
1.000000
1.000000
1.000000
1.000000
1.000000
1.000000
1.000000
1.000000
1.000000
1.000000
1.000000
1.000000
1.000000
1.000000
1.000000
1.000000
1.000000
1.000000
1.000000
1.000000
1.000000
1.000000
1.000000
1.000000
1.000000
1.000000
1.000000
1.000000
1.000000
1.000000
1.000000
1.000000
1.000000
1.000000
1.000000
1.000000
1.000000
1.000000
1.000000
1.000000
1.000000
1.000000
1.000000
1.000000
1.000000
1.000000
1.000000
1.000000
1.000000
1.000000
1.000000
1.000000
1.000000
1.000000
1.000000
1.000000
1.000000
1.000000
1.000000
1.000000
1.000000
1.000000
1.000000
1.000000
1.000000
1.000000
1.000000
1.000000
1.000000
1.000000
1.000000
1.000000
1.000000
1.000000
1.000000
1.000000
1.000000
1.000000
1.000000
1.000000
1.000000
1.000000
1.000000
1.000000
1.000000
1.000000
1.000000
1.000000
1.000000
1.000000
1.000000
1.000000
1.000000
1.000000
1.000000
1.000000
1.000000
1.000000
1.000000
1.000000
1.000000
1.000000
1.000000
1.000000
1.000000
1.000000
1.000000
1.000000
1.000000
1.000000
1.000000
1.000000
1.000000
1.000000
1.000000
1.000000
1.000000
1.000000
1.000000
1.000000
1.000000
1.000000
1.000000
1.000000
1.000000
1.000000
1.000000
1.000000
1.000000
1.000000
1.000000
1.000000
1.000000
1.000000
1.000000
1.000000
1.000000
1.000000
1.000000
1.000000
1.000000
1.000000
1.000000
1.000000
1.000000
1.000000
1.000000
1.000000
1.000000
1.000000
1.000000
1.000000
1.000000
1.000000
1.000000
1.000000
1.000000
1.000000
1.000000
1.000000
1.000000
1.000000
1.000000
1.000000
1.000000
1.000000
1.000000
1.000000
1.000000
1.000000
1.000000
1.000000
1.000000
1.000000
1.000000
1.000000
1.000000
1.000000
1.000000
1.000000
1.000000
1.000000
1.000000
1.000000
1.000000
1.000000
1.000000
1.000000
1.000000
1.000000
1.000000
1.000000
1.000000
1.000000
1.000000
1.000000
1.000000
1.000000
1.000000
1.000000
1.000000
1.000000
1.000000
1.000000
1.000000
1.000000
1.000000
1.000000
1.000000
1.000000
1.000000
1.000000
1.000000
1.000000
1.000000
1.000000
1.000000
1.000000
1.000000
1.000000
1.000000
1.000000
1.000000
1.000000
1.000000
1.000000
1.000000
1.000000
1.000000
1.000000
1.000000
1.000000
1.000000
1.000000
1.000000
1.000000
1.000000
1.000000
1.000000
1.000000
1.000000
1.000000
1.000000
1.000000
1.000000
1.000000
1.000000
1.000000
1.000000
1.000000
1.000000
1.000000
1.000000
1.000000
1.000000
1.000000
1.000000
1.000000
1.000000
1.000000
1.000000
1.000000
1.000000
1.000000
1.000000
1.000000
1.000000
1.000000
1.000000
1.000000
1.000000
1.000000
1.000000
1.000000
1.000000
1.000000
1.000000
1.000000
1.000000
1.000000
1.000000
1.000000
1.000000
1.000000
1.000000
1.000000
1.000000
1.000000
1.000000
1.000000
1.000000
1.000000
1.000000
1.000000
1.000000
1.000000
1.000000
1.000000
1.000000
1.000000
1.000000
1.000000
1.000000
1.000000
1.000000
1.000000
1.000000
