1.000000
1.000000
1.000000
1.000000
1.000000
1.000000
1.000000
1.000000
1.000000
1.000000
1.000000
1.000000
1.000000
1.000000
1.000000
1.000000
1.000000
1.000000
1.000000
1.000000
1.000000
1.000000
1.000000
1.000000
1.000000
1.000000
1.000000
1.000000
1.000000
1.000000
1.000000
1.000000
1.000000
1.000000
1.000000
1.000000
1.000000
1.000000
1.000000
1.000000
1.000000
1.000000
1.000000
1.000000
1.000000
1.000000
1.000000
1.000000
1.000000
1.000000
1.000000
1.000000
1.000000
1.000000
1.000000
1.000000
1.000000
1.000000
1.000000
1.000000
1.000000
1.000000
1.000000
1.000000
1.000000
1.000000
1.000000
1.000000
1.000000
1.000000
1.000000
1.000000
1.000000
1.000000
1.000000
1.000000
1.000000
1.000000
1.000000
1.000000
1.000000
1.000000
1.000000
1.000000
1.000000
1.000000
1.000000
1.000000
1.000000
1.000000
1.000000
1.000000
1.000000
1.000000
1.000000
1.000000
1.000000
1.000000
1.000000
1.000000
1.000000
1.000000
1.000000
1.000000
1.000000
1.000000
1.000000
1.000000
1.000000
1.000000
1.000000
1.000000
1.000000
1.000000
1.000000
1.000000
1.000000
1.000000
1.000000
1.000000
1.000000
1.000000
1.000000
1.000000
1.000000
1.000000
1.000000
1.000000
1.000000
1.000000
1.000000
1.000000
1.000000
1.000000
1.000000
1.000000
1.000000
1.000000
1.000000
1.000000
1.000000
1.000000
1.000000
1.000000
1.000000
1.000000
1.000000
1.000000
1.000000
1.000000
1.000000
1.000000
1.000000
1.000000
1.000000
1.000000
1.000000
1.000000
1.000000
1.000000
1.000000
1.000000
1.000000
1.000000
1.000000
1.000000
1.000000
1.000000
1.000000
1.000000
1.000000
1.000000
1.000000
1.000000
1.000000
1.000000
1.000000
1.000000
1.000000
1.000000
1.000000
1.000000
1.000000
1.000000
1.000000
1.000000
1.000000
1.000000
1.000000
1.000000
1.000000
1.000000
1.000000
1.000000
1.000000
1.000000
1.000000
1.000000
1.000000
1.000000
1.000000
1.000000
1.000000
1.000000
1.000000
1.000000
1.000000
1.000000
1.000000
1.000000
1.000000
1.000000
1.000000
1.000000
1.000000
1.000000
1.000000
1.000000
1.000000
1.000000
1.000000
1.000000
1.000000
1.000000
1.000000
1.000000
1.000000
1.000000
1.000000
1.000000
1.000000
1.000000
1.000000
1.000000
1.000000
1.000000
1.000000
1.000000
1.000000
1.000000
1.000000
1.000000
1.000000
1.000000
1.000000
1.000000
1.000000
1.000000
1.000000
1.000000
1.000000
1.000000
1.000000
1.000000
1.000000
1.000009
1.000013
1.000027
1.000040
1.000047
1.000050
1.000051
1.000051
1.000051
1.000050
1.000049
1.000043
1.000031
1.000017
1.000008
1.000000
1.000000
1.000000
1.000000
1.000000
1.000000
1.000000
1.000000
1.000000
1.000000
1.000000
1.000000
1.000000
1.000000
1.000000
1.000000
1.000000
1.000000
1.000000
1.000000
1.000000
1.000000
1.000000
1.000000
1.000000
1.000013
1.000083
1.000214
1.000373
1.000497
1.000565
1.000597
1.000610
1.000613
1.000615
1.000611
1.000596
1.000534
1.000403
1.000236
1.000109
1.000043
1.000016
1.000003
1.000000
1.000000
1.000000
1.000000
1.000000
1.000000
1.000000
1.000000
1.000000
1.000000
1.000000
1.000000
1.000000
1.000000
1.000000
1.000000
1.000000
1.000000
1.000000
1.000000
1.000004
1.000040
1.000210
1.000763
1.001939
1.003335
1.004432
1.005073
1.005370
1.005484
1.005522
1.005534
1.005505
1.005364
1.004860
1.003685
1.002206
1.001043
1.000399
1.000127
1.000035
1.000009
1.000000
1.000000
1.000000
1.000000
1.000000
1.000000
1.000000
1.000000
1.000000
1.000000
1.000000
1.000000
1.000000
1.000000
1.000000
1.000000
1.000000
1.000000
1.000007
1.000045
1.000280
1.001365
1.004873
1.012144
1.020701
1.027508
1.031596
1.033568
1.034363
1.034636
1.034695
1.034561
1.033787
1.030900
1.023904
1.014638
1.007034
1.002714
1.000865
1.000234
1.000055
1.000013
1.000000
1.000000
1.000000
1.000000
1.000000
1.000000
1.000000
1.000000
1.000000
1.000000
1.000000
1.000000
1.000000
1.000000
1.000000
1.000000
1.000000
1.000021
1.000193
1.001171
1.005546
1.019317
1.046742
1.078507
1.104197
1.120321
1.128609
1.132205
1.133545
1.133916
1.133568
1.131144
1.121692
1.097237
1.061696
1.030375
1.011857
1.003797
1.001027
1.000241
1.000051
1.000011
1.000000
1.000000
1.000000
1.000000
1.000000
1.000000
1.000000
1.000000
1.000000
1.000000
1.000000
1.000000
1.000000
1.000000
1.000000
1.000010
1.000057
1.000430
1.002590
1.012156
1.041724
1.099294
1.166199
1.222193
1.259494
1.280206
1.290023
1.294047
1.295380
1.294996
1.290632
1.272750
1.223713
1.146049
1.072938
1.028456
1.009043
1.002426
1.000564
1.000117
1.000025
1.000004
1.000000
1.000000
1.000000
1.000000
1.000000
1.000000
1.000000
1.000000
1.000000
1.000000
1.000000
1.000000
1.000000
1.000000
1.000013
1.000088
1.000658
1.003979
1.018638
1.063727
1.151187
1.254751
1.345151
1.409118
1.447330
1.466968
1.475735
1.479021
1.479049
1.473082
1.447233
1.373048
1.247638
1.123948
1.047818
1.014959
1.003955
1.000907
1.000186
1.000038
1.000006
1.000000
1.000000
1.000000
1.000000
1.000000
1.000000
1.000000
1.000000
1.000000
1.000000
1.000000
1.000000
1.000000
1.000000
1.000013
1.000109
1.000818
1.004954
1.023267
1.079783
1.190289
1.324481
1.446544
1.537664
1.595572
1.627379
1.642594
1.648803
1.649755
1.642680
1.610092
1.513444
1.342906
1.170417
1.064625
1.019845
1.005164
1.001171
1.000237
1.000046
1.000007
1.000000
1.000000
1.000000
1.000000
1.000000
1.000000
1.000000
1.000000
1.000000
1.000000
1.000000
1.000000
1.000000
1.000000
1.000015
1.000123
1.000905
1.005488
1.025878
1.089190
1.214435
1.370210
1.516938
1.631299
1.707592
1.751702
1.773929
1.783549
1.785756
1.777992
1.739970
1.624781
1.416743
1.204694
1.076260
1.023031
1.005914
1.001328
1.000266
1.000050
1.000008
1.000000
1.000000
1.000000
1.000000
1.000000
1.000000
1.000000
1.000000
1.000000
1.000000
1.000000
1.000000
1.000000
1.000000
1.000015
1.000126
1.000941
1.005731
1.027097
1.093804
1.227082
1.395918
1.559126
1.690429
1.781175
1.835614
1.864074
1.876889
1.880362
1.872188
1.830015
1.700750
1.465188
1.225801
1.082932
1.024744
1.006298
1.001406
1.000281
1.000051
1.000008
1.000000
1.000000
1.000000
1.000000
1.000000
1.000000
1.000000
1.000000
1.000000
1.000000
1.000000
1.000000
1.000000
1.000000
1.000015
1.000127
1.000955
1.005826
1.027584
1.095749
1.232816
1.408502
1.581216
1.723108
1.823506
1.885229
1.918288
1.933550
1.938034
1.929614
1.884526
1.745664
1.492427
1.236860
1.086179
1.025526
1.006463
1.001437
1.000285
1.000052
1.000008
1.000000
1.000000
1.000000
1.000000
1.000000
1.000000
1.000000
1.000000
1.000000
1.000000
1.000000
1.000000
1.000000
1.000000
1.000015
1.000127
1.000959
1.005855
1.027752
1.096464
1.235094
1.413918
1.591401
1.739011
1.844932
1.911018
1.946931
1.963752
1.968897
1.960327
1.913414
1.768785
1.505680
1.241861
1.087544
1.025835
1.006526
1.001448
1.000287
1.000052
1.000008
1.000000
1.000000
1.000000
1.000000
1.000000
1.000000
1.000000
1.000000
1.000000
1.000000
1.000000
1.000000
1.000000
1.000000
1.000015
1.000127
1.000959
1.005863
1.027790
1.096658
1.235829
1.415891
1.595451
1.745735
1.854381
1.922704
1.960121
1.977782
1.983283
1.974622
1.926697
1.779025
1.511133
1.243722
1.087997
1.025925
1.006543
1.001450
1.000287
1.000052
1.000008
1.000000
1.000000
1.000000
1.000000
1.000000
1.000000
1.000000
1.000000
1.000000
1.000000
1.000000
1.000000
1.000000
1.000000
1.000015
1.000126
1.000955
1.005836
1.027674
1.096343
1.235344
1.415532
1.595645
1.746832
1.856497
1.925698
1.963721
1.981721
1.987357
1.978614
1.930125
1.780936
1.511204
1.243151
1.087638
1.025792
1.006502
1.001441
1.000284
1.000051
1.000008
1.000000
1.000000
1.000000
1.000000
1.000000
1.000000
1.000000
1.000000
1.000000
1.000000
1.000000
1.000000
1.000000
1.000000
1.000014
1.000121
1.000915
1.005625
1.026776
1.093674
1.230110
1.407916
1.586198
1.736073
1.844814
1.913375
1.950979
1.968725
1.974191
1.965187
1.915997
1.765673
1.497232
1.234627
1.084146
1.024703
1.006221
1.001377
1.000271
1.000049
1.000008
1.000000
1.000000
1.000000
1.000000
1.000000
1.000000
1.000000
1.000000
1.000000
1.000000
1.000000
1.000000
1.000000
1.000000
1.000012
1.000104
1.000771
1.004777
1.023033
1.082088
1.206103
1.371053
1.538069
1.678614
1.779982
1.843170
1.877290
1.893050
1.897431
1.887477
1.836715
1.686375
1.431973
1.198113
1.069923
1.020380
1.005115
1.001130
1.000223
1.000040
1.000006
1.000000
1.000000
1.000000
1.000000
1.000000
1.000000
1.000000
1.000000
1.000000
1.000000
1.000000
1.000000
1.000000
1.000000
1.000007
1.000067
1.000529
1.003319
1.016297
1.059666
1.154882
1.285622
1.419618
1.531658
1.610716
1.658366
1.683043
1.693826
1.695892
1.685087
1.636277
1.502122
1.299829
1.132596
1.046138
1.013403
1.003361
1.000740
1.000145
1.000025
1.000003
1.000000
1.000000
1.000000
1.000000
1.000000
1.000000
1.000000
1.000000
1.000000
1.000000
1.000000
1.000000
1.000000
1.000000
1.000001
1.000036
1.000293
1.001855
1.009249
1.034650
1.092495
1.173555
1.256257
1.323458
1.368663
1.394308
1.406720
1.411675
1.411769
1.402955
1.367311
1.277864
1.158857
1.068905
1.023955
1.006991
1.001761
1.000389
1.000075
1.000011
1.000000
1.000000
1.000000
1.000000
1.000000
1.000000
1.000000
1.000000
1.000000
1.000000
1.000000
1.000000
1.000000
1.000000
1.000000
1.000000
1.000016
1.000131
1.000842
1.004252
1.016161
1.043772
1.082349
1.120565
1.150032
1.168549
1.178287
1.182643
1.184197
1.183793
1.179002
1.160932
1.118476
1.066439
1.028793
1.010091
1.002970
1.000752
1.000166
1.000032
1.000004
1.000000
1.000000
1.000000
1.000000
1.000000
1.000000
1.000000
1.000000
1.000000
1.000000
1.000000
1.000000
1.000000
1.000000
1.000000
1.000000
1.000003
1.000046
1.000317
1.001620
1.006204
1.016875
1.031512
1.045410
1.055494
1.061396
1.064276
1.065470
1.065847
1.065598
1.063715
1.056875
1.041363
1.023106
1.010077
1.003566
1.001057
1.000268
1.000057
1.000010
1.000000
1.000000
1.000000
1.000000
1.000000
1.000000
1.000000
1.000000
1.000000
1.000000
1.000000
1.000000
1.000000
1.000000
1.000000
1.000000
1.000000
1.000000
1.000015
1.000102
1.000523
1.002013
1.005472
1.010110
1.014333
1.017232
1.018825
1.019554
1.019837
1.019916
1.019822
1.019227
1.017109
1.012385
1.006927
1.003040
1.001084
1.000323
1.000082
1.000016
1.000001
1.000000
1.000000
1.000000
1.000000
1.000000
1.000000
1.000000
1.000000
1.000000
1.000000
1.000000
1.000000
1.000000
1.000000
1.000000
1.000000
1.000000
1.000000
1.000002
1.000025
1.000145
1.000563
1.001530
1.002800
1.003914
1.004646
1.005028
1.005193
1.005253
1.005272
1.005242
1.005081
1.004515
1.003262
1.001828
1.000805
1.000288
1.000085
1.000021
1.000002
1.000000
1.000000
1.000000
1.000000
1.000000
1.000000
1.000000
1.000000
1.000000
1.000000
1.000000
1.000000
1.000000
1.000000
1.000000
1.000000
1.000000
1.000000
1.000000
1.000000
1.000005
1.000033
1.000137
1.000375
1.000682
1.000943
1.001108
1.001190
1.001226
1.001239
1.001242
1.001234
1.001195
1.001062
1.000767
1.000429
1.000189
1.000067
1.000018
1.000003
1.000000
1.000000
1.000000
1.000000
1.000000
1.000000
1.000000
1.000000
1.000000
1.000000
1.000000
1.000000
1.000000
1.000000
1.000000
1.000000
1.000000
1.000000
1.000000
1.000000
1.000000
1.000000
1.000006
1.000028
1.000080
1.000147
1.000201
1.000236
1.000253
1.000260
1.000262
1.000262
1.000261
1.000253
1.000224
1.000161
1.000090
1.000040
1.000012
1.000001
1.000000
1.000000
1.000000
1.000000
1.000000
1.000000
1.000000
1.000000
1.000000
1.000000
1.000000
1.000000
1.000000
1.000000
1.000000
1.000000
1.000000
1.000000
1.000000
1.000000
1.000000
1.000000
1.000000
1.000000
1.000004
1.000013
1.000027
1.000039
1.000045
1.000048
1.000049
1.000049
1.000049
1.000048
1.000047
1.000041
1.000028
1.000013
1.000004
1.000000
1.000000
1.000000
1.000000
1.000000
1.000000
1.000000
1.000000
1.000000
1.000000
1.000000
1.000000
1.000000
1.000000
1.000000
1.000000
1.000000
1.000000
1.000000
1.000000
1.000000
1.000000
1.000000
1.000000
1.000000
1.000000
1.000000
1.000000
1.000003
1.000005
1.000005
1.000006
1.000006
1.000006
1.000006
1.000006
1.000006
1.000005
1.000003
1.000000
1.000000
1.000000
1.000000
1.000000
1.000000
1.000000
1.000000
1.000000
1.000000
1.000000
1.000000
1.000000
1.000000
1.000000
1.000000
1.000000
1.000000
1.000000
1.000000
1.000000
1.000000
1.000000
1.000000
1.000000
1.000000
1.000000
1.000000
1.000000
1.000000
1.000000
1.000000
1.000000
1.000000
1.000000
1.000000
1.000000
1.000000
1.000000
1.000000
1.000000
1.000000
1.000000
1.000000
1.000000
1.000000
1.000000
1.000000
1.000000
1.000000
1.000000
1.000000
1.000000
1.000000
1.000000
1.000000
1.000000
1.000000
1.000000
1.000000
1.000000
1.000000
1.000000
1.000000
1.000000
1.000000
1.000000
1.000000
1.000000
1.000000
1.000000
1.000000
1.000000
1.000000
1.000000
1.000000
1.000000
1.000000
1.000000
1.000000
1.000000
1.000000
1.000000
1.000000
1.000000
1.000000
1.000000
1.000000
1.000000
1.000000
1.000000
1.000000
1.000000
1.000000
1.000000
1.000000
1.000000
1.000000
1.000000
1.000000
1.000000
1.000000
1.000000
1.000000
1.000000
1.000000
1.000000
1.000000
1.000000
1.000000
1.000000
1.000000
1.000000
1.000000
1.000000
1.000000
1.000000
1.000000
1.000000
1.000000
1.000000
1.000000
1.000000
1.000000
1.000000
1.000000
1.000000
1.000000
1.000000
1.000000
1.000000
1.000000
1.000000
1.000000
1.000000
1.000000
1.000000
1.000000
1.000000
1.000000
1.000000
1.000000
1.000000
1.000000
1.000000
1.000000
1.000000
1.000000
1.000000
1.000000
1.000000
1.000000
1.000000
1.000000
1.000000
1.000000
1.000000
1.000000
1.000000
1.000000
1.000000
1.000000
1.000000
1.000000
1.000000
1.000000
1.000000
1.000000
1.000000
1.000000
1.000000
1.000000
1.000000
1.000000
1.000000
1.000000
1.000000
1.000000
1.000000
1.000000
1.000000
1.000000
1.000000
1.000000
1.000000
1.000000
1.000000
1.000000
1.000000
1.000000
1.000000
1.000000
1.000000
1.000000
1.000000
1.000000
1.000000
1.000000
1.000000
1.000000
1.000000
1.000000
1.000000
1.000000
1.000000
1.000000
1.000000
1.000000
1.000000
1.000000
1.000000
1.000000
1.000000
1.000000
1.000000
1.000000
1.000000
1.000000
1.000000
1.000000
1.000000
1.000000
1.000000
1.000000
1.000000
1.000000
1.000000
1.000000
1.000000
1.000000
1.000000
1.000000
1.000000
1.000000
1.000000
1.000000
1.000000
1.000000
1.000000
1.000000
1.000000
1.000000
1.000000
1.000000
1.000000
1.000000
1.000000
1.000000
1.000000
1.000000
1.000000
1.000000
1.000000
1.000000
1.000000
1.000000
1.000000
1.000000
1.000000
1.000000
1.000000
1.000000
1.000000
1.000000
1.000000
1.000000
1.000000
1.000000
1.000000
1.000000
1.000000
1.000000
1.000000
1.000000
1.000000
1.000000
1.000000
1.000000
1.000000
1.000000
1.000000
1.000000
1.000000
1.000000
1.000000
1.000000
1.000000
1.000000
1.000000
1.000000
1.000000
1.000000
1.000000
1.000000
1.000000
1.000000
1.000000
1.000000
1.000000
1.000000
1.000000
1.000000
1.000000
1.000000
1.000000
1.000000
1.000000
1.000000
1.000000
1.000000
1.000000
1.000000
1.000000
1.000000
1.000000
1.000000
1.000000
1.000000
1.000000
1.000000
1.000000
1.000000
1.000000
1.000000
1.000000
1.000000
1.000000
1.000000
1.000000
1.000000
1.000000
1.000000
1.000000
1.000000
1.000000
1.000000
1.000000
1.000000
1.000000
1.000000
1.000000
1.000000
1.000000
1.000000
1.000000
1.000000
1.000000
1.000000
1.000000
1.000000
1.000000
1.000000
1.000000
1.000000
1.000000
1.000000
1.000000
1.000000
1.000000
1.000000
1.000000
1.000000
1.000000
1.000000
1.000000
1.000000
1.000000
1.000000
1.000000
1.000000
1.000000
1.000000
1.000000
1.000000
1.000000
1.000000
1.000000
1.000000
1.000000
1.000000
1.000000
1.000000
1.000000
1.000000
1.000000
1.000000
1.000000
1.000000
