1.000000
1.000000
1.000000
1.000000
1.000000
1.000000
1.000000
1.000000
1.000000
1.000000
1.000000
1.000000
1.000000
1.000000
1.000000
1.000000
1.000000
1.000000
1.000000
1.000000
1.000000
1.000000
1.000000
1.000000
1.000000
1.000000
1.000000
1.000000
1.000000
1.000000
1.000000
1.000000
1.000000
1.000000
1.000000
1.000000
1.000000
1.000000
1.000000
1.000000
1.000000
1.000000
1.000000
1.000000
1.000000
1.000000
1.000000
1.000000
1.000000
1.000000
1.000000
1.000000
1.000000
1.000000
1.000000
1.000000
1.000000
1.000000
1.000000
1.000000
1.000000
1.000000
1.000000
1.000000
1.000000
1.000000
1.000000
1.000000
1.000000
1.000000
1.000000
1.000000
1.000000
1.000000
1.000000
1.000000
1.000000
1.000000
1.000000
1.000000
1.000000
1.000000
1.000000
1.000000
1.000000
1.000000
1.000000
1.000000
1.000000
1.000000
1.000000
1.000000
1.000000
1.000000
1.000000
1.000000
1.000000
1.000000
1.000000
1.000000
1.000000
1.000000
1.000000
1.000000
1.000000
1.000000
1.000000
1.000000
1.000000
1.000000
1.000000
1.000000
1.000000
1.000000
1.000000
1.000000
1.000000
1.000000
1.000000
1.000000
1.000000
1.000000
1.000000
1.000000
1.000000
1.000000
1.000000
1.000000
1.000000
1.000000
1.000000
1.000000
1.000000
1.000000
1.000000
1.000000
1.000000
1.000000
1.000000
1.000000
1.000000
1.000000
1.000000
1.000000
1.000000
1.000000
1.000000
1.000000
1.000000
1.000000
1.000000
1.000000
1.000000
1.000000
1.000000
1.000000
1.000000
1.000000
1.000000
1.000000
1.000000
1.000000
1.000000
1.000000
1.000000
1.000000
1.000000
1.000000
1.000000
1.000000
1.000000
1.000000
1.000000
1.000000
1.000000
1.000000
1.000000
1.000000
1.000000
1.000000
1.000000
1.000000
1.000000
1.000000
1.000000
1.000000
1.000000
1.000000
1.000000
1.000000
1.000000
1.000000
1.000000
1.000000
1.000000
1.000000
1.000000
1.000000
1.000000
1.000000
1.000000
1.000000
1.000000
1.000000
1.000000
1.000000
1.000000
1.000000
1.000000
1.000000
1.000000
1.000000
1.000000
1.000000
1.000000
1.000000
1.000000
1.000000
1.000000
1.000000
1.000000
1.000000
1.000000
1.000000
1.000000
1.000000
1.000000
1.000000
1.000000
1.000000
1.000000
1.000000
1.000000
1.000000
1.000000
1.000000
1.000000
1.000000
1.000000
1.000000
1.000000
1.000000
1.000000
1.000000
1.000000
1.000000
1.000000
1.000000
1.000000
1.000000
1.000000
1.000000
1.000000
1.000000
1.000000
1.000005
1.000013
1.000027
1.000036
1.000038
1.000039
1.000039
1.000039
1.000039
1.000039
1.000038
1.000034
1.000021
1.000013
1.000002
1.000000
1.000000
1.000000
1.000000
1.000000
1.000000
1.000000
1.000000
1.000000
1.000000
1.000000
1.000000
1.000000
1.000000
1.000000
1.000000
1.000000
1.000000
1.000000
1.000000
1.000000
1.000000
1.000000
1.000000
1.000000
1.000013
1.000076
1.000203
1.000351
1.000454
1.000506
1.000527
1.000535
1.000538
1.000538
1.000535
1.000522
1.000466
1.000335
1.000182
1.000076
1.000027
1.000008
1.000000
1.000000
1.000000
1.000000
1.000000
1.000000
1.000000
1.000000
1.000000
1.000000
1.000000
1.000000
1.000000
1.000000
1.000000
1.000000
1.000000
1.000000
1.000000
1.000000
1.000000
1.000000
1.000027
1.000192
1.000766
1.002066
1.003531
1.004585
1.005140
1.005372
1.005449
1.005473
1.005480
1.005455
1.005322
1.004788
1.003469
1.001914
1.000815
1.000277
1.000077
1.000020
1.000003
1.000000
1.000000
1.000000
1.000000
1.000000
1.000000
1.000000
1.000000
1.000000
1.000000
1.000000
1.000000
1.000000
1.000000
1.000000
1.000000
1.000000
1.000000
1.000002
1.000036
1.000255
1.001393
1.005462
1.014399
1.024413
1.031749
1.035750
1.037490
1.038120
1.038311
1.038345
1.038208
1.037379
1.033972
1.025189
1.014230
1.006155
1.002109
1.000593
1.000141
1.000029
1.000006
1.000000
1.000000
1.000000
1.000000
1.000000
1.000000
1.000000
1.000000
1.000000
1.000000
1.000000
1.000000
1.000000
1.000000
1.000000
1.000000
1.000000
1.000015
1.000165
1.001152
1.006104
1.023281
1.059290
1.099085
1.129007
1.146281
1.154386
1.157577
1.158649
1.158904
1.158502
1.155723
1.143799
1.110796
1.065056
1.028797
1.009964
1.002811
1.000667
1.000136
1.000025
1.000005
1.000000
1.000000
1.000000
1.000000
1.000000
1.000000
1.000000
1.000000
1.000000
1.000000
1.000000
1.000000
1.000000
1.000000
1.000000
1.000004
1.000044
1.000365
1.002485
1.013056
1.049135
1.123146
1.205904
1.271083
1.311544
1.332302
1.341319
1.344684
1.345674
1.345128
1.340094
1.317581
1.251603
1.151685
1.067677
1.023271
1.006492
1.001527
1.000312
1.000057
1.000010
1.000000
1.000000
1.000000
1.000000
1.000000
1.000000
1.000000
1.000000
1.000000
1.000000
1.000000
1.000000
1.000000
1.000000
1.000000
1.000008
1.000063
1.000537
1.003660
1.019234
1.072288
1.181107
1.306100
1.409702
1.478583
1.516853
1.534960
1.542340
1.544822
1.544458
1.537511
1.505207
1.406631
1.247997
1.110026
1.037211
1.010198
1.002361
1.000477
1.000086
1.000015
1.000001
1.000000
1.000000
1.000000
1.000000
1.000000
1.000000
1.000000
1.000000
1.000000
1.000000
1.000000
1.000000
1.000000
1.000000
1.000009
1.000077
1.000643
1.004395
1.023188
1.087559
1.221037
1.379050
1.516189
1.612719
1.669874
1.698775
1.711372
1.715986
1.716134
1.707740
1.667288
1.540665
1.329814
1.144348
1.047856
1.012879
1.002941
1.000587
1.000105
1.000018
1.000001
1.000000
1.000000
1.000000
1.000000
1.000000
1.000000
1.000000
1.000000
1.000000
1.000000
1.000000
1.000000
1.000000
1.000000
1.000009
1.000082
1.000691
1.004755
1.025177
1.095595
1.243446
1.422990
1.584509
1.703193
1.776838
1.815909
1.833765
1.840669
1.841489
1.832058
1.785256
1.636811
1.386183
1.166482
1.054249
1.014393
1.003252
1.000642
1.000114
1.000019
1.000002
1.000000
1.000000
1.000000
1.000000
1.000000
1.000000
1.000000
1.000000
1.000000
1.000000
1.000000
1.000000
1.000000
1.000000
1.000009
1.000083
1.000709
1.004897
1.026001
1.099117
1.254042
1.445492
1.621969
1.755484
1.840994
1.887836
1.909917
1.918743
1.920174
1.910038
1.858707
1.695129
1.418510
1.178243
1.057399
1.015094
1.003390
1.000666
1.000117
1.000019
1.000002
1.000000
1.000000
1.000000
1.000000
1.000000
1.000000
1.000000
1.000000
1.000000
1.000000
1.000000
1.000000
1.000000
1.000000
1.000009
1.000083
1.000716
1.004947
1.026293
1.100437
1.258353
1.455446
1.639742
1.781638
1.874276
1.926013
1.950857
1.960979
1.962837
1.952256
1.898066
1.725337
1.434207
1.183519
1.058710
1.015368
1.003440
1.000674
1.000118
1.000019
1.000002
1.000000
1.000000
1.000000
1.000000
1.000000
1.000000
1.000000
1.000000
1.000000
1.000000
1.000000
1.000000
1.000000
1.000000
1.000009
1.000083
1.000717
1.004961
1.026381
1.100868
1.259882
1.459292
1.647106
1.793049
1.889311
1.943636
1.969980
1.980820
1.982917
1.972087
1.916328
1.738823
1.440753
1.185553
1.059179
1.015461
1.003456
1.000676
1.000118
1.000019
1.000002
1.000000
1.000000
1.000000
1.000000
1.000000
1.000000
1.000000
1.000000
1.000000
1.000000
1.000000
1.000000
1.000000
1.000000
1.000009
1.000083
1.000717
1.004962
1.026391
1.100955
1.260291
1.460502
1.649670
1.797284
1.895117
1.950597
1.977625
1.988798
1.991005
1.980049
1.923538
1.743871
1.442965
1.186148
1.059294
1.015477
1.003458
1.000676
1.000118
1.000019
1.000002
1.000000
1.000000
1.000000
1.000000
1.000000
1.000000
1.000000
1.000000
1.000000
1.000000
1.000000
1.000000
1.000000
1.000000
1.000009
1.000083
1.000713
1.004938
1.026270
1.100571
1.259582
1.459658
1.648972
1.796940
1.895175
1.950971
1.978189
1.989452
1.991679
1.980642
1.923757
1.743191
1.441721
1.185315
1.058970
1.015384
1.003436
1.000672
1.000117
1.000019
1.000002
1.000000
1.000000
1.000000
1.000000
1.000000
1.000000
1.000000
1.000000
1.000000
1.000000
1.000000
1.000000
1.000000
1.000000
1.000009
1.000079
1.000681
1.004737
1.025297
1.097353
1.252865
1.449579
1.636151
1.781993
1.878661
1.933404
1.959999
1.970940
1.972998
1.961749
1.904356
1.723545
1.426193
1.177476
1.056257
1.014652
1.003269
1.000639
1.000111
1.000018
1.000001
1.000000
1.000000
1.000000
1.000000
1.000000
1.000000
1.000000
1.000000
1.000000
1.000000
1.000000
1.000000
1.000000
1.000000
1.000006
1.000064
1.000552
1.003859
1.020915
1.082291
1.219659
1.397473
1.567528
1.699986
1.786670
1.834811
1.857640
1.866729
1.867921
1.855993
1.797911
1.621804
1.352311
1.142513
1.044558
1.011540
1.002568
1.000503
1.000087
1.000013
1.000000
1.000000
1.000000
1.000000
1.000000
1.000000
1.000000
1.000000
1.000000
1.000000
1.000000
1.000000
1.000000
1.000000
1.000000
1.000001
1.000039
1.000347
1.002476
1.013671
1.055368
1.153419
1.284242
1.409842
1.505767
1.566209
1.598136
1.612438
1.617710
1.617540
1.606164
1.555070
1.412485
1.221383
1.087008
1.026993
1.006989
1.001555
1.000302
1.000052
1.000007
1.000000
1.000000
1.000000
1.000000
1.000000
1.000000
1.000000
1.000000
1.000000
1.000000
1.000000
1.000000
1.000000
1.000000
1.000000
1.000000
1.000018
1.000171
1.001245
1.006979
1.028894
1.082232
1.154110
1.221658
1.270812
1.299781
1.313961
1.319827
1.321751
1.321052
1.313502
1.281891
1.200818
1.104160
1.040587
1.012645
1.003292
1.000736
1.000141
1.000024
1.000002
1.000000
1.000000
1.000000
1.000000
1.000000
1.000000
1.000000
1.000000
1.000000
1.000000
1.000000
1.000000
1.000000
1.000000
1.000000
1.000000
1.000005
1.000065
1.000502
1.002846
1.011928
1.034333
1.064078
1.090799
1.108978
1.118870
1.123328
1.125025
1.125508
1.125064
1.121711
1.108243
1.075422
1.038724
1.015163
1.004768
1.001250
1.000280
1.000053
1.000008
1.000000
1.000000
1.000000
1.000000
1.000000
1.000000
1.000000
1.000000
1.000000
1.000000
1.000000
1.000000
1.000000
1.000000
1.000000
1.000000
1.000000
1.000000
1.000021
1.000167
1.000955
1.004027
1.011613
1.021425
1.029803
1.035134
1.037828
1.038954
1.039351
1.039448
1.039278
1.038162
1.033776
1.023335
1.011985
1.004729
1.001499
1.000395
1.000088
1.000016
1.000001
1.000000
1.000000
1.000000
1.000000
1.000000
1.000000
1.000000
1.000000
1.000000
1.000000
1.000000
1.000000
1.000000
1.000000
1.000000
1.000000
1.000000
1.000000
1.000005
1.000046
1.000270
1.001145
1.003298
1.006011
1.008224
1.009556
1.010188
1.010436
1.010519
1.010538
1.010488
1.010181
1.008994
1.006196
1.003188
1.001266
1.000403
1.000106
1.000022
1.000002
1.000000
1.000000
1.000000
1.000000
1.000000
1.000000
1.000000
1.000000
1.000000
1.000000
1.000000
1.000000
1.000000
1.000000
1.000000
1.000000
1.000000
1.000000
1.000000
1.000000
1.000010
1.000065
1.000280
1.000806
1.001455
1.001965
1.002259
1.002391
1.002441
1.002458
1.002462
1.002447
1.002375
1.002097
1.001442
1.000744
1.000295
1.000093
1.000023
1.000004
1.000000
1.000000
1.000000
1.000000
1.000000
1.000000
1.000000
1.000000
1.000000
1.000000
1.000000
1.000000
1.000000
1.000000
1.000000
1.000000
1.000000
1.000000
1.000000
1.000000
1.000000
1.000000
1.000013
1.000059
1.000172
1.000308
1.000413
1.000470
1.000497
1.000507
1.000509
1.000510
1.000507
1.000491
1.000434
1.000298
1.000153
1.000060
1.000017
1.000002
1.000000
1.000000
1.000000
1.000000
1.000000
1.000000
1.000000
1.000000
1.000000
1.000000
1.000000
1.000000
1.000000
1.000000
1.000000
1.000000
1.000000
1.000000
1.000000
1.000000
1.000000
1.000000
1.000000
1.000000
1.000009
1.000031
1.000056
1.000077
1.000088
1.000092
1.000093
1.000093
1.000093
1.000093
1.000090
1.000079
1.000055
1.000027
1.000009
1.000001
1.000000
1.000000
1.000000
1.000000
1.000000
1.000000
1.000000
1.000000
1.000000
1.000000
1.000000
1.000000
1.000000
1.000000
1.000000
1.000000
1.000000
1.000000
1.000000
1.000000
1.000000
1.000000
1.000000
1.000000
1.000000
1.000000
1.000004
1.000008
1.000011
1.000012
1.000013
1.000013
1.000013
1.000013
1.000013
1.000012
1.000010
1.000006
1.000002
1.000000
1.000000
1.000000
1.000000
1.000000
1.000000
1.000000
1.000000
1.000000
1.000000
1.000000
1.000000
1.000000
1.000000
1.000000
1.000000
1.000000
1.000000
1.000000
1.000000
1.000000
1.000000
1.000000
1.000000
1.000000
1.000000
1.000000
1.000000
1.000000
1.000000
1.000000
1.000000
1.000000
1.000000
1.000000
1.000000
1.000000
1.000000
1.000000
1.000000
1.000000
1.000000
1.000000
1.000000
1.000000
1.000000
1.000000
1.000000
1.000000
1.000000
1.000000
1.000000
1.000000
1.000000
1.000000
1.000000
1.000000
1.000000
1.000000
1.000000
1.000000
1.000000
1.000000
1.000000
1.000000
1.000000
1.000000
1.000000
1.000000
1.000000
1.000000
1.000000
1.000000
1.000000
1.000000
1.000000
1.000000
1.000000
1.000000
1.000000
1.000000
1.000000
1.000000
1.000000
1.000000
1.000000
1.000000
1.000000
1.000000
1.000000
1.000000
1.000000
1.000000
1.000000
1.000000
1.000000
1.000000
1.000000
1.000000
1.000000
1.000000
1.000000
1.000000
1.000000
1.000000
1.000000
1.000000
1.000000
1.000000
1.000000
1.000000
1.000000
1.000000
1.000000
1.000000
1.000000
1.000000
1.000000
1.000000
1.000000
1.000000
1.000000
1.000000
1.000000
1.000000
1.000000
1.000000
1.000000
1.000000
1.000000
1.000000
1.000000
1.000000
1.000000
1.000000
1.000000
1.000000
1.000000
1.000000
1.000000
1.000000
1.000000
1.000000
1.000000
1.000000
1.000000
1.000000
1.000000
1.000000
1.000000
1.000000
1.000000
1.000000
1.000000
1.000000
1.000000
1.000000
1.000000
1.000000
1.000000
1.000000
1.000000
1.000000
1.000000
1.000000
1.000000
1.000000
1.000000
1.000000
1.000000
1.000000
1.000000
1.000000
1.000000
1.000000
1.000000
1.000000
1.000000
1.000000
1.000000
1.000000
1.000000
1.000000
1.000000
1.000000
1.000000
1.000000
1.000000
1.000000
1.000000
1.000000
1.000000
1.000000
1.000000
1.000000
1.000000
1.000000
1.000000
1.000000
1.000000
1.000000
1.000000
1.000000
1.000000
1.000000
1.000000
1.000000
1.000000
1.000000
1.000000
1.000000
1.000000
1.000000
1.000000
1.000000
1.000000
1.000000
1.000000
1.000000
1.000000
1.000000
1.000000
1.000000
1.000000
1.000000
1.000000
1.000000
1.000000
1.000000
1.000000
1.000000
1.000000
1.000000
1.000000
1.000000
1.000000
1.000000
1.000000
1.000000
1.000000
1.000000
1.000000
1.000000
1.000000
1.000000
1.000000
1.000000
1.000000
1.000000
1.000000
1.000000
1.000000
1.000000
1.000000
1.000000
1.000000
1.000000
1.000000
1.000000
1.000000
1.000000
1.000000
1.000000
1.000000
1.000000
1.000000
1.000000
1.000000
1.000000
1.000000
1.000000
1.000000
1.000000
1.000000
1.000000
1.000000
1.000000
1.000000
1.000000
1.000000
1.000000
1.000000
1.000000
1.000000
1.000000
1.000000
1.000000
1.000000
1.000000
1.000000
1.000000
1.000000
1.000000
1.000000
1.000000
1.000000
1.000000
1.000000
1.000000
1.000000
1.000000
1.000000
1.000000
1.000000
1.000000
1.000000
1.000000
1.000000
1.000000
1.000000
1.000000
1.000000
1.000000
1.000000
1.000000
1.000000
1.000000
1.000000
1.000000
1.000000
1.000000
1.000000
1.000000
1.000000
1.000000
1.000000
1.000000
1.000000
1.000000
1.000000
1.000000
1.000000
1.000000
1.000000
1.000000
1.000000
1.000000
1.000000
1.000000
1.000000
1.000000
1.000000
1.000000
1.000000
1.000000
1.000000
1.000000
1.000000
1.000000
1.000000
1.000000
1.000000
1.000000
1.000000
1.000000
1.000000
1.000000
1.000000
1.000000
1.000000
1.000000
1.000000
1.000000
1.000000
1.000000
1.000000
1.000000
1.000000
1.000000
1.000000
1.000000
1.000000
1.000000
1.000000
1.000000
1.000000
1.000000
1.000000
1.000000
1.000000
1.000000
1.000000
1.000000
1.000000
1.000000
1.000000
1.000000
1.000000
1.000000
1.000000
1.000000
1.000000
1.000000
1.000000
1.000000
1.000000
1.000000
1.000000
1.000000
1.000000
1.000000
1.000000
1.000000
1.000000
1.000000
1.000000
1.000000
1.000000
1.000000
1.000000
1.000000
1.000000
1.000000
1.000000
1.000000
1.000000
1.000000
1.000000
1.000000
1.000000
1.000000
1.000000
1.000000
1.000000
1.000000
1.000000
1.000000
1.000000
