1.000000
1.000000
1.000000
1.000000
1.000000
1.000000
1.000000
1.000000
1.000000
1.000000
1.000000
1.000000
1.000000
1.000000
1.000000
1.000000
1.000000
1.000000
1.000000
1.000000
1.000000
1.000000
1.000000
1.000000
1.000000
1.000000
1.000000
1.000000
1.000000
1.000000
1.000000
1.000000
1.000000
1.000000
1.000000
1.000000
1.000000
1.000000
1.000000
1.000000
1.000000
1.000000
1.000000
1.000000
1.000000
1.000000
1.000000
1.000000
1.000000
1.000000
1.000000
1.000000
1.000000
1.000000
1.000000
1.000000
1.000000
1.000000
1.000000
1.000000
1.000000
1.000000
1.000000
1.000000
1.000000
1.000000
1.000000
1.000000
1.000000
1.000000
1.000000
1.000000
1.000000
1.000000
1.000000
1.000000
1.000000
1.000000
1.000000
1.000000
1.000000
1.000000
1.000000
1.000000
1.000000
1.000000
1.000000
1.000000
1.000000
1.000000
1.000000
1.000000
1.000000
1.000000
1.000000
1.000000
1.000000
1.000000
1.000000
1.000000
1.000000
1.000000
1.000000
1.000000
1.000000
1.000000
1.000000
1.000000
1.000000
1.000000
1.000000
1.000000
1.000000
1.000000
1.000000
1.000000
1.000000
1.000000
1.000000
1.000000
1.000000
1.000000
1.000000
1.000000
1.000000
1.000000
1.000000
1.000000
1.000000
1.000000
1.000000
1.000000
1.000000
1.000000
1.000000
1.000000
1.000000
1.000000
1.000000
1.000000
1.000000
1.000000
1.000000
1.000000
1.000000
1.000000
1.000000
1.000000
1.000000
1.000000
1.000000
1.000000
1.000000
1.000000
1.000000
1.000000
1.000000
1.000000
1.000000
1.000000
1.000000
1.000000
1.000000
1.000000
1.000000
1.000000
1.000000
1.000000
1.000000
1.000000
1.000000
1.000000
1.000000
1.000000
1.000000
1.000000
1.000000
1.000000
1.000000
1.000000
1.000000
1.000000
1.000000
1.000000
1.000000
1.000000
1.000000
1.000000
1.000000
1.000000
1.000000
1.000000
1.000000
1.000000
1.000000
1.000000
1.000000
1.000000
1.000000
1.000000
1.000000
1.000000
1.000000
1.000000
1.000000
1.000000
1.000000
1.000000
1.000000
1.000000
1.000000
1.000000
1.000000
1.000000
1.000000
1.000000
1.000000
1.000000
1.000000
1.000000
1.000001
1.000001
1.000001
1.000001
1.000000
1.000000
1.000000
1.000000
1.000000
1.000000
1.000000
1.000000
1.000000
1.000000
1.000000
1.000000
1.000000
1.000000
1.000000
1.000000
1.000000
1.000000
1.000000
1.000000
1.000000
1.000000
1.000000
1.000000
1.000000
1.000000
1.000000
1.000000
1.000000
1.000000
1.000000
1.000010
1.000013
1.000027
1.000040
1.000059
1.000067
1.000068
1.000068
1.000068
1.000068
1.000067
1.000059
1.000046
1.000033
1.000018
1.000004
1.000000
1.000000
1.000000
1.000000
1.000000
1.000000
1.000000
1.000000
1.000000
1.000000
1.000000
1.000000
1.000000
1.000000
1.000000
1.000000
1.000000
1.000000
1.000000
1.000000
1.000000
1.000000
1.000000
1.000000
1.000013
1.000085
1.000216
1.000384
1.000522
1.000618
1.000664
1.000684
1.000697
1.000698
1.000694
1.000677
1.000610
1.000483
1.000313
1.000168
1.000072
1.000029
1.000012
1.000000
1.000000
1.000000
1.000000
1.000000
1.000000
1.000000
1.000000
1.000000
1.000000
1.000000
1.000000
1.000000
1.000000
1.000000
1.000000
1.000000
1.000000
1.000000
1.000000
1.000013
1.000052
1.000218
1.000712
1.001693
1.002924
1.004002
1.004718
1.005101
1.005273
1.005336
1.005356
1.005329
1.005190
1.004751
1.003792
1.002500
1.001345
1.000597
1.000223
1.000071
1.000020
1.000004
1.000000
1.000000
1.000000
1.000000
1.000000
1.000000
1.000000
1.000000
1.000000
1.000000
1.000000
1.000000
1.000000
1.000000
1.000000
1.000000
1.000000
1.000013
1.000056
1.000299
1.001248
1.003978
1.009289
1.015886
1.021692
1.025627
1.027795
1.028800
1.029200
1.029314
1.029204
1.028545
1.026353
1.021394
1.014403
1.007881
1.003535
1.001326
1.000425
1.000119
1.000026
1.000009
1.000000
1.000000
1.000000
1.000000
1.000000
1.000000
1.000000
1.000000
1.000000
1.000000
1.000000
1.000000
1.000000
1.000000
1.000000
1.000000
1.000030
1.000215
1.001128
1.004646
1.014497
1.033070
1.055753
1.075842
1.089864
1.097963
1.101948
1.103641
1.104206
1.103981
1.102079
1.095421
1.079455
1.055153
1.030918
1.014062
1.005307
1.001703
1.000474
1.000116
1.000026
1.000008
1.000000
1.000000
1.000000
1.000000
1.000000
1.000000
1.000000
1.000000
1.000000
1.000000
1.000000
1.000000
1.000000
1.000000
1.000013
1.000077
1.000496
1.002565
1.010458
1.032136
1.072103
1.120669
1.164535
1.196491
1.216098
1.226472
1.231259
1.233092
1.233024
1.229650
1.217022
1.184930
1.132074
1.075554
1.034608
1.013034
1.004158
1.001150
1.000280
1.000063
1.000016
1.000001
1.000000
1.000000
1.000000
1.000000
1.000000
1.000000
1.000000
1.000000
1.000000
1.000000
1.000000
1.000000
1.000000
1.000017
1.000128
1.000808
1.004164
1.016901
1.051591
1.115033
1.192804
1.265150
1.320430
1.356510
1.377012
1.387247
1.391616
1.392328
1.387840
1.369434
1.320181
1.233453
1.135118
1.061761
1.023019
1.007252
1.001982
1.000482
1.000106
1.000025
1.000005
1.000000
1.000000
1.000000
1.000000
1.000000
1.000000
1.000000
1.000000
1.000000
1.000000
1.000000
1.000000
1.000000
1.000022
1.000169
1.001056
1.005463
1.022189
1.067745
1.151357
1.255666
1.355954
1.436204
1.491613
1.525151
1.543068
1.551382
1.553670
1.548665
1.525400
1.460329
1.339753
1.197199
1.089257
1.032738
1.010151
1.002739
1.000659
1.000144
1.000031
1.000006
1.000000
1.000000
1.000000
1.000000
1.000000
1.000000
1.000000
1.000000
1.000000
1.000000
1.000000
1.000000
1.000000
1.000024
1.000192
1.001216
1.006298
1.025648
1.078608
1.176712
1.301593
1.425473
1.528703
1.603453
1.651128
1.678041
1.691335
1.695885
1.690922
1.663773
1.585043
1.433976
1.250892
1.111971
1.040353
1.012315
1.003282
1.000781
1.000168
1.000036
1.000006
1.000000
1.000000
1.000000
1.000000
1.000000
1.000000
1.000000
1.000000
1.000000
1.000000
1.000000
1.000000
1.000000
1.000026
1.000206
1.001302
1.006741
1.027537
1.084765
1.191843
1.330628
1.471928
1.593598
1.685094
1.745893
1.781710
1.800239
1.807350
1.802785
1.772596
1.682627
1.506378
1.290514
1.127781
1.045340
1.013658
1.003604
1.000850
1.000183
1.000038
1.000007
1.000000
1.000000
1.000000
1.000000
1.000000
1.000000
1.000000
1.000000
1.000000
1.000000
1.000000
1.000000
1.000000
1.000027
1.000211
1.001336
1.006941
1.028420
1.087784
1.199723
1.346768
1.499382
1.634014
1.738127
1.809435
1.852773
1.875938
1.885430
1.881379
1.848882
1.750234
1.555076
1.315810
1.137233
1.048135
1.014370
1.003767
1.000884
1.000188
1.000038
1.000007
1.000000
1.000000
1.000000
1.000000
1.000000
1.000000
1.000000
1.000000
1.000000
1.000000
1.000000
1.000000
1.000000
1.000027
1.000212
1.001351
1.007022
1.028780
1.089083
1.203347
1.354732
1.513831
1.656470
1.768890
1.847495
1.896295
1.922957
1.934303
1.930695
1.896546
1.791759
1.583867
1.329903
1.142151
1.049497
1.014698
1.003839
1.000898
1.000190
1.000039
1.000007
1.000000
1.000000
1.000000
1.000000
1.000000
1.000000
1.000000
1.000000
1.000000
1.000000
1.000000
1.000000
1.000000
1.000027
1.000213
1.001354
1.007046
1.028899
1.089545
1.204773
1.358164
1.520542
1.667539
1.784752
1.867771
1.920002
1.948925
1.961497
1.958183
1.922939
1.814237
1.598721
1.336671
1.144324
1.050051
1.014820
1.003865
1.000903
1.000191
1.000039
1.000007
1.000000
1.000000
1.000000
1.000000
1.000000
1.000000
1.000000
1.000000
1.000000
1.000000
1.000000
1.000000
1.000000
1.000027
1.000212
1.001348
1.007022
1.028814
1.089391
1.204738
1.358745
1.522437
1.671411
1.790965
1.876247
1.930294
1.960439
1.973676
1.970485
1.934521
1.823462
1.603857
1.338251
1.144487
1.049982
1.014778
1.003848
1.000896
1.000189
1.000038
1.000007
1.000000
1.000000
1.000000
1.000000
1.000000
1.000000
1.000000
1.000000
1.000000
1.000000
1.000000
1.000000
1.000000
1.000025
1.000203
1.001306
1.006818
1.028072
1.087459
1.201258
1.353993
1.516997
1.665852
1.785670
1.871362
1.925783
1.956174
1.969496
1.966122
1.929334
1.816345
1.594873
1.330549
1.140286
1.048341
1.014261
1.003708
1.000864
1.000182
1.000037
1.000006
1.000000
1.000000
1.000000
1.000000
1.000000
1.000000
1.000000
1.000000
1.000000
1.000000
1.000000
1.000000
1.000000
1.000021
1.000183
1.001153
1.006058
1.025210
1.079659
1.186239
1.331662
1.488419
1.632217
1.747990
1.830515
1.882590
1.911385
1.923633
1.919206
1.880520
1.764802
1.545585
1.295741
1.123282
1.042075
1.012354
1.003204
1.000746
1.000158
1.000030
1.000005
1.000000
1.000000
1.000000
1.000000
1.000000
1.000000
1.000000
1.000000
1.000000
1.000000
1.000000
1.000000
1.000000
1.000016
1.000136
1.000869
1.004621
1.019545
1.063200
1.151830
1.276407
1.413022
1.538941
1.639697
1.710430
1.754060
1.777428
1.786442
1.779788
1.739077
1.625230
1.427196
1.222248
1.090509
1.030611
1.008962
1.002321
1.000539
1.000113
1.000020
1.000002
1.000000
1.000000
1.000000
1.000000
1.000000
1.000000
1.000000
1.000000
1.000000
1.000000
1.000000
1.000000
1.000000
1.000010
1.000082
1.000546
1.002937
1.012625
1.041782
1.103197
1.192034
1.290644
1.381003
1.451707
1.499595
1.527804
1.542020
1.546353
1.538324
1.501716
1.408881
1.265872
1.133527
1.053696
1.018154
1.005331
1.001384
1.000318
1.000066
1.000011
1.000000
1.000000
1.000000
1.000000
1.000000
1.000000
1.000000
1.000000
1.000000
1.000000
1.000000
1.000000
1.000000
1.000000
1.000002
1.000042
1.000287
1.001553
1.006761
1.022757
1.057260
1.107766
1.163404
1.212986
1.250072
1.273786
1.286870
1.292928
1.293998
1.287733
1.263781
1.208169
1.130955
1.064806
1.026105
1.008892
1.002629
1.000685
1.000157
1.000033
1.000005
1.000000
1.000000
1.000000
1.000000
1.000000
1.000000
1.000000
1.000000
1.000000
1.000000
1.000000
1.000000
1.000000
1.000000
1.000000
1.000018
1.000126
1.000691
1.003039
1.010329
1.026203
1.049301
1.074082
1.095182
1.110048
1.118930
1.123489
1.125407
1.125410
1.122137
1.110757
1.085804
1.053256
1.026363
1.010712
1.003684
1.001097
1.000287
1.000064
1.000013
1.000000
1.000000
1.000000
1.000000
1.000000
1.000000
1.000000
1.000000
1.000000
1.000000
1.000000
1.000000
1.000000
1.000000
1.000000
1.000000
1.000005
1.000045
1.000263
1.001166
1.003986
1.010127
1.018924
1.028047
1.035436
1.040337
1.043080
1.044395
1.044896
1.044788
1.043493
1.039216
1.030128
1.018648
1.009280
1.003806
1.001320
1.000394
1.000103
1.000023
1.000003
1.000000
1.000000
1.000000
1.000000
1.000000
1.000000
1.000000
1.000000
1.000000
1.000000
1.000000
1.000000
1.000000
1.000000
1.000000
1.000000
1.000000
1.000015
1.000087
1.000388
1.001333
1.003382
1.006267
1.009161
1.011403
1.012812
1.013557
1.013895
1.014012
1.013956
1.013531
1.012166
1.009315
1.005768
1.002886
1.001191
1.000415
1.000124
1.000031
1.000006
1.000000
1.000000
1.000000
1.000000
1.000000
1.000000
1.000000
1.000000
1.000000
1.000000
1.000000
1.000000
1.000000
1.000000
1.000000
1.000000
1.000000
1.000000
1.000002
1.000022
1.000113
1.000392
1.000994
1.001828
1.002641
1.003247
1.003612
1.003796
1.003875
1.003903
1.003883
1.003760
1.003376
1.002580
1.001600
1.000803
1.000332
1.000115
1.000033
1.000008
1.000000
1.000000
1.000000
1.000000
1.000000
1.000000
1.000000
1.000000
1.000000
1.000000
1.000000
1.000000
1.000000
1.000000
1.000000
1.000000
1.000000
1.000000
1.000000
1.000000
1.000004
1.000026
1.000101
1.000260
1.000475
1.000681
1.000829
1.000916
1.000958
1.000976
1.000982
1.000976
1.000945
1.000847
1.000646
1.000401
1.000201
1.000082
1.000027
1.000007
1.000000
1.000000
1.000000
1.000000
1.000000
1.000000
1.000000
1.000000
1.000000
1.000000
1.000000
1.000000
1.000000
1.000000
1.000000
1.000000
1.000000
1.000000
1.000000
1.000000
1.000000
1.000000
1.000005
1.000021
1.000060
1.000110
1.000156
1.000190
1.000209
1.000220
1.000223
1.000224
1.000222
1.000215
1.000193
1.000147
1.000091
1.000045
1.000016
1.000003
1.000000
1.000000
1.000000
1.000000
1.000000
1.000000
1.000000
1.000000
1.000000
1.000000
1.000000
1.000000
1.000000
1.000000
1.000000
1.000000
1.000000
1.000000
1.000000
1.000000
1.000000
1.000000
1.000000
1.000000
1.000003
1.000011
1.000021
1.000032
1.000039
1.000043
1.000045
1.000045
1.000045
1.000045
1.000043
1.000038
1.000028
1.000014
1.000005
1.000001
1.000000
1.000000
1.000000
1.000000
1.000000
1.000000
1.000000
1.000000
1.000000
1.000000
1.000000
1.000000
1.000000
1.000000
1.000000
1.000000
1.000000
1.000000
1.000000
1.000000
1.000000
1.000000
1.000000
1.000000
1.000000
1.000000
1.000000
1.000003
1.000005
1.000005
1.000006
1.000006
1.000006
1.000006
1.000006
1.000006
1.000005
1.000003
1.000000
1.000000
1.000000
1.000000
1.000000
1.000000
1.000000
1.000000
1.000000
1.000000
1.000000
1.000000
1.000000
1.000000
1.000000
1.000000
1.000000
1.000000
1.000000
1.000000
1.000000
1.000000
1.000000
1.000000
1.000000
1.000000
1.000000
1.000000
1.000000
1.000000
1.000000
1.000000
1.000000
1.000000
1.000000
1.000000
1.000000
1.000000
1.000000
1.000000
1.000000
1.000000
1.000000
1.000000
1.000000
1.000000
1.000000
1.000000
1.000000
1.000000
1.000000
1.000000
1.000000
1.000000
1.000000
1.000000
1.000000
1.000000
1.000000
1.000000
1.000000
1.000000
1.000000
1.000000
1.000000
1.000000
1.000000
1.000000
1.000000
1.000000
1.000000
1.000000
1.000000
1.000000
1.000000
1.000000
1.000000
1.000000
1.000000
1.000000
1.000000
1.000000
1.000000
1.000000
1.000000
1.000000
1.000000
1.000000
1.000000
1.000000
1.000000
1.000000
1.000000
1.000000
1.000000
1.000000
1.000000
1.000000
1.000000
1.000000
1.000000
1.000000
1.000000
1.000000
1.000000
1.000000
1.000000
1.000000
1.000000
1.000000
1.000000
1.000000
1.000000
1.000000
1.000000
1.000000
1.000000
1.000000
1.000000
1.000000
1.000000
1.000000
1.000000
1.000000
1.000000
1.000000
1.000000
1.000000
1.000000
1.000000
1.000000
1.000000
1.000000
1.000000
1.000000
1.000000
1.000000
1.000000
1.000000
1.000000
1.000000
1.000000
1.000000
1.000000
1.000000
1.000000
1.000000
1.000000
1.000000
1.000000
1.000000
1.000000
1.000000
1.000000
1.000000
1.000000
1.000000
1.000000
1.000000
1.000000
1.000000
1.000000
1.000000
1.000000
1.000000
1.000000
1.000000
1.000000
1.000000
1.000000
1.000000
1.000000
1.000000
1.000000
1.000000
1.000000
1.000000
1.000000
1.000000
1.000000
1.000000
1.000000
1.000000
1.000000
1.000000
1.000000
1.000000
1.000000
1.000000
1.000000
1.000000
1.000000
1.000000
1.000000
1.000000
1.000000
1.000000
1.000000
1.000000
1.000000
1.000000
1.000000
1.000000
1.000000
1.000000
1.000000
1.000000
1.000000
1.000000
1.000000
1.000000
1.000000
1.000000
1.000000
1.000000
1.000000
1.000000
1.000000
1.000000
1.000000
1.000000
1.000000
1.000000
1.000000
1.000000
1.000000
1.000000
1.000000
1.000000
1.000000
1.000000
1.000000
1.000000
1.000000
1.000000
1.000000
1.000000
1.000000
1.000000
1.000000
1.000000
1.000000
1.000000
1.000000
1.000000
1.000000
1.000000
1.000000
1.000000
1.000000
1.000000
1.000000
1.000000
1.000000
1.000000
1.000000
1.000000
1.000000
1.000000
1.000000
1.000000
1.000000
1.000000
1.000000
1.000000
1.000000
1.000000
1.000000
1.000000
1.000000
1.000000
1.000000
1.000000
1.000000
1.000000
1.000000
1.000000
1.000000
1.000000
1.000000
1.000000
1.000000
1.000000
1.000000
1.000000
1.000000
1.000000
1.000000
1.000000
1.000000
1.000000
1.000000
1.000000
1.000000
1.000000
1.000000
1.000000
1.000000
1.000000
1.000000
1.000000
1.000000
1.000000
1.000000
1.000000
1.000000
1.000000
1.000000
1.000000
1.000000
1.000000
1.000000
1.000000
1.000000
1.000000
1.000000
1.000000
1.000000
1.000000
1.000000
1.000000
1.000000
1.000000
1.000000
1.000000
1.000000
1.000000
1.000000
1.000000
1.000000
1.000000
1.000000
1.000000
1.000000
1.000000
1.000000
1.000000
1.000000
1.000000
1.000000
1.000000
1.000000
1.000000
1.000000
1.000000
1.000000
1.000000
