1.000000
1.000000
1.000000
1.000000
1.000000
1.000000
1.000000
1.000000
1.000000
1.000000
1.000000
1.000000
1.000000
1.000000
1.000000
1.000000
1.000000
1.000000
1.000000
1.000000
1.000000
1.000000
1.000000
1.000000
1.000000
1.000000
1.000000
1.000000
1.000000
1.000000
1.000000
1.000000
1.000000
1.000000
1.000000
1.000000
1.000000
1.000000
1.000000
1.000000
1.000000
1.000000
1.000000
1.000000
1.000000
1.000000
1.000000
1.000000
1.000000
1.000000
1.000000
1.000000
1.000000
1.000000
1.000000
1.000000
1.000000
1.000000
1.000000
1.000000
1.000000
1.000000
1.000000
1.000000
1.000000
1.000000
1.000000
1.000000
1.000000
1.000000
1.000000
1.000000
1.000000
1.000000
1.000000
1.000000
1.000000
1.000000
1.000000
1.000000
1.000000
1.000000
1.000000
1.000000
1.000000
1.000000
1.000000
1.000000
1.000000
1.000000
1.000000
1.000000
1.000000
1.000000
1.000000
1.000000
1.000000
1.000000
1.000000
1.000000
1.000000
1.000000
1.000000
1.000000
1.000000
1.000000
1.000000
1.000000
1.000000
1.000000
1.000000
1.000000
1.000000
1.000000
1.000000
1.000000
1.000000
1.000000
1.000000
1.000000
1.000000
1.000000
1.000000
1.000000
1.000000
1.000000
1.000000
1.000000
1.000000
1.000000
1.000000
1.000000
1.000000
1.000000
1.000000
1.000000
1.000000
1.000000
1.000000
1.000000
1.000000
1.000000
1.000000
1.000000
1.000000
1.000000
1.000000
1.000000
1.000000
1.000000
1.000000
1.000000
1.000000
1.000000
1.000000
1.000000
1.000000
1.000000
1.000000
1.000000
1.000000
1.000000
1.000000
1.000000
1.000000
1.000000
1.000000
1.000000
1.000000
1.000000
1.000000
1.000000
1.000000
1.000000
1.000000
1.000000
1.000000
1.000000
1.000000
1.000000
1.000000
1.000000
1.000000
1.000000
1.000000
1.000000
1.000000
1.000000
1.000000
1.000000
1.000000
1.000000
1.000000
1.000000
1.000000
1.000000
1.000000
1.000000
1.000000
1.000000
1.000000
1.000000
1.000000
1.000000
1.000000
1.000000
1.000000
1.000000
1.000000
1.000000
1.000000
1.000000
1.000000
1.000000
1.000000
1.000000
1.000000
1.000000
1.000000
1.000000
1.000000
1.000000
1.000000
1.000000
1.000000
1.000000
1.000000
1.000000
1.000000
1.000000
1.000000
1.000000
1.000000
1.000000
1.000000
1.000000
1.000000
1.000000
1.000000
1.000000
1.000000
1.000000
1.000000
1.000000
1.000000
1.000000
1.000000
1.000000
1.000000
1.000000
1.000000
1.000000
1.000000
1.000000
1.000000
1.000006
1.000013
1.000027
1.000039
1.000041
1.000041
1.000042
1.000042
1.000042
1.000042
1.000041
1.000037
1.000024
1.000013
1.000003
1.000000
1.000000
1.000000
1.000000
1.000000
1.000000
1.000000
1.000000
1.000000
1.000000
1.000000
1.000000
1.000000
1.000000
1.000000
1.000000
1.000000
1.000000
1.000000
1.000000
1.000000
1.000000
1.000000
1.000000
1.000000
1.000013
1.000078
1.000207
1.000358
1.000467
1.000522
1.000546
1.000555
1.000558
1.000559
1.000555
1.000542
1.000484
1.000352
1.000196
1.000083
1.000031
1.000010
1.000000
1.000000
1.000000
1.000000
1.000000
1.000000
1.000000
1.000000
1.000000
1.000000
1.000000
1.000000
1.000000
1.000000
1.000000
1.000000
1.000000
1.000000
1.000000
1.000000
1.000000
1.000000
1.000031
1.000198
1.000768
1.002039
1.003491
1.004560
1.005139
1.005387
1.005473
1.005500
1.005508
1.005482
1.005347
1.004818
1.003534
1.001993
1.000873
1.000306
1.000087
1.000022
1.000005
1.000000
1.000000
1.000000
1.000000
1.000000
1.000000
1.000000
1.000000
1.000000
1.000000
1.000000
1.000000
1.000000
1.000000
1.000000
1.000000
1.000000
1.000000
1.000003
1.000039
1.000262
1.001391
1.005320
1.013813
1.023458
1.030678
1.034717
1.036523
1.037194
1.037405
1.037445
1.037307
1.036489
1.033214
1.024913
1.014380
1.006396
1.002260
1.000657
1.000161
1.000035
1.000007
1.000000
1.000000
1.000000
1.000000
1.000000
1.000000
1.000000
1.000000
1.000000
1.000000
1.000000
1.000000
1.000000
1.000000
1.000000
1.000000
1.000000
1.000016
1.000172
1.001160
1.005972
1.022236
1.055851
1.093476
1.122314
1.139331
1.147508
1.150810
1.151950
1.152232
1.151842
1.149150
1.137893
1.107301
1.064332
1.029289
1.010458
1.003049
1.000749
1.000158
1.000030
1.000007
1.000000
1.000000
1.000000
1.000000
1.000000
1.000000
1.000000
1.000000
1.000000
1.000000
1.000000
1.000000
1.000000
1.000000
1.000000
1.000006
1.000047
1.000382
1.002522
1.012859
1.047224
1.116706
1.195213
1.258041
1.297771
1.318582
1.327833
1.331370
1.332445
1.331934
1.327065
1.305800
1.244586
1.150671
1.069265
1.024615
1.007103
1.001728
1.000365
1.000069
1.000013
1.000000
1.000000
1.000000
1.000000
1.000000
1.000000
1.000000
1.000000
1.000000
1.000000
1.000000
1.000000
1.000000
1.000000
1.000000
1.000010
1.000069
1.000568
1.003754
1.019141
1.070149
1.173173
1.292493
1.392761
1.460536
1.498925
1.517492
1.525244
1.527928
1.527654
1.520945
1.490369
1.398599
1.248770
1.113948
1.039877
1.011309
1.002710
1.000566
1.000106
1.000019
1.000002
1.000000
1.000000
1.000000
1.000000
1.000000
1.000000
1.000000
1.000000
1.000000
1.000000
1.000000
1.000000
1.000000
1.000000
1.000011
1.000084
1.000688
1.004549
1.023278
1.085675
1.212993
1.364785
1.498199
1.593603
1.651178
1.680945
1.694246
1.699261
1.699595
1.691517
1.653148
1.534796
1.334368
1.151316
1.051935
1.014459
1.003415
1.000705
1.000129
1.000023
1.000003
1.000000
1.000000
1.000000
1.000000
1.000000
1.000000
1.000000
1.000000
1.000000
1.000000
1.000000
1.000000
1.000000
1.000000
1.000011
1.000091
1.000743
1.004949
1.025422
1.094079
1.235906
1.409312
1.567275
1.685221
1.759862
1.800393
1.819407
1.826985
1.828124
1.819079
1.774565
1.635172
1.395241
1.176289
1.059450
1.016307
1.003808
1.000778
1.000143
1.000024
1.000003
1.000000
1.000000
1.000000
1.000000
1.000000
1.000000
1.000000
1.000000
1.000000
1.000000
1.000000
1.000000
1.000000
1.000000
1.000011
1.000093
1.000765
1.005114
1.026338
1.097871
1.247035
1.432682
1.606055
1.739444
1.826665
1.875634
1.899368
1.909164
1.911054
1.901356
1.852369
1.698006
1.431425
1.190082
1.063303
1.017194
1.003988
1.000810
1.000147
1.000025
1.000003
1.000000
1.000000
1.000000
1.000000
1.000000
1.000000
1.000000
1.000000
1.000000
1.000000
1.000000
1.000000
1.000000
1.000000
1.000011
1.000093
1.000774
1.005173
1.026672
1.099336
1.251692
1.443297
1.624940
1.767295
1.862292
1.916742
1.943665
1.955007
1.957442
1.947326
1.895429
1.731714
1.449685
1.196526
1.064973
1.017556
1.004058
1.000822
1.000148
1.000025
1.000003
1.000000
1.000000
1.000000
1.000000
1.000000
1.000000
1.000000
1.000000
1.000000
1.000000
1.000000
1.000000
1.000000
1.000000
1.000011
1.000093
1.000775
1.005190
1.026777
1.099829
1.253394
1.447517
1.632989
1.779803
1.878880
1.936326
1.965042
1.977273
1.980026
1.969669
1.916117
1.747335
1.457612
1.199114
1.065595
1.017683
1.004080
1.000825
1.000148
1.000025
1.000003
1.000000
1.000000
1.000000
1.000000
1.000000
1.000000
1.000000
1.000000
1.000000
1.000000
1.000000
1.000000
1.000000
1.000000
1.000011
1.000093
1.000775
1.005192
1.026793
1.099939
1.253873
1.448898
1.635893
1.784611
1.885518
1.944351
1.973919
1.986578
1.989483
1.978999
1.924623
1.753453
1.460440
1.199924
1.065762
1.017711
1.004084
1.000825
1.000148
1.000025
1.000003
1.000000
1.000000
1.000000
1.000000
1.000000
1.000000
1.000000
1.000000
1.000000
1.000000
1.000000
1.000000
1.000000
1.000000
1.000011
1.000093
1.000771
1.005167
1.026672
1.099569
1.253215
1.448164
1.635397
1.784590
1.886029
1.945290
1.975124
1.987916
1.990859
1.980288
1.925491
1.753272
1.459409
1.199107
1.065418
1.017607
1.004058
1.000820
1.000147
1.000025
1.000003
1.000000
1.000000
1.000000
1.000000
1.000000
1.000000
1.000000
1.000000
1.000000
1.000000
1.000000
1.000000
1.000000
1.000000
1.000010
1.000088
1.000736
1.004963
1.025714
1.096490
1.246893
1.438747
1.623478
1.770747
1.870764
1.929051
1.958292
1.970764
1.973530
1.962731
1.907369
1.734646
1.444139
1.191029
1.062504
1.016791
1.003867
1.000780
1.000140
1.000023
1.000003
1.000000
1.000000
1.000000
1.000000
1.000000
1.000000
1.000000
1.000000
1.000000
1.000000
1.000000
1.000000
1.000000
1.000000
1.000007
1.000074
1.000603
1.004089
1.021492
1.082377
1.216293
1.390988
1.560689
1.695682
1.786379
1.838333
1.863832
1.874392
1.876226
1.864666
1.808320
1.638791
1.372165
1.155486
1.050149
1.013391
1.003075
1.000621
1.000112
1.000017
1.000001
1.000000
1.000000
1.000000
1.000000
1.000000
1.000000
1.000000
1.000000
1.000000
1.000000
1.000000
1.000000
1.000000
1.000000
1.000003
1.000045
1.000388
1.002680
1.014351
1.056594
1.154102
1.285306
1.413580
1.514014
1.579269
1.614977
1.631598
1.638008
1.638238
1.626853
1.576039
1.435034
1.240067
1.097241
1.031072
1.008289
1.001902
1.000382
1.000067
1.000009
1.000000
1.000000
1.000000
1.000000
1.000000
1.000000
1.000000
1.000000
1.000000
1.000000
1.000000
1.000000
1.000000
1.000000
1.000000
1.000000
1.000022
1.000198
1.001387
1.007534
1.030382
1.085003
1.159459
1.231039
1.284713
1.317487
1.334166
1.341354
1.343839
1.343237
1.335287
1.302460
1.218912
1.116441
1.046642
1.014952
1.004011
1.000925
1.000185
1.000033
1.000004
1.000000
1.000000
1.000000
1.000000
1.000000
1.000000
1.000000
1.000000
1.000000
1.000000
1.000000
1.000000
1.000000
1.000000
1.000000
1.000000
1.000008
1.000078
1.000576
1.003170
1.012948
1.036670
1.068623
1.098101
1.118837
1.130557
1.136055
1.138238
1.138898
1.138434
1.134725
1.120117
1.084918
1.044616
1.017939
1.005803
1.001568
1.000363
1.000071
1.000012
1.000000
1.000000
1.000000
1.000000
1.000000
1.000000
1.000000
1.000000
1.000000
1.000000
1.000000
1.000000
1.000000
1.000000
1.000000
1.000000
1.000000
1.000000
1.000025
1.000198
1.001099
1.004519
1.012831
1.023758
1.033357
1.039681
1.043001
1.044445
1.044976
1.045115
1.044922
1.043637
1.038697
1.027103
1.014233
1.005765
1.001881
1.000511
1.000118
1.000023
1.000002
1.000000
1.000000
1.000000
1.000000
1.000000
1.000000
1.000000
1.000000
1.000000
1.000000
1.000000
1.000000
1.000000
1.000000
1.000000
1.000000
1.000000
1.000000
1.000008
1.000057
1.000322
1.001330
1.003771
1.006900
1.009529
1.011166
1.011973
1.012303
1.012417
1.012444
1.012384
1.012019
1.010635
1.007425
1.003906
1.001592
1.000522
1.000142
1.000032
1.000005
1.000000
1.000000
1.000000
1.000000
1.000000
1.000000
1.000000
1.000000
1.000000
1.000000
1.000000
1.000000
1.000000
1.000000
1.000000
1.000000
1.000000
1.000000
1.000000
1.000000
1.000014
1.000080
1.000336
1.000955
1.001730
1.002357
1.002730
1.002906
1.002973
1.002996
1.003003
1.002986
1.002896
1.002560
1.001785
1.000941
1.000384
1.000126
1.000033
1.000007
1.000000
1.000000
1.000000
1.000000
1.000000
1.000000
1.000000
1.000000
1.000000
1.000000
1.000000
1.000000
1.000000
1.000000
1.000000
1.000000
1.000000
1.000000
1.000000
1.000000
1.000000
1.000000
1.000016
1.000073
1.000211
1.000380
1.000514
1.000589
1.000624
1.000639
1.000642
1.000643
1.000639
1.000620
1.000548
1.000381
1.000201
1.000081
1.000025
1.000005
1.000000
1.000000
1.000000
1.000000
1.000000
1.000000
1.000000
1.000000
1.000000
1.000000
1.000000
1.000000
1.000000
1.000000
1.000000
1.000000
1.000000
1.000000
1.000000
1.000000
1.000000
1.000000
1.000000
1.000001
1.000012
1.000039
1.000072
1.000098
1.000114
1.000120
1.000122
1.000122
1.000122
1.000122
1.000118
1.000104
1.000073
1.000038
1.000013
1.000002
1.000000
1.000000
1.000000
1.000000
1.000000
1.000000
1.000000
1.000000
1.000000
1.000000
1.000000
1.000000
1.000000
1.000000
1.000000
1.000000
1.000000
1.000000
1.000000
1.000000
1.000000
1.000000
1.000000
1.000000
1.000000
1.000000
1.000005
1.000011
1.000015
1.000018
1.000019
1.000019
1.000019
1.000019
1.000019
1.000018
1.000015
1.000009
1.000004
1.000000
1.000000
1.000000
1.000000
1.000000
1.000000
1.000000
1.000000
1.000000
1.000000
1.000000
1.000000
1.000000
1.000000
1.000000
1.000000
1.000000
1.000000
1.000000
1.000000
1.000000
1.000000
1.000000
1.000000
1.000000
1.000000
1.000000
1.000000
1.000000
1.000000
1.000000
1.000001
1.000001
1.000001
1.000001
1.000001
1.000001
1.000001
1.000000
1.000000
1.000000
1.000000
1.000000
1.000000
1.000000
1.000000
1.000000
1.000000
1.000000
1.000000
1.000000
1.000000
1.000000
1.000000
1.000000
1.000000
1.000000
1.000000
1.000000
1.000000
1.000000
1.000000
1.000000
1.000000
1.000000
1.000000
1.000000
1.000000
1.000000
1.000000
1.000000
1.000000
1.000000
1.000000
1.000000
1.000000
1.000000
1.000000
1.000000
1.000000
1.000000
1.000000
1.000000
1.000000
1.000000
1.000000
1.000000
1.000000
1.000000
1.000000
1.000000
1.000000
1.000000
1.000000
1.000000
1.000000
1.000000
1.000000
1.000000
1.000000
1.000000
1.000000
1.000000
1.000000
1.000000
1.000000
1.000000
1.000000
1.000000
1.000000
1.000000
1.000000
1.000000
1.000000
1.000000
1.000000
1.000000
1.000000
1.000000
1.000000
1.000000
1.000000
1.000000
1.000000
1.000000
1.000000
1.000000
1.000000
1.000000
1.000000
1.000000
1.000000
1.000000
1.000000
1.000000
1.000000
1.000000
1.000000
1.000000
1.000000
1.000000
1.000000
1.000000
1.000000
1.000000
1.000000
1.000000
1.000000
1.000000
1.000000
1.000000
1.000000
1.000000
1.000000
1.000000
1.000000
1.000000
1.000000
1.000000
1.000000
1.000000
1.000000
1.000000
1.000000
1.000000
1.000000
1.000000
1.000000
1.000000
1.000000
1.000000
1.000000
1.000000
1.000000
1.000000
1.000000
1.000000
1.000000
1.000000
1.000000
1.000000
1.000000
1.000000
1.000000
1.000000
1.000000
1.000000
1.000000
1.000000
1.000000
1.000000
1.000000
1.000000
1.000000
1.000000
1.000000
1.000000
1.000000
1.000000
1.000000
1.000000
1.000000
1.000000
1.000000
1.000000
1.000000
1.000000
1.000000
1.000000
1.000000
1.000000
1.000000
1.000000
1.000000
1.000000
1.000000
1.000000
1.000000
1.000000
1.000000
1.000000
1.000000
1.000000
1.000000
1.000000
1.000000
1.000000
1.000000
1.000000
1.000000
1.000000
1.000000
1.000000
1.000000
1.000000
1.000000
1.000000
1.000000
1.000000
1.000000
1.000000
1.000000
1.000000
1.000000
1.000000
1.000000
1.000000
1.000000
1.000000
1.000000
1.000000
1.000000
1.000000
1.000000
1.000000
1.000000
1.000000
1.000000
1.000000
1.000000
1.000000
1.000000
1.000000
1.000000
1.000000
1.000000
1.000000
1.000000
1.000000
1.000000
1.000000
1.000000
1.000000
1.000000
1.000000
1.000000
1.000000
1.000000
1.000000
1.000000
1.000000
1.000000
1.000000
1.000000
1.000000
1.000000
1.000000
1.000000
1.000000
1.000000
1.000000
1.000000
1.000000
1.000000
1.000000
1.000000
1.000000
1.000000
1.000000
1.000000
1.000000
1.000000
1.000000
1.000000
1.000000
1.000000
1.000000
1.000000
1.000000
1.000000
1.000000
1.000000
1.000000
1.000000
1.000000
1.000000
1.000000
1.000000
1.000000
1.000000
1.000000
1.000000
1.000000
1.000000
1.000000
1.000000
1.000000
1.000000
1.000000
1.000000
1.000000
1.000000
1.000000
1.000000
1.000000
1.000000
1.000000
1.000000
1.000000
1.000000
1.000000
1.000000
1.000000
1.000000
1.000000
1.000000
1.000000
1.000000
1.000000
1.000000
1.000000
1.000000
1.000000
1.000000
1.000000
1.000000
1.000000
1.000000
1.000000
1.000000
1.000000
1.000000
1.000000
1.000000
1.000000
1.000000
1.000000
1.000000
1.000000
1.000000
1.000000
1.000000
1.000000
1.000000
1.000000
1.000000
1.000000
1.000000
1.000000
1.000000
1.000000
1.000000
1.000000
1.000000
1.000000
1.000000
1.000000
1.000000
1.000000
1.000000
1.000000
1.000000
1.000000
1.000000
1.000000
1.000000
1.000000
1.000000
1.000000
1.000000
1.000000
1.000000
1.000000
1.000000
1.000000
1.000000
1.000000
1.000000
1.000000
1.000000
1.000000
1.000000
1.000000
1.000000
1.000000
1.000000
1.000000
1.000000
1.000000
1.000000
1.000000
1.000000
1.000000
1.000000
1.000000
1.000000
1.000000
1.000000
