1.000000
1.000000
1.000000
1.000000
1.000000
1.000000
1.000000
1.000000
1.000000
1.000000
1.000000
1.000000
1.000000
1.000000
1.000000
1.000000
1.000000
1.000000
1.000000
1.000000
1.000000
1.000000
1.000000
1.000000
1.000000
1.000000
1.000000
1.000000
1.000000
1.000000
1.000000
1.000000
1.000000
1.000000
1.000000
1.000000
1.000000
1.000000
1.000000
1.000000
1.000000
1.000000
1.000000
1.000000
1.000000
1.000000
1.000000
1.000000
1.000000
1.000000
1.000000
1.000000
1.000000
1.000000
1.000000
1.000000
1.000000
1.000000
1.000000
1.000000
1.000000
1.000000
1.000000
1.000000
1.000000
1.000000
1.000000
1.000000
1.000000
1.000000
1.000000
1.000000
1.000000
1.000000
1.000000
1.000000
1.000000
1.000000
1.000000
1.000000
1.000000
1.000000
1.000000
1.000000
1.000000
1.000000
1.000000
1.000000
1.000000
1.000000
1.000000
1.000000
1.000000
1.000000
1.000000
1.000000
1.000000
1.000000
1.000000
1.000000
1.000000
1.000000
1.000000
1.000000
1.000000
1.000000
1.000000
1.000000
1.000000
1.000000
1.000000
1.000000
1.000000
1.000000
1.000000
1.000000
1.000000
1.000000
1.000000
1.000000
1.000000
1.000000
1.000000
1.000000
1.000000
1.000000
1.000000
1.000000
1.000000
1.000000
1.000000
1.000000
1.000000
1.000000
1.000000
1.000000
1.000000
1.000000
1.000000
1.000000
1.000000
1.000000
1.000000
1.000000
1.000000
1.000000
1.000000
1.000000
1.000000
1.000000
1.000000
1.000000
1.000000
1.000000
1.000000
1.000000
1.000000
1.000000
1.000000
1.000000
1.000000
1.000000
1.000000
1.000000
1.000000
1.000000
1.000000
1.000000
1.000000
1.000000
1.000000
1.000000
1.000000
1.000000
1.000000
1.000000
1.000000
1.000000
1.000000
1.000000
1.000000
1.000000
1.000000
1.000000
1.000000
1.000000
1.000000
1.000000
1.000000
1.000000
1.000000
1.000000
1.000000
1.000000
1.000000
1.000000
1.000000
1.000000
1.000000
1.000000
1.000000
1.000000
1.000000
1.000000
1.000000
1.000000
1.000000
1.000000
1.000000
1.000000
1.000000
1.000000
1.000000
1.000000
1.000000
1.000000
1.000000
1.000000
1.000000
1.000000
1.000000
1.000000
1.000000
1.000000
1.000000
1.000000
1.000000
1.000000
1.000000
1.000000
1.000000
1.000000
1.000000
1.000000
1.000000
1.000000
1.000000
1.000000
1.000000
1.000000
1.000000
1.000000
1.000000
1.000000
1.000000
1.000000
1.000000
1.000000
1.000000
1.000000
1.000000
1.000000
1.000000
1.000000
1.000000
1.000010
1.000013
1.000027
1.000040
1.000056
1.000061
1.000062
1.000062
1.000063
1.000062
1.000061
1.000053
1.000041
1.000028
1.000014
1.000001
1.000000
1.000000
1.000000
1.000000
1.000000
1.000000
1.000000
1.000000
1.000000
1.000000
1.000000
1.000000
1.000000
1.000000
1.000000
1.000000
1.000000
1.000000
1.000000
1.000000
1.000000
1.000000
1.000000
1.000000
1.000013
1.000085
1.000216
1.000383
1.000517
1.000605
1.000646
1.000662
1.000672
1.000673
1.000669
1.000653
1.000586
1.000456
1.000287
1.000146
1.000062
1.000022
1.000008
1.000000
1.000000
1.000000
1.000000
1.000000
1.000000
1.000000
1.000000
1.000000
1.000000
1.000000
1.000000
1.000000
1.000000
1.000000
1.000000
1.000000
1.000000
1.000000
1.000000
1.000010
1.000049
1.000217
1.000735
1.001786
1.003083
1.004175
1.004873
1.005229
1.005380
1.005432
1.005450
1.005421
1.005280
1.004816
1.003781
1.002415
1.001244
1.000526
1.000186
1.000056
1.000014
1.000001
1.000000
1.000000
1.000000
1.000000
1.000000
1.000000
1.000000
1.000000
1.000000
1.000000
1.000000
1.000000
1.000000
1.000000
1.000000
1.000000
1.000000
1.000013
1.000053
1.000296
1.001297
1.004293
1.010239
1.017498
1.023677
1.027699
1.029819
1.030755
1.031109
1.031203
1.031081
1.030378
1.027953
1.022342
1.014585
1.007645
1.003261
1.001158
1.000350
1.000091
1.000020
1.000006
1.000000
1.000000
1.000000
1.000000
1.000000
1.000000
1.000000
1.000000
1.000000
1.000000
1.000000
1.000000
1.000000
1.000000
1.000000
1.000000
1.000027
1.000208
1.001150
1.004970
1.016077
1.037380
1.062960
1.084940
1.099744
1.107965
1.111842
1.113418
1.113913
1.113639
1.111554
1.104006
1.085462
1.057624
1.030951
1.013375
1.004775
1.001446
1.000380
1.000086
1.000019
1.000005
1.000000
1.000000
1.000000
1.000000
1.000000
1.000000
1.000000
1.000000
1.000000
1.000000
1.000000
1.000000
1.000000
1.000000
1.000013
1.000070
1.000477
1.002596
1.011092
1.035345
1.080819
1.135283
1.183239
1.217140
1.237254
1.247511
1.252059
1.253719
1.253532
1.249811
1.235507
1.198260
1.137587
1.075284
1.032682
1.011621
1.003495
1.000911
1.000210
1.000046
1.000010
1.000000
1.000000
1.000000
1.000000
1.000000
1.000000
1.000000
1.000000
1.000000
1.000000
1.000000
1.000000
1.000000
1.000000
1.000014
1.000114
1.000759
1.004136
1.017608
1.055786
1.126893
1.213088
1.291591
1.350058
1.387113
1.407481
1.417279
1.421286
1.421747
1.416738
1.395945
1.339050
1.239973
1.132457
1.057193
1.020083
1.005960
1.001533
1.000352
1.000073
1.000016
1.000001
1.000000
1.000000
1.000000
1.000000
1.000000
1.000000
1.000000
1.000000
1.000000
1.000000
1.000000
1.000000
1.000000
1.000019
1.000146
1.000976
1.005328
1.022712
1.072037
1.164377
1.278599
1.386441
1.470791
1.527474
1.560715
1.577843
1.585463
1.587270
1.581530
1.555250
1.480401
1.343562
1.189526
1.080797
1.027883
1.008140
1.002070
1.000470
1.000097
1.000020
1.000003
1.000000
1.000000
1.000000
1.000000
1.000000
1.000000
1.000000
1.000000
1.000000
1.000000
1.000000
1.000000
1.000000
1.000021
1.000166
1.001109
1.006054
1.025889
1.082469
1.189481
1.324753
1.456724
1.564351
1.640258
1.687167
1.712690
1.724770
1.728477
1.722500
1.691782
1.601602
1.431520
1.236408
1.099191
1.033630
1.009671
1.002429
1.000545
1.000112
1.000022
1.000003
1.000000
1.000000
1.000000
1.000000
1.000000
1.000000
1.000000
1.000000
1.000000
1.000000
1.000000
1.000000
1.000000
1.000021
1.000177
1.001174
1.006419
1.027533
1.088100
1.203820
1.352806
1.502024
1.627765
1.719818
1.779025
1.812589
1.829190
1.834971
1.829066
1.794864
1.692338
1.495752
1.269010
1.111190
1.037151
1.010560
1.002630
1.000586
1.000119
1.000023
1.000003
1.000000
1.000000
1.000000
1.000000
1.000000
1.000000
1.000000
1.000000
1.000000
1.000000
1.000000
1.000000
1.000000
1.000021
1.000179
1.001198
1.006575
1.028262
1.090724
1.210947
1.367751
1.527743
1.665741
1.769500
1.838164
1.878236
1.898662
1.906281
1.900557
1.863748
1.752035
1.536492
1.288499
1.117882
1.038991
1.010999
1.002726
1.000604
1.000122
1.000023
1.000003
1.000000
1.000000
1.000000
1.000000
1.000000
1.000000
1.000000
1.000000
1.000000
1.000000
1.000000
1.000000
1.000000
1.000021
1.000179
1.001210
1.006633
1.028544
1.091794
1.214066
1.374794
1.540696
1.685941
1.797062
1.871988
1.916550
1.939708
1.948679
1.943118
1.904509
1.786625
1.559068
1.298619
1.121120
1.039825
1.011188
1.002764
1.000611
1.000122
1.000023
1.000003
1.000000
1.000000
1.000000
1.000000
1.000000
1.000000
1.000000
1.000000
1.000000
1.000000
1.000000
1.000000
1.000000
1.000021
1.000180
1.001211
1.006650
1.028626
1.092145
1.215218
1.377667
1.546414
1.695410
1.810567
1.889081
1.936306
1.961128
1.970935
1.965470
1.925735
1.804153
1.569885
1.303094
1.122428
1.040132
1.011250
1.002777
1.000612
1.000123
1.000023
1.000003
1.000000
1.000000
1.000000
1.000000
1.000000
1.000000
1.000000
1.000000
1.000000
1.000000
1.000000
1.000000
1.000000
1.000021
1.000179
1.001205
1.006624
1.028526
1.091924
1.215006
1.377885
1.547656
1.698220
1.815203
1.895418
1.943946
1.969593
1.979812
1.974354
1.933919
1.810244
1.572693
1.303561
1.122270
1.040005
1.011204
1.002761
1.000608
1.000122
1.000023
1.000003
1.000000
1.000000
1.000000
1.000000
1.000000
1.000000
1.000000
1.000000
1.000000
1.000000
1.000000
1.000000
1.000000
1.000020
1.000171
1.001163
1.006414
1.027725
1.089742
1.210954
1.372203
1.540904
1.690928
1.807726
1.887924
1.936472
1.962120
1.972284
1.966583
1.925345
1.799967
1.561544
1.295250
1.118217
1.038550
1.010776
1.002653
1.000587
1.000117
1.000022
1.000003
1.000000
1.000000
1.000000
1.000000
1.000000
1.000000
1.000000
1.000000
1.000000
1.000000
1.000000
1.000000
1.000000
1.000018
1.000152
1.001011
1.005619
1.024563
1.080755
1.193228
1.345540
1.506504
1.650159
1.761822
1.838051
1.883771
1.907601
1.916628
1.909867
1.866758
1.739244
1.506302
1.259272
1.102014
1.032977
1.009180
1.002255
1.000498
1.000099
1.000018
1.000001
1.000000
1.000000
1.000000
1.000000
1.000000
1.000000
1.000000
1.000000
1.000000
1.000000
1.000000
1.000000
1.000000
1.000013
1.000108
1.000739
1.004159
1.018492
1.062302
1.153511
1.280900
1.417715
1.540031
1.634092
1.696973
1.733612
1.751972
1.757983
1.749370
1.705248
1.583401
1.381169
1.187463
1.072275
1.023203
1.006446
1.001580
1.000347
1.000068
1.000011
1.000000
1.000000
1.000000
1.000000
1.000000
1.000000
1.000000
1.000000
1.000000
1.000000
1.000000
1.000000
1.000000
1.000000
1.000007
1.000062
1.000448
1.002533
1.011445
1.039474
1.100029
1.186886
1.280856
1.363793
1.425644
1.465197
1.487032
1.497226
1.499509
1.490721
1.453693
1.360709
1.224489
1.107144
1.040979
1.013180
1.003676
1.000902
1.000196
1.000040
1.000005
1.000000
1.000000
1.000000
1.000000
1.000000
1.000000
1.000000
1.000000
1.000000
1.000000
1.000000
1.000000
1.000000
1.000000
1.000000
1.000030
1.000223
1.001273
1.005824
1.020412
1.052628
1.099164
1.148765
1.190973
1.220801
1.238677
1.247868
1.251775
1.252009
1.246072
1.223939
1.172634
1.104427
1.049382
1.018976
1.006153
1.001727
1.000426
1.000091
1.000018
1.000001
1.000000
1.000000
1.000000
1.000000
1.000000
1.000000
1.000000
1.000000
1.000000
1.000000
1.000000
1.000000
1.000000
1.000000
1.000000
1.000014
1.000091
1.000536
1.002475
1.008754
1.022722
1.042690
1.063295
1.079944
1.090971
1.097126
1.100063
1.101189
1.101000
1.098222
1.088537
1.067155
1.040231
1.019084
1.007403
1.002423
1.000684
1.000169
1.000037
1.000005
1.000000
1.000000
1.000000
1.000000
1.000000
1.000000
1.000000
1.000000
1.000000
1.000000
1.000000
1.000000
1.000000
1.000000
1.000000
1.000000
1.000001
1.000030
1.000192
1.000896
1.003185
1.008271
1.015410
1.022508
1.027949
1.031337
1.033107
1.033896
1.034168
1.034044
1.033034
1.029636
1.022326
1.013362
1.006377
1.002495
1.000823
1.000233
1.000056
1.000011
1.000000
1.000000
1.000000
1.000000
1.000000
1.000000
1.000000
1.000000
1.000000
1.000000
1.000000
1.000000
1.000000
1.000000
1.000000
1.000000
1.000000
1.000000
1.000011
1.000059
1.000280
1.001002
1.002600
1.004800
1.006913
1.008462
1.009376
1.009827
1.010018
1.010078
1.010029
1.009720
1.008701
1.006536
1.003917
1.001879
1.000740
1.000244
1.000069
1.000016
1.000001
1.000000
1.000000
1.000000
1.000000
1.000000
1.000000
1.000000
1.000000
1.000000
1.000000
1.000000
1.000000
1.000000
1.000000
1.000000
1.000000
1.000000
1.000000
1.000000
1.000015
1.000077
1.000277
1.000719
1.001316
1.001874
1.002268
1.002490
1.002596
1.002639
1.002653
1.002636
1.002553
1.002283
1.001713
1.001027
1.000494
1.000195
1.000064
1.000017
1.000002
1.000000
1.000000
1.000000
1.000000
1.000000
1.000000
1.000000
1.000000
1.000000
1.000000
1.000000
1.000000
1.000000
1.000000
1.000000
1.000000
1.000000
1.000000
1.000000
1.000000
1.000001
1.000017
1.000067
1.000176
1.000321
1.000454
1.000544
1.000594
1.000617
1.000627
1.000629
1.000625
1.000605
1.000540
1.000405
1.000242
1.000116
1.000046
1.000013
1.000001
1.000000
1.000000
1.000000
1.000000
1.000000
1.000000
1.000000
1.000000
1.000000
1.000000
1.000000
1.000000
1.000000
1.000000
1.000000
1.000000
1.000000
1.000000
1.000000
1.000000
1.000000
1.000000
1.000002
1.000012
1.000036
1.000067
1.000097
1.000116
1.000129
1.000133
1.000134
1.000134
1.000134
1.000129
1.000115
1.000087
1.000052
1.000022
1.000006
1.000000
1.000000
1.000000
1.000000
1.000000
1.000000
1.000000
1.000000
1.000000
1.000000
1.000000
1.000000
1.000000
1.000000
1.000000
1.000000
1.000000
1.000000
1.000000
1.000000
1.000000
1.000000
1.000000
1.000000
1.000000
1.000000
1.000006
1.000012
1.000017
1.000021
1.000023
1.000024
1.000024
1.000024
1.000024
1.000023
1.000020
1.000013
1.000007
1.000002
1.000000
1.000000
1.000000
1.000000
1.000000
1.000000
1.000000
1.000000
1.000000
1.000000
1.000000
1.000000
1.000000
1.000000
1.000000
1.000000
1.000000
1.000000
1.000000
1.000000
1.000000
1.000000
1.000000
1.000000
1.000000
1.000000
1.000000
1.000000
1.000000
1.000001
1.000002
1.000002
1.000003
1.000003
1.000003
1.000003
1.000002
1.000002
1.000000
1.000000
1.000000
1.000000
1.000000
1.000000
1.000000
1.000000
1.000000
1.000000
1.000000
1.000000
1.000000
1.000000
1.000000
1.000000
1.000000
1.000000
1.000000
1.000000
1.000000
1.000000
1.000000
1.000000
1.000000
1.000000
1.000000
1.000000
1.000000
1.000000
1.000000
1.000000
1.000000
1.000000
1.000000
1.000000
1.000000
1.000000
1.000000
1.000000
1.000000
1.000000
1.000000
1.000000
1.000000
1.000000
1.000000
1.000000
1.000000
1.000000
1.000000
1.000000
1.000000
1.000000
1.000000
1.000000
1.000000
1.000000
1.000000
1.000000
1.000000
1.000000
1.000000
1.000000
1.000000
1.000000
1.000000
1.000000
1.000000
1.000000
1.000000
1.000000
1.000000
1.000000
1.000000
1.000000
1.000000
1.000000
1.000000
1.000000
1.000000
1.000000
1.000000
1.000000
1.000000
1.000000
1.000000
1.000000
1.000000
1.000000
1.000000
1.000000
1.000000
1.000000
1.000000
1.000000
1.000000
1.000000
1.000000
1.000000
1.000000
1.000000
1.000000
1.000000
1.000000
1.000000
1.000000
1.000000
1.000000
1.000000
1.000000
1.000000
1.000000
1.000000
1.000000
1.000000
1.000000
1.000000
1.000000
1.000000
1.000000
1.000000
1.000000
1.000000
1.000000
1.000000
1.000000
1.000000
1.000000
1.000000
1.000000
1.000000
1.000000
1.000000
1.000000
1.000000
1.000000
1.000000
1.000000
1.000000
1.000000
1.000000
1.000000
1.000000
1.000000
1.000000
1.000000
1.000000
1.000000
1.000000
1.000000
1.000000
1.000000
1.000000
1.000000
1.000000
1.000000
1.000000
1.000000
1.000000
1.000000
1.000000
1.000000
1.000000
1.000000
1.000000
1.000000
1.000000
1.000000
1.000000
1.000000
1.000000
1.000000
1.000000
1.000000
1.000000
1.000000
1.000000
1.000000
1.000000
1.000000
1.000000
1.000000
1.000000
1.000000
1.000000
1.000000
1.000000
1.000000
1.000000
1.000000
1.000000
1.000000
1.000000
1.000000
1.000000
1.000000
1.000000
1.000000
1.000000
1.000000
1.000000
1.000000
1.000000
1.000000
1.000000
1.000000
1.000000
1.000000
1.000000
1.000000
1.000000
1.000000
1.000000
1.000000
1.000000
1.000000
1.000000
1.000000
1.000000
1.000000
1.000000
1.000000
1.000000
1.000000
1.000000
1.000000
1.000000
1.000000
1.000000
1.000000
1.000000
1.000000
1.000000
1.000000
1.000000
1.000000
1.000000
1.000000
1.000000
1.000000
1.000000
1.000000
1.000000
1.000000
1.000000
1.000000
1.000000
1.000000
1.000000
1.000000
1.000000
1.000000
1.000000
1.000000
1.000000
1.000000
1.000000
1.000000
1.000000
1.000000
1.000000
1.000000
1.000000
1.000000
1.000000
1.000000
1.000000
1.000000
1.000000
1.000000
1.000000
1.000000
1.000000
1.000000
1.000000
1.000000
1.000000
1.000000
1.000000
1.000000
1.000000
1.000000
1.000000
1.000000
1.000000
1.000000
1.000000
1.000000
1.000000
1.000000
1.000000
1.000000
1.000000
1.000000
1.000000
1.000000
1.000000
1.000000
1.000000
1.000000
1.000000
1.000000
1.000000
1.000000
1.000000
1.000000
1.000000
1.000000
1.000000
1.000000
1.000000
1.000000
1.000000
1.000000
1.000000
1.000000
1.000000
1.000000
1.000000
1.000000
1.000000
1.000000
1.000000
1.000000
1.000000
1.000000
1.000000
1.000000
1.000000
1.000000
1.000000
1.000000
1.000000
1.000000
1.000000
1.000000
1.000000
1.000000
1.000000
1.000000
1.000000
1.000000
1.000000
1.000000
1.000000
1.000000
1.000000
