1.000000
1.000000
1.000000
1.000000
1.000000
1.000000
1.000000
1.000000
1.000000
1.000000
1.000000
1.000000
1.000000
1.000000
1.000000
1.000000
1.000000
1.000000
1.000000
1.000000
1.000000
1.000000
1.000000
1.000000
1.000000
1.000000
1.000000
1.000000
1.000000
1.000000
1.000000
1.000000
1.000000
1.000000
1.000000
1.000000
1.000000
1.000000
1.000000
1.000000
1.000000
1.000000
1.000000
1.000000
1.000000
1.000000
1.000000
1.000000
1.000000
1.000000
1.000000
1.000000
1.000000
1.000000
1.000000
1.000000
1.000000
1.000000
1.000000
1.000000
1.000000
1.000000
1.000000
1.000000
1.000000
1.000000
1.000000
1.000000
1.000000
1.000000
1.000000
1.000000
1.000000
1.000000
1.000000
1.000000
1.000000
1.000000
1.000000
1.000000
1.000000
1.000000
1.000000
1.000000
1.000000
1.000000
1.000000
1.000000
1.000000
1.000000
1.000000
1.000000
1.000000
1.000000
1.000000
1.000000
1.000000
1.000000
1.000000
1.000000
1.000000
1.000000
1.000000
1.000000
1.000000
1.000000
1.000000
1.000000
1.000000
1.000000
1.000000
1.000000
1.000000
1.000000
1.000000
1.000000
1.000000
1.000000
1.000000
1.000000
1.000000
1.000000
1.000000
1.000000
1.000000
1.000000
1.000000
1.000000
1.000000
1.000000
1.000000
1.000000
1.000000
1.000000
1.000000
1.000000
1.000000
1.000000
1.000000
1.000000
1.000000
1.000000
1.000000
1.000000
1.000000
1.000000
1.000000
1.000000
1.000000
1.000000
1.000000
1.000000
1.000000
1.000000
1.000000
1.000000
1.000000
1.000000
1.000000
1.000000
1.000000
1.000000
1.000000
1.000000
1.000000
1.000000
1.000000
1.000000
1.000000
1.000000
1.000000
1.000000
1.000000
1.000000
1.000000
1.000000
1.000000
1.000000
1.000000
1.000000
1.000000
1.000000
1.000000
1.000000
1.000000
1.000000
1.000000
1.000000
1.000000
1.000000
1.000000
1.000000
1.000000
1.000000
1.000000
1.000000
1.000000
1.000000
1.000000
1.000000
1.000000
1.000000
1.000000
1.000000
1.000000
1.000000
1.000000
1.000000
1.000000
1.000000
1.000000
1.000000
1.000000
1.000000
1.000000
1.000000
1.000000
1.000000
1.000000
1.000000
1.000000
1.000000
1.000000
1.000000
1.000000
1.000000
1.000000
1.000000
1.000000
1.000000
1.000000
1.000000
1.000000
1.000000
1.000000
1.000000
1.000000
1.000000
1.000000
1.000000
1.000000
1.000000
1.000000
1.000000
1.000000
1.000000
1.000000
1.000000
1.000000
1.000000
1.000000
1.000000
1.000000
1.000000
1.000000
1.000010
1.000013
1.000027
1.000040
1.000055
1.000059
1.000060
1.000060
1.000060
1.000060
1.000058
1.000050
1.000040
1.000026
1.000013
1.000000
1.000000
1.000000
1.000000
1.000000
1.000000
1.000000
1.000000
1.000000
1.000000
1.000000
1.000000
1.000000
1.000000
1.000000
1.000000
1.000000
1.000000
1.000000
1.000000
1.000000
1.000000
1.000000
1.000000
1.000000
1.000013
1.000085
1.000216
1.000382
1.000515
1.000599
1.000638
1.000654
1.000661
1.000663
1.000659
1.000642
1.000577
1.000446
1.000277
1.000139
1.000058
1.000021
1.000007
1.000000
1.000000
1.000000
1.000000
1.000000
1.000000
1.000000
1.000000
1.000000
1.000000
1.000000
1.000000
1.000000
1.000000
1.000000
1.000000
1.000000
1.000000
1.000000
1.000000
1.000008
1.000047
1.000216
1.000743
1.001818
1.003137
1.004233
1.004922
1.005267
1.005411
1.005459
1.005476
1.005447
1.005306
1.004833
1.003770
1.002379
1.001206
1.000500
1.000173
1.000052
1.000013
1.000000
1.000000
1.000000
1.000000
1.000000
1.000000
1.000000
1.000000
1.000000
1.000000
1.000000
1.000000
1.000000
1.000000
1.000000
1.000000
1.000000
1.000000
1.000012
1.000052
1.000293
1.001313
1.004409
1.010602
1.018111
1.024423
1.028468
1.030564
1.031474
1.031812
1.031898
1.031773
1.031054
1.028540
1.022675
1.014626
1.007542
1.003156
1.001098
1.000325
1.000082
1.000018
1.000004
1.000000
1.000000
1.000000
1.000000
1.000000
1.000000
1.000000
1.000000
1.000000
1.000000
1.000000
1.000000
1.000000
1.000000
1.000000
1.000000
1.000025
1.000206
1.001157
1.005087
1.016687
1.039086
1.065803
1.088499
1.103579
1.111830
1.115660
1.117191
1.117660
1.117370
1.115217
1.107319
1.087730
1.058489
1.030903
1.013098
1.004579
1.001357
1.000348
1.000077
1.000018
1.000003
1.000000
1.000000
1.000000
1.000000
1.000000
1.000000
1.000000
1.000000
1.000000
1.000000
1.000000
1.000000
1.000000
1.000000
1.000013
1.000068
1.000468
1.002602
1.011316
1.036566
1.084231
1.141000
1.190503
1.225102
1.245372
1.255565
1.260017
1.261613
1.261384
1.257535
1.242572
1.203236
1.139463
1.075013
1.031907
1.011102
1.003265
1.000831
1.000188
1.000041
1.000009
1.000000
1.000000
1.000000
1.000000
1.000000
1.000000
1.000000
1.000000
1.000000
1.000000
1.000000
1.000000
1.000000
1.000000
1.000013
1.000110
1.000740
1.004116
1.017844
1.057346
1.131461
1.220914
1.301729
1.361335
1.398692
1.418965
1.428581
1.432449
1.432821
1.427621
1.405894
1.345916
1.241978
1.131136
1.055413
1.019027
1.005522
1.001389
1.000312
1.000064
1.000013
1.000000
1.000000
1.000000
1.000000
1.000000
1.000000
1.000000
1.000000
1.000000
1.000000
1.000000
1.000000
1.000000
1.000000
1.000017
1.000139
1.000946
1.005267
1.022867
1.073598
1.169324
1.287338
1.397985
1.483773
1.540825
1.573875
1.590670
1.598022
1.599653
1.593644
1.566190
1.487422
1.344258
1.186219
1.077614
1.026182
1.007475
1.001858
1.000412
1.000083
1.000016
1.000001
1.000000
1.000000
1.000000
1.000000
1.000000
1.000000
1.000000
1.000000
1.000000
1.000000
1.000000
1.000000
1.000000
1.000019
1.000156
1.001070
1.005953
1.025935
1.083850
1.194290
1.333498
1.468430
1.577554
1.653730
1.700228
1.725170
1.736780
1.740180
1.733836
1.701743
1.607013
1.429655
1.230570
1.094531
1.031333
1.008814
1.002166
1.000476
1.000096
1.000018
1.000002
1.000000
1.000000
1.000000
1.000000
1.000000
1.000000
1.000000
1.000000
1.000000
1.000000
1.000000
1.000000
1.000000
1.000020
1.000166
1.001127
1.006292
1.027491
1.089282
1.208314
1.361138
1.513214
1.640279
1.732325
1.790774
1.823415
1.839280
1.844583
1.838202
1.802472
1.695015
1.490789
1.260714
1.105298
1.034409
1.009572
1.002334
1.000508
1.000101
1.000019
1.000002
1.000000
1.000000
1.000000
1.000000
1.000000
1.000000
1.000000
1.000000
1.000000
1.000000
1.000000
1.000000
1.000000
1.000020
1.000168
1.001149
1.006433
1.028167
1.091765
1.215163
1.375628
1.538253
1.677281
1.780660
1.848153
1.886922
1.906322
1.913279
1.906975
1.868550
1.751767
1.528695
1.278286
1.111147
1.035975
1.009937
1.002411
1.000523
1.000103
1.000019
1.000002
1.000000
1.000000
1.000000
1.000000
1.000000
1.000000
1.000000
1.000000
1.000000
1.000000
1.000000
1.000000
1.000000
1.000020
1.000169
1.001158
1.006484
1.028423
1.092758
1.218106
1.382339
1.550654
1.696635
1.807017
1.880389
1.923302
1.945175
1.953321
1.947097
1.906844
1.783921
1.549186
1.287170
1.113901
1.036666
1.010090
1.002441
1.000528
1.000103
1.000019
1.000002
1.000000
1.000000
1.000000
1.000000
1.000000
1.000000
1.000000
1.000000
1.000000
1.000000
1.000000
1.000000
1.000000
1.000020
1.000169
1.001159
1.006499
1.028495
1.093073
1.219166
1.385020
1.556022
1.705534
1.819680
1.896350
1.941668
1.965011
1.973874
1.967693
1.926321
1.799807
1.558730
1.290977
1.114975
1.036910
1.010138
1.002451
1.000529
1.000103
1.000019
1.000002
1.000000
1.000000
1.000000
1.000000
1.000000
1.000000
1.000000
1.000000
1.000000
1.000000
1.000000
1.000000
1.000000
1.000020
1.000168
1.001154
1.006472
1.028390
1.092830
1.218894
1.385113
1.557039
1.707978
1.823772
1.901958
1.948413
1.972461
1.981664
1.975461
1.933408
1.804910
1.560845
1.291147
1.114745
1.036775
1.010093
1.002436
1.000525
1.000103
1.000019
1.000002
1.000000
1.000000
1.000000
1.000000
1.000000
1.000000
1.000000
1.000000
1.000000
1.000000
1.000000
1.000000
1.000000
1.000019
1.000160
1.001112
1.006260
1.027569
1.090554
1.214621
1.379071
1.549782
1.700026
1.815480
1.893507
1.939874
1.963853
1.972965
1.966508
1.923664
1.793562
1.549020
1.282709
1.110780
1.035393
1.009696
1.002338
1.000506
1.000098
1.000018
1.000002
1.000000
1.000000
1.000000
1.000000
1.000000
1.000000
1.000000
1.000000
1.000000
1.000000
1.000000
1.000000
1.000000
1.000017
1.000142
1.000961
1.005454
1.024294
1.081096
1.195791
1.350630
1.512990
1.656335
1.766232
1.840001
1.883383
1.905487
1.913456
1.905948
1.861266
1.729326
1.491676
1.246461
1.094926
1.030073
1.008206
1.001974
1.000427
1.000082
1.000014
1.000000
1.000000
1.000000
1.000000
1.000000
1.000000
1.000000
1.000000
1.000000
1.000000
1.000000
1.000000
1.000000
1.000000
1.000012
1.000099
1.000695
1.003990
1.018080
1.061882
1.153971
1.282231
1.418834
1.539488
1.630824
1.690725
1.724865
1.741539
1.746605
1.737415
1.692187
1.567617
1.364562
1.175596
1.066348
1.020891
1.005690
1.001366
1.000294
1.000057
1.000009
1.000000
1.000000
1.000000
1.000000
1.000000
1.000000
1.000000
1.000000
1.000000
1.000000
1.000000
1.000000
1.000000
1.000000
1.000005
1.000056
1.000413
1.002391
1.011009
1.038570
1.098704
1.184631
1.276631
1.356624
1.415157
1.451761
1.471470
1.480405
1.482103
1.473182
1.436215
1.343553
1.210326
1.098516
1.036985
1.011675
1.003193
1.000768
1.000163
1.000032
1.000004
1.000000
1.000000
1.000000
1.000000
1.000000
1.000000
1.000000
1.000000
1.000000
1.000000
1.000000
1.000000
1.000000
1.000000
1.000000
1.000026
1.000202
1.001179
1.005495
1.019555
1.050890
1.095899
1.143243
1.182803
1.210150
1.226138
1.234141
1.237434
1.237464
1.231713
1.210332
1.160719
1.095806
1.044545
1.016816
1.005353
1.001473
1.000355
1.000074
1.000014
1.000000
1.000000
1.000000
1.000000
1.000000
1.000000
1.000000
1.000000
1.000000
1.000000
1.000000
1.000000
1.000000
1.000000
1.000000
1.000000
1.000012
1.000080
1.000486
1.002286
1.008209
1.021497
1.040354
1.059516
1.074690
1.084505
1.089844
1.092323
1.093239
1.093017
1.090423
1.081339
1.061203
1.036179
1.016888
1.006437
1.002067
1.000572
1.000138
1.000029
1.000004
1.000000
1.000000
1.000000
1.000000
1.000000
1.000000
1.000000
1.000000
1.000000
1.000000
1.000000
1.000000
1.000000
1.000000
1.000000
1.000000
1.000000
1.000026
1.000170
1.000810
1.002921
1.007651
1.014237
1.020677
1.025511
1.028451
1.029947
1.030597
1.030812
1.030690
1.029774
1.026665
1.019938
1.011781
1.005533
1.002127
1.000688
1.000190
1.000045
1.000008
1.000000
1.000000
1.000000
1.000000
1.000000
1.000000
1.000000
1.000000
1.000000
1.000000
1.000000
1.000000
1.000000
1.000000
1.000000
1.000000
1.000000
1.000000
1.000008
1.000051
1.000248
1.000899
1.002351
1.004335
1.006207
1.007551
1.008326
1.008699
1.008851
1.008898
1.008854
1.008580
1.007669
1.005719
1.003384
1.001597
1.000617
1.000200
1.000055
1.000012
1.000000
1.000000
1.000000
1.000000
1.000000
1.000000
1.000000
1.000000
1.000000
1.000000
1.000000
1.000000
1.000000
1.000000
1.000000
1.000000
1.000000
1.000000
1.000000
1.000000
1.000013
1.000066
1.000242
1.000635
1.001161
1.001645
1.001979
1.002163
1.002247
1.002282
1.002293
1.002277
1.002206
1.001970
1.001467
1.000869
1.000411
1.000159
1.000051
1.000012
1.000000
1.000000
1.000000
1.000000
1.000000
1.000000
1.000000
1.000000
1.000000
1.000000
1.000000
1.000000
1.000000
1.000000
1.000000
1.000000
1.000000
1.000000
1.000000
1.000000
1.000000
1.000000
1.000015
1.000057
1.000152
1.000276
1.000389
1.000463
1.000504
1.000523
1.000530
1.000532
1.000528
1.000511
1.000456
1.000339
1.000201
1.000094
1.000036
1.000009
1.000000
1.000000
1.000000
1.000000
1.000000
1.000000
1.000000
1.000000
1.000000
1.000000
1.000000
1.000000
1.000000
1.000000
1.000000
1.000000
1.000000
1.000000
1.000000
1.000000
1.000000
1.000000
1.000000
1.000000
1.000010
1.000030
1.000056
1.000081
1.000098
1.000106
1.000109
1.000110
1.000111
1.000110
1.000107
1.000095
1.000071
1.000042
1.000017
1.000004
1.000000
1.000000
1.000000
1.000000
1.000000
1.000000
1.000000
1.000000
1.000000
1.000000
1.000000
1.000000
1.000000
1.000000
1.000000
1.000000
1.000000
1.000000
1.000000
1.000000
1.000000
1.000000
1.000000
1.000000
1.000000
1.000000
1.000005
1.000009
1.000013
1.000016
1.000018
1.000018
1.000018
1.000018
1.000018
1.000017
1.000015
1.000010
1.000005
1.000001
1.000000
1.000000
1.000000
1.000000
1.000000
1.000000
1.000000
1.000000
1.000000
1.000000
1.000000
1.000000
1.000000
1.000000
1.000000
1.000000
1.000000
1.000000
1.000000
1.000000
1.000000
1.000000
1.000000
1.000000
1.000000
1.000000
1.000000
1.000000
1.000000
1.000000
1.000001
1.000001
1.000001
1.000001
1.000001
1.000001
1.000001
1.000000
1.000000
1.000000
1.000000
1.000000
1.000000
1.000000
1.000000
1.000000
1.000000
1.000000
1.000000
1.000000
1.000000
1.000000
1.000000
1.000000
1.000000
1.000000
1.000000
1.000000
1.000000
1.000000
1.000000
1.000000
1.000000
1.000000
1.000000
1.000000
1.000000
1.000000
1.000000
1.000000
1.000000
1.000000
1.000000
1.000000
1.000000
1.000000
1.000000
1.000000
1.000000
1.000000
1.000000
1.000000
1.000000
1.000000
1.000000
1.000000
1.000000
1.000000
1.000000
1.000000
1.000000
1.000000
1.000000
1.000000
1.000000
1.000000
1.000000
1.000000
1.000000
1.000000
1.000000
1.000000
1.000000
1.000000
1.000000
1.000000
1.000000
1.000000
1.000000
1.000000
1.000000
1.000000
1.000000
1.000000
1.000000
1.000000
1.000000
1.000000
1.000000
1.000000
1.000000
1.000000
1.000000
1.000000
1.000000
1.000000
1.000000
1.000000
1.000000
1.000000
1.000000
1.000000
1.000000
1.000000
1.000000
1.000000
1.000000
1.000000
1.000000
1.000000
1.000000
1.000000
1.000000
1.000000
1.000000
1.000000
1.000000
1.000000
1.000000
1.000000
1.000000
1.000000
1.000000
1.000000
1.000000
1.000000
1.000000
1.000000
1.000000
1.000000
1.000000
1.000000
1.000000
1.000000
1.000000
1.000000
1.000000
1.000000
1.000000
1.000000
1.000000
1.000000
1.000000
1.000000
1.000000
1.000000
1.000000
1.000000
1.000000
1.000000
1.000000
1.000000
1.000000
1.000000
1.000000
1.000000
1.000000
1.000000
1.000000
1.000000
1.000000
1.000000
1.000000
1.000000
1.000000
1.000000
1.000000
1.000000
1.000000
1.000000
1.000000
1.000000
1.000000
1.000000
1.000000
1.000000
1.000000
1.000000
1.000000
1.000000
1.000000
1.000000
1.000000
1.000000
1.000000
1.000000
1.000000
1.000000
1.000000
1.000000
1.000000
1.000000
1.000000
1.000000
1.000000
1.000000
1.000000
1.000000
1.000000
1.000000
1.000000
1.000000
1.000000
1.000000
1.000000
1.000000
1.000000
1.000000
1.000000
1.000000
1.000000
1.000000
1.000000
1.000000
1.000000
1.000000
1.000000
1.000000
1.000000
1.000000
1.000000
1.000000
1.000000
1.000000
1.000000
1.000000
1.000000
1.000000
1.000000
1.000000
1.000000
1.000000
1.000000
1.000000
1.000000
1.000000
1.000000
1.000000
1.000000
1.000000
1.000000
1.000000
1.000000
1.000000
1.000000
1.000000
1.000000
1.000000
1.000000
1.000000
1.000000
1.000000
1.000000
1.000000
1.000000
1.000000
1.000000
1.000000
1.000000
1.000000
1.000000
1.000000
1.000000
1.000000
1.000000
1.000000
1.000000
1.000000
1.000000
1.000000
1.000000
1.000000
1.000000
1.000000
1.000000
1.000000
1.000000
1.000000
1.000000
1.000000
1.000000
1.000000
1.000000
1.000000
1.000000
1.000000
1.000000
1.000000
1.000000
1.000000
1.000000
1.000000
1.000000
1.000000
1.000000
1.000000
1.000000
1.000000
1.000000
1.000000
1.000000
1.000000
1.000000
1.000000
1.000000
1.000000
1.000000
1.000000
1.000000
1.000000
1.000000
1.000000
1.000000
1.000000
1.000000
1.000000
1.000000
1.000000
1.000000
1.000000
1.000000
1.000000
1.000000
1.000000
1.000000
1.000000
1.000000
1.000000
1.000000
1.000000
1.000000
1.000000
1.000000
1.000000
1.000000
1.000000
1.000000
1.000000
1.000000
1.000000
1.000000
1.000000
1.000000
1.000000
1.000000
1.000000
1.000000
1.000000
1.000000
1.000000
1.000000
1.000000
1.000000
1.000000
1.000000
1.000000
