1.000000
1.000000
1.000000
1.000000
1.000000
1.000000
1.000000
1.000000
1.000000
1.000000
1.000000
1.000000
1.000000
1.000000
1.000000
1.000000
1.000000
1.000000
1.000000
1.000000
1.000000
1.000000
1.000000
1.000000
1.000000
1.000000
1.000000
1.000000
1.000000
1.000000
1.000000
1.000000
1.000000
1.000000
1.000000
1.000000
1.000000
1.000000
1.000000
1.000000
1.000000
1.000000
1.000000
1.000000
1.000000
1.000000
1.000000
1.000000
1.000000
1.000000
1.000000
1.000000
1.000000
1.000000
1.000000
1.000000
1.000000
1.000000
1.000000
1.000000
1.000000
1.000000
1.000000
1.000000
1.000000
1.000000
1.000000
1.000000
1.000000
1.000000
1.000000
1.000000
1.000000
1.000000
1.000000
1.000000
1.000000
1.000000
1.000000
1.000000
1.000000
1.000000
1.000000
1.000000
1.000000
1.000000
1.000000
1.000000
1.000000
1.000000
1.000000
1.000000
1.000000
1.000000
1.000000
1.000000
1.000000
1.000000
1.000000
1.000000
1.000000
1.000000
1.000000
1.000000
1.000000
1.000000
1.000000
1.000000
1.000000
1.000000
1.000000
1.000000
1.000000
1.000000
1.000000
1.000000
1.000000
1.000000
1.000000
1.000000
1.000000
1.000000
1.000000
1.000000
1.000000
1.000000
1.000000
1.000000
1.000000
1.000000
1.000000
1.000000
1.000000
1.000000
1.000000
1.000000
1.000000
1.000000
1.000000
1.000000
1.000000
1.000000
1.000000
1.000000
1.000000
1.000000
1.000000
1.000000
1.000000
1.000000
1.000000
1.000000
1.000000
1.000000
1.000000
1.000000
1.000000
1.000000
1.000000
1.000000
1.000000
1.000000
1.000000
1.000000
1.000000
1.000000
1.000000
1.000000
1.000000
1.000000
1.000000
1.000000
1.000000
1.000000
1.000000
1.000000
1.000000
1.000000
1.000000
1.000000
1.000000
1.000000
1.000000
1.000000
1.000000
1.000000
1.000000
1.000000
1.000000
1.000000
1.000000
1.000000
1.000000
1.000000
1.000000
1.000000
1.000000
1.000000
1.000000
1.000000
1.000000
1.000000
1.000000
1.000000
1.000000
1.000000
1.000000
1.000000
1.000000
1.000000
1.000000
1.000000
1.000000
1.000000
1.000000
1.000000
1.000000
1.000000
1.000000
1.000000
1.000000
1.000000
1.000000
1.000000
1.000000
1.000000
1.000000
1.000000
1.000000
1.000000
1.000000
1.000000
1.000000
1.000000
1.000000
1.000000
1.000000
1.000000
1.000000
1.000000
1.000000
1.000000
1.000000
1.000000
1.000000
1.000000
1.000000
1.000000
1.000000
1.000000
1.000000
1.000000
1.000000
1.000000
1.000000
1.000010
1.000013
1.000027
1.000040
1.000057
1.000063
1.000064
1.000064
1.000064
1.000064
1.000062
1.000054
1.000042
1.000029
1.000015
1.000002
1.000000
1.000000
1.000000
1.000000
1.000000
1.000000
1.000000
1.000000
1.000000
1.000000
1.000000
1.000000
1.000000
1.000000
1.000000
1.000000
1.000000
1.000000
1.000000
1.000000
1.000000
1.000000
1.000000
1.000000
1.000013
1.000085
1.000216
1.000384
1.000519
1.000608
1.000650
1.000667
1.000677
1.000679
1.000675
1.000658
1.000592
1.000462
1.000293
1.000151
1.000064
1.000023
1.000009
1.000000
1.000000
1.000000
1.000000
1.000000
1.000000
1.000000
1.000000
1.000000
1.000000
1.000000
1.000000
1.000000
1.000000
1.000000
1.000000
1.000000
1.000000
1.000000
1.000000
1.000010
1.000049
1.000218
1.000731
1.001766
1.003049
1.004140
1.004841
1.005203
1.005359
1.005414
1.005432
1.005404
1.005263
1.004804
1.003786
1.002435
1.001267
1.000541
1.000193
1.000059
1.000015
1.000001
1.000000
1.000000
1.000000
1.000000
1.000000
1.000000
1.000000
1.000000
1.000000
1.000000
1.000000
1.000000
1.000000
1.000000
1.000000
1.000000
1.000000
1.000013
1.000054
1.000297
1.001287
1.004224
1.010027
1.017140
1.023240
1.027245
1.029377
1.030329
1.030693
1.030791
1.030672
1.029978
1.027604
1.022141
1.014554
1.007703
1.003322
1.001194
1.000366
1.000097
1.000021
1.000006
1.000000
1.000000
1.000000
1.000000
1.000000
1.000000
1.000000
1.000000
1.000000
1.000000
1.000000
1.000000
1.000000
1.000000
1.000000
1.000000
1.000027
1.000210
1.001146
1.004900
1.015723
1.036401
1.061325
1.082886
1.097523
1.105723
1.109626
1.111229
1.111739
1.111474
1.109430
1.102083
1.084134
1.057100
1.030963
1.013533
1.004891
1.001500
1.000399
1.000091
1.000021
1.000005
1.000000
1.000000
1.000000
1.000000
1.000000
1.000000
1.000000
1.000000
1.000000
1.000000
1.000000
1.000000
1.000000
1.000000
1.000013
1.000072
1.000482
1.002592
1.010957
1.034632
1.078851
1.131985
1.179034
1.212516
1.232530
1.242820
1.247423
1.249120
1.248959
1.245313
1.231388
1.195328
1.136435
1.075401
1.033125
1.011929
1.003634
1.000960
1.000224
1.000049
1.000011
1.000000
1.000000
1.000000
1.000000
1.000000
1.000000
1.000000
1.000000
1.000000
1.000000
1.000000
1.000000
1.000000
1.000000
1.000014
1.000117
1.000770
1.004145
1.017462
1.054865
1.124239
1.208545
1.285689
1.343472
1.380333
1.400745
1.410645
1.414733
1.415249
1.410353
1.390100
1.334959
1.238681
1.133153
1.058225
1.020715
1.006229
1.001624
1.000377
1.000079
1.000017
1.000002
1.000000
1.000000
1.000000
1.000000
1.000000
1.000000
1.000000
1.000000
1.000000
1.000000
1.000000
1.000000
1.000000
1.000019
1.000151
1.000994
1.005361
1.022611
1.071106
1.161486
1.273499
1.379684
1.463162
1.519601
1.552933
1.570248
1.578025
1.579936
1.574355
1.548755
1.476144
1.342966
1.191366
1.082670
1.028914
1.008553
1.002204
1.000506
1.000106
1.000022
1.000003
1.000000
1.000000
1.000000
1.000000
1.000000
1.000000
1.000000
1.000000
1.000000
1.000000
1.000000
1.000000
1.000000
1.000021
1.000171
1.001133
1.006111
1.025850
1.081641
1.186661
1.319629
1.449840
1.556548
1.632254
1.679373
1.705223
1.717577
1.721466
1.715708
1.685790
1.598217
1.432380
1.239745
1.101968
1.035037
1.010208
1.002598
1.000590
1.000123
1.000025
1.000004
1.000000
1.000000
1.000000
1.000000
1.000000
1.000000
1.000000
1.000000
1.000000
1.000000
1.000000
1.000000
1.000000
1.000022
1.000183
1.001202
1.006492
1.027547
1.087388
1.201181
1.347913
1.495423
1.620333
1.712335
1.771947
1.806035
1.823066
1.829134
1.823515
1.790206
1.690522
1.498428
1.273839
1.114740
1.038844
1.011183
1.002820
1.000636
1.000131
1.000026
1.000004
1.000000
1.000000
1.000000
1.000000
1.000000
1.000000
1.000000
1.000000
1.000000
1.000000
1.000000
1.000000
1.000000
1.000022
1.000186
1.001228
1.006657
1.028309
1.090096
1.208471
1.363124
1.521534
1.658868
1.762786
1.832094
1.872914
1.893946
1.901965
1.896594
1.860735
1.751959
1.540876
1.294520
1.121975
1.040864
1.011672
1.002929
1.000656
1.000134
1.000026
1.000004
1.000000
1.000000
1.000000
1.000000
1.000000
1.000000
1.000000
1.000000
1.000000
1.000000
1.000000
1.000000
1.000000
1.000022
1.000186
1.001240
1.006721
1.028607
1.091214
1.211698
1.370366
1.534814
1.679565
1.791057
1.866854
1.912372
1.936295
1.945768
1.940614
1.902979
1.788024
1.564740
1.305429
1.125530
1.041795
1.011885
1.002972
1.000665
1.000135
1.000026
1.000004
1.000000
1.000000
1.000000
1.000000
1.000000
1.000000
1.000000
1.000000
1.000000
1.000000
1.000000
1.000000
1.000000
1.000022
1.000187
1.001241
1.006738
1.028697
1.091588
1.212907
1.373357
1.540744
1.689377
1.805069
1.884629
1.932970
1.958678
1.969064
1.964042
1.925282
1.806571
1.576365
1.310342
1.126997
1.042146
1.011958
1.002988
1.000667
1.000135
1.000026
1.000004
1.000000
1.000000
1.000000
1.000000
1.000000
1.000000
1.000000
1.000000
1.000000
1.000000
1.000000
1.000000
1.000000
1.000022
1.000186
1.001236
1.006713
1.028599
1.091380
1.212731
1.373650
1.542123
1.692411
1.810036
1.891413
1.941161
1.967772
1.978617
1.973623
1.934155
1.813289
1.579623
1.311010
1.126891
1.042027
1.011911
1.002971
1.000662
1.000134
1.000026
1.000004
1.000000
1.000000
1.000000
1.000000
1.000000
1.000000
1.000000
1.000000
1.000000
1.000000
1.000000
1.000000
1.000000
1.000021
1.000178
1.001194
1.006503
1.027810
1.089253
1.208807
1.368177
1.535664
1.685503
1.803039
1.884487
1.934324
1.960982
1.971798
1.966570
1.926290
1.803668
1.568903
1.302798
1.122793
1.040529
1.011464
1.002857
1.000639
1.000129
1.000025
1.000004
1.000000
1.000000
1.000000
1.000000
1.000000
1.000000
1.000000
1.000000
1.000000
1.000000
1.000000
1.000000
1.000000
1.000018
1.000158
1.001041
1.005715
1.024715
1.080537
1.191707
1.342519
1.502615
1.646387
1.759032
1.836684
1.883792
1.908672
1.918359
1.912068
1.869905
1.744991
1.514930
1.267020
1.106397
1.034805
1.009803
1.002437
1.000545
1.000110
1.000020
1.000002
1.000000
1.000000
1.000000
1.000000
1.000000
1.000000
1.000000
1.000000
1.000000
1.000000
1.000000
1.000000
1.000000
1.000013
1.000114
1.000767
1.004259
1.018730
1.062528
1.153197
1.280026
1.416893
1.540107
1.635719
1.700346
1.738488
1.757888
1.764500
1.756265
1.712836
1.592661
1.391103
1.194731
1.075978
1.024673
1.006934
1.001720
1.000383
1.000076
1.000013
1.000000
1.000000
1.000000
1.000000
1.000000
1.000000
1.000000
1.000000
1.000000
1.000000
1.000000
1.000000
1.000000
1.000000
1.000007
1.000067
1.000468
1.002619
1.011704
1.039996
1.100775
1.188131
1.283202
1.367835
1.431641
1.472976
1.496128
1.507124
1.509794
1.501120
1.464109
1.371028
1.233154
1.112523
1.043511
1.014150
1.003991
1.000992
1.000219
1.000044
1.000006
1.000000
1.000000
1.000000
1.000000
1.000000
1.000000
1.000000
1.000000
1.000000
1.000000
1.000000
1.000000
1.000000
1.000000
1.000000
1.000032
1.000236
1.001331
1.006023
1.020922
1.053650
1.101075
1.152009
1.195806
1.227154
1.246215
1.256170
1.260484
1.260862
1.254829
1.232269
1.179985
1.109816
1.052451
1.020365
1.006676
1.001896
1.000473
1.000103
1.000021
1.000002
1.000000
1.000000
1.000000
1.000000
1.000000
1.000000
1.000000
1.000000
1.000000
1.000000
1.000000
1.000000
1.000000
1.000000
1.000000
1.000015
1.000098
1.000568
1.002591
1.009086
1.023463
1.044100
1.065584
1.083150
1.094945
1.101628
1.104869
1.106137
1.105977
1.103089
1.093042
1.070903
1.042810
1.020500
1.008034
1.002658
1.000760
1.000190
1.000041
1.000006
1.000000
1.000000
1.000000
1.000000
1.000000
1.000000
1.000000
1.000000
1.000000
1.000000
1.000000
1.000000
1.000000
1.000000
1.000000
1.000000
1.000001
1.000032
1.000206
1.000950
1.003349
1.008654
1.016135
1.023644
1.029472
1.033152
1.035103
1.035988
1.036299
1.036176
1.035107
1.031529
1.023856
1.014385
1.006929
1.002740
1.000914
1.000261
1.000064
1.000013
1.000000
1.000000
1.000000
1.000000
1.000000
1.000000
1.000000
1.000000
1.000000
1.000000
1.000000
1.000000
1.000000
1.000000
1.000000
1.000000
1.000000
1.000000
1.000012
1.000064
1.000301
1.001068
1.002757
1.005094
1.007361
1.009043
1.010050
1.010554
1.010771
1.010840
1.010790
1.010458
1.009370
1.007069
1.004267
1.002066
1.000822
1.000275
1.000079
1.000018
1.000001
1.000000
1.000000
1.000000
1.000000
1.000000
1.000000
1.000000
1.000000
1.000000
1.000000
1.000000
1.000000
1.000000
1.000000
1.000000
1.000000
1.000000
1.000000
1.000000
1.000017
1.000084
1.000299
1.000772
1.001416
1.002023
1.002456
1.002705
1.002824
1.002873
1.002889
1.002872
1.002781
1.002489
1.001875
1.001133
1.000550
1.000219
1.000072
1.000020
1.000003
1.000000
1.000000
1.000000
1.000000
1.000000
1.000000
1.000000
1.000000
1.000000
1.000000
1.000000
1.000000
1.000000
1.000000
1.000000
1.000000
1.000000
1.000000
1.000000
1.000000
1.000002
1.000018
1.000073
1.000192
1.000350
1.000496
1.000598
1.000653
1.000680
1.000692
1.000694
1.000690
1.000668
1.000597
1.000449
1.000271
1.000131
1.000053
1.000015
1.000002
1.000000
1.000000
1.000000
1.000000
1.000000
1.000000
1.000000
1.000000
1.000000
1.000000
1.000000
1.000000
1.000000
1.000000
1.000000
1.000000
1.000000
1.000000
1.000000
1.000000
1.000000
1.000000
1.000002
1.000014
1.000040
1.000075
1.000108
1.000130
1.000144
1.000149
1.000150
1.000150
1.000149
1.000145
1.000130
1.000098
1.000059
1.000027
1.000008
1.000001
1.000000
1.000000
1.000000
1.000000
1.000000
1.000000
1.000000
1.000000
1.000000
1.000000
1.000000
1.000000
1.000000
1.000000
1.000000
1.000000
1.000000
1.000000
1.000000
1.000000
1.000000
1.000000
1.000000
1.000000
1.000000
1.000007
1.000013
1.000020
1.000024
1.000027
1.000028
1.000028
1.000028
1.000028
1.000027
1.000023
1.000015
1.000008
1.000003
1.000000
1.000000
1.000000
1.000000
1.000000
1.000000
1.000000
1.000000
1.000000
1.000000
1.000000
1.000000
1.000000
1.000000
1.000000
1.000000
1.000000
1.000000
1.000000
1.000000
1.000000
1.000000
1.000000
1.000000
1.000000
1.000000
1.000000
1.000000
1.000000
1.000002
1.000003
1.000003
1.000003
1.000003
1.000003
1.000003
1.000003
1.000002
1.000001
1.000000
1.000000
1.000000
1.000000
1.000000
1.000000
1.000000
1.000000
1.000000
1.000000
1.000000
1.000000
1.000000
1.000000
1.000000
1.000000
1.000000
1.000000
1.000000
1.000000
1.000000
1.000000
1.000000
1.000000
1.000000
1.000000
1.000000
1.000000
1.000000
1.000000
1.000000
1.000000
1.000000
1.000000
1.000000
1.000000
1.000000
1.000000
1.000000
1.000000
1.000000
1.000000
1.000000
1.000000
1.000000
1.000000
1.000000
1.000000
1.000000
1.000000
1.000000
1.000000
1.000000
1.000000
1.000000
1.000000
1.000000
1.000000
1.000000
1.000000
1.000000
1.000000
1.000000
1.000000
1.000000
1.000000
1.000000
1.000000
1.000000
1.000000
1.000000
1.000000
1.000000
1.000000
1.000000
1.000000
1.000000
1.000000
1.000000
1.000000
1.000000
1.000000
1.000000
1.000000
1.000000
1.000000
1.000000
1.000000
1.000000
1.000000
1.000000
1.000000
1.000000
1.000000
1.000000
1.000000
1.000000
1.000000
1.000000
1.000000
1.000000
1.000000
1.000000
1.000000
1.000000
1.000000
1.000000
1.000000
1.000000
1.000000
1.000000
1.000000
1.000000
1.000000
1.000000
1.000000
1.000000
1.000000
1.000000
1.000000
1.000000
1.000000
1.000000
1.000000
1.000000
1.000000
1.000000
1.000000
1.000000
1.000000
1.000000
1.000000
1.000000
1.000000
1.000000
1.000000
1.000000
1.000000
1.000000
1.000000
1.000000
1.000000
1.000000
1.000000
1.000000
1.000000
1.000000
1.000000
1.000000
1.000000
1.000000
1.000000
1.000000
1.000000
1.000000
1.000000
1.000000
1.000000
1.000000
1.000000
1.000000
1.000000
1.000000
1.000000
1.000000
1.000000
1.000000
1.000000
1.000000
1.000000
1.000000
1.000000
1.000000
1.000000
1.000000
1.000000
1.000000
1.000000
1.000000
1.000000
1.000000
1.000000
1.000000
1.000000
1.000000
1.000000
1.000000
1.000000
1.000000
1.000000
1.000000
1.000000
1.000000
1.000000
1.000000
1.000000
1.000000
1.000000
1.000000
1.000000
1.000000
1.000000
1.000000
1.000000
1.000000
1.000000
1.000000
1.000000
1.000000
1.000000
1.000000
1.000000
1.000000
1.000000
1.000000
1.000000
1.000000
1.000000
1.000000
1.000000
1.000000
1.000000
1.000000
1.000000
1.000000
1.000000
1.000000
1.000000
1.000000
1.000000
1.000000
1.000000
1.000000
1.000000
1.000000
1.000000
1.000000
1.000000
1.000000
1.000000
1.000000
1.000000
1.000000
1.000000
1.000000
1.000000
1.000000
1.000000
1.000000
1.000000
1.000000
1.000000
1.000000
1.000000
1.000000
1.000000
1.000000
1.000000
1.000000
1.000000
1.000000
1.000000
1.000000
1.000000
1.000000
1.000000
1.000000
1.000000
1.000000
1.000000
1.000000
1.000000
1.000000
1.000000
1.000000
1.000000
1.000000
1.000000
1.000000
1.000000
1.000000
1.000000
1.000000
1.000000
1.000000
1.000000
1.000000
1.000000
1.000000
1.000000
1.000000
1.000000
1.000000
1.000000
1.000000
1.000000
1.000000
1.000000
1.000000
1.000000
1.000000
1.000000
1.000000
1.000000
1.000000
1.000000
1.000000
1.000000
1.000000
1.000000
1.000000
1.000000
1.000000
1.000000
1.000000
1.000000
1.000000
1.000000
1.000000
1.000000
1.000000
1.000000
1.000000
1.000000
1.000000
1.000000
1.000000
1.000000
1.000000
1.000000
1.000000
1.000000
1.000000
1.000000
1.000000
1.000000
1.000000
1.000000
1.000000
1.000000
1.000000
1.000000
1.000000
1.000000
1.000000
1.000000
1.000000
