1.000000
1.000000
1.000000
1.000000
1.000000
1.000000
1.000000
1.000000
1.000000
1.000000
1.000000
1.000000
1.000000
1.000000
1.000000
1.000000
1.000000
1.000000
1.000000
1.000000
1.000000
1.000000
1.000000
1.000000
1.000000
1.000000
1.000000
1.000000
1.000000
1.000000
1.000000
1.000000
1.000000
1.000000
1.000000
1.000000
1.000000
1.000000
1.000000
1.000000
1.000000
1.000000
1.000000
1.000000
1.000000
1.000000
1.000000
1.000000
1.000000
1.000000
1.000000
1.000000
1.000000
1.000000
1.000000
1.000000
1.000000
1.000000
1.000000
1.000000
1.000000
1.000000
1.000000
1.000000
1.000000
1.000000
1.000000
1.000000
1.000000
1.000000
1.000000
1.000000
1.000000
1.000000
1.000000
1.000000
1.000000
1.000000
1.000000
1.000000
1.000000
1.000000
1.000000
1.000000
1.000000
1.000000
1.000000
1.000000
1.000000
1.000000
1.000000
1.000000
1.000000
1.000000
1.000000
1.000000
1.000000
1.000000
1.000000
1.000000
1.000000
1.000000
1.000000
1.000000
1.000000
1.000000
1.000000
1.000000
1.000000
1.000000
1.000000
1.000000
1.000000
1.000000
1.000000
1.000000
1.000000
1.000000
1.000000
1.000000
1.000000
1.000000
1.000000
1.000000
1.000000
1.000000
1.000000
1.000000
1.000000
1.000000
1.000000
1.000000
1.000000
1.000000
1.000000
1.000000
1.000000
1.000000
1.000000
1.000000
1.000000
1.000000
1.000000
1.000000
1.000000
1.000000
1.000000
1.000000
1.000000
1.000000
1.000000
1.000000
1.000000
1.000000
1.000000
1.000000
1.000000
1.000000
1.000000
1.000000
1.000000
1.000000
1.000000
1.000000
1.000000
1.000000
1.000000
1.000000
1.000000
1.000000
1.000000
1.000000
1.000000
1.000000
1.000000
1.000000
1.000000
1.000000
1.000000
1.000000
1.000000
1.000000
1.000000
1.000000
1.000000
1.000000
1.000000
1.000000
1.000000
1.000000
1.000000
1.000000
1.000000
1.000000
1.000000
1.000000
1.000000
1.000000
1.000000
1.000000
1.000000
1.000000
1.000000
1.000000
1.000000
1.000000
1.000000
1.000000
1.000000
1.000000
1.000000
1.000000
1.000000
1.000000
1.000000
1.000000
1.000000
1.000000
1.000000
1.000000
1.000000
1.000000
1.000000
1.000000
1.000000
1.000000
1.000000
1.000000
1.000000
1.000000
1.000000
1.000000
1.000000
1.000000
1.000000
1.000000
1.000000
1.000000
1.000000
1.000000
1.000000
1.000000
1.000000
1.000000
1.000000
1.000000
1.000000
1.000000
1.000000
1.000000
1.000000
1.000000
1.000000
1.000000
1.000000
1.000010
1.000013
1.000027
1.000040
1.000054
1.000058
1.000059
1.000059
1.000059
1.000059
1.000057
1.000049
1.000040
1.000025
1.000012
1.000000
1.000000
1.000000
1.000000
1.000000
1.000000
1.000000
1.000000
1.000000
1.000000
1.000000
1.000000
1.000000
1.000000
1.000000
1.000000
1.000000
1.000000
1.000000
1.000000
1.000000
1.000000
1.000000
1.000000
1.000000
1.000013
1.000085
1.000215
1.000382
1.000513
1.000595
1.000635
1.000650
1.000657
1.000658
1.000655
1.000638
1.000573
1.000442
1.000273
1.000136
1.000057
1.000020
1.000007
1.000000
1.000000
1.000000
1.000000
1.000000
1.000000
1.000000
1.000000
1.000000
1.000000
1.000000
1.000000
1.000000
1.000000
1.000000
1.000000
1.000000
1.000000
1.000000
1.000000
1.000008
1.000047
1.000215
1.000746
1.001831
1.003159
1.004256
1.004941
1.005281
1.005422
1.005469
1.005485
1.005456
1.005315
1.004838
1.003764
1.002363
1.001190
1.000489
1.000168
1.000050
1.000013
1.000000
1.000000
1.000000
1.000000
1.000000
1.000000
1.000000
1.000000
1.000000
1.000000
1.000000
1.000000
1.000000
1.000000
1.000000
1.000000
1.000000
1.000000
1.000012
1.000051
1.000292
1.001320
1.004456
1.010750
1.018362
1.024726
1.028779
1.030865
1.031764
1.032095
1.032178
1.032052
1.031328
1.028777
1.022806
1.014639
1.007497
1.003113
1.001074
1.000315
1.000080
1.000017
1.000004
1.000000
1.000000
1.000000
1.000000
1.000000
1.000000
1.000000
1.000000
1.000000
1.000000
1.000000
1.000000
1.000000
1.000000
1.000000
1.000000
1.000025
1.000205
1.001159
1.005134
1.016937
1.039795
1.066984
1.089972
1.105162
1.113423
1.117232
1.118745
1.119203
1.118907
1.116727
1.108684
1.088656
1.058831
1.030875
1.012982
1.004500
1.001322
1.000336
1.000074
1.000017
1.000003
1.000000
1.000000
1.000000
1.000000
1.000000
1.000000
1.000000
1.000000
1.000000
1.000000
1.000000
1.000000
1.000000
1.000000
1.000013
1.000067
1.000465
1.002603
1.011405
1.037065
1.085643
1.143365
1.193501
1.228379
1.248707
1.258871
1.263283
1.264853
1.264607
1.260707
1.245471
1.205259
1.140195
1.074876
1.031584
1.010893
1.003175
1.000801
1.000179
1.000039
1.000009
1.000000
1.000000
1.000000
1.000000
1.000000
1.000000
1.000000
1.000000
1.000000
1.000000
1.000000
1.000000
1.000000
1.000000
1.000013
1.000108
1.000733
1.004106
1.017935
1.057979
1.133341
1.224136
1.305893
1.365953
1.403422
1.423651
1.433190
1.437002
1.437338
1.432060
1.409946
1.348677
1.242725
1.130550
1.054680
1.018606
1.005350
1.001334
1.000297
1.000060
1.000013
1.000000
1.000000
1.000000
1.000000
1.000000
1.000000
1.000000
1.000000
1.000000
1.000000
1.000000
1.000000
1.000000
1.000000
1.000017
1.000136
1.000933
1.005241
1.022923
1.074226
1.171349
1.290920
1.402703
1.489061
1.546245
1.579205
1.595858
1.603100
1.604662
1.598544
1.570605
1.490199
1.344428
1.184811
1.076320
1.025509
1.007217
1.001778
1.000391
1.000078
1.000015
1.000001
1.000000
1.000000
1.000000
1.000000
1.000000
1.000000
1.000000
1.000000
1.000000
1.000000
1.000000
1.000000
1.000000
1.000019
1.000153
1.001054
1.005911
1.025946
1.084402
1.196252
1.337068
1.473194
1.582903
1.659162
1.705475
1.730171
1.741588
1.744864
1.738375
1.705714
1.609091
1.428753
1.228140
1.092659
1.030431
1.008484
1.002066
1.000450
1.000090
1.000017
1.000001
1.000000
1.000000
1.000000
1.000000
1.000000
1.000000
1.000000
1.000000
1.000000
1.000000
1.000000
1.000000
1.000000
1.000019
1.000162
1.001108
1.006239
1.027468
1.089753
1.210146
1.364535
1.517756
1.645327
1.737336
1.795453
1.827708
1.843272
1.848384
1.841814
1.805459
1.695958
1.488624
1.257312
1.102953
1.033341
1.009194
1.002222
1.000480
1.000095
1.000018
1.000002
1.000000
1.000000
1.000000
1.000000
1.000000
1.000000
1.000000
1.000000
1.000000
1.000000
1.000000
1.000000
1.000000
1.000019
1.000164
1.001129
1.006375
1.028123
1.092180
1.216882
1.378838
1.542514
1.681924
1.785110
1.852101
1.890329
1.909313
1.916007
1.909475
1.870393
1.751517
1.525404
1.274144
1.108486
1.034807
1.009533
1.002294
1.000494
1.000096
1.000018
1.000002
1.000000
1.000000
1.000000
1.000000
1.000000
1.000000
1.000000
1.000000
1.000000
1.000000
1.000000
1.000000
1.000000
1.000019
1.000164
1.001138
1.006423
1.028370
1.093142
1.219755
1.385417
1.554692
1.700934
1.810978
1.883692
1.925927
1.947283
1.955104
1.948621
1.907702
1.782708
1.545085
1.282562
1.111062
1.035446
1.009673
1.002320
1.000498
1.000096
1.000018
1.000002
1.000000
1.000000
1.000000
1.000000
1.000000
1.000000
1.000000
1.000000
1.000000
1.000000
1.000000
1.000000
1.000000
1.000019
1.000164
1.001139
1.006438
1.028438
1.093444
1.220779
1.388021
1.559921
1.709607
1.823304
1.899203
1.943742
1.966494
1.974988
1.968529
1.926497
1.797958
1.554145
1.286121
1.112052
1.035669
1.009717
1.002329
1.000499
1.000097
1.000018
1.000002
1.000000
1.000000
1.000000
1.000000
1.000000
1.000000
1.000000
1.000000
1.000000
1.000000
1.000000
1.000000
1.000000
1.000019
1.000163
1.001133
1.006410
1.028330
1.093193
1.220484
1.388066
1.560850
1.711905
1.827183
1.904525
1.950139
1.973551
1.982358
1.975866
1.933163
1.802685
1.556003
1.286186
1.111799
1.035531
1.009671
1.002315
1.000495
1.000096
1.000018
1.000002
1.000000
1.000000
1.000000
1.000000
1.000000
1.000000
1.000000
1.000000
1.000000
1.000000
1.000000
1.000000
1.000000
1.000018
1.000156
1.001092
1.006198
1.027501
1.090878
1.216121
1.381875
1.553385
1.703684
1.818559
1.895688
1.941173
1.964490
1.973194
1.966445
1.922958
1.790916
1.543922
1.277710
1.107873
1.034179
1.009286
1.002221
1.000477
1.000092
1.000017
1.000001
1.000000
1.000000
1.000000
1.000000
1.000000
1.000000
1.000000
1.000000
1.000000
1.000000
1.000000
1.000000
1.000000
1.000016
1.000138
1.000941
1.005387
1.024181
1.081223
1.196825
1.352684
1.515583
1.658762
1.767906
1.840661
1.883101
1.904523
1.912084
1.904291
1.858981
1.725238
1.485743
1.241376
1.092167
1.028960
1.007838
1.001870
1.000401
1.000076
1.000013
1.000000
1.000000
1.000000
1.000000
1.000000
1.000000
1.000000
1.000000
1.000000
1.000000
1.000000
1.000000
1.000000
1.000000
1.000011
1.000095
1.000677
1.003922
1.017911
1.061698
1.154131
1.282717
1.419188
1.539118
1.629314
1.688001
1.721146
1.737163
1.741871
1.732468
1.686817
1.561183
1.357907
1.170940
1.064063
1.020013
1.005408
1.001287
1.000274
1.000053
1.000008
1.000000
1.000000
1.000000
1.000000
1.000000
1.000000
1.000000
1.000000
1.000000
1.000000
1.000000
1.000000
1.000000
1.000000
1.000005
1.000053
1.000400
1.002334
1.010832
1.038197
1.098144
1.183665
1.274830
1.353603
1.410792
1.446227
1.465112
1.473570
1.475055
1.466101
1.429189
1.336714
1.204762
1.095183
1.035465
1.011110
1.003014
1.000719
1.000151
1.000029
1.000003
1.000000
1.000000
1.000000
1.000000
1.000000
1.000000
1.000000
1.000000
1.000000
1.000000
1.000000
1.000000
1.000000
1.000000
1.000000
1.000025
1.000194
1.001142
1.005364
1.019211
1.050185
1.094567
1.140995
1.179498
1.205876
1.221140
1.228698
1.231765
1.231726
1.226058
1.204991
1.156073
1.092483
1.042705
1.016006
1.005056
1.001380
1.000330
1.000069
1.000012
1.000000
1.000000
1.000000
1.000000
1.000000
1.000000
1.000000
1.000000
1.000000
1.000000
1.000000
1.000000
1.000000
1.000000
1.000000
1.000000
1.000011
1.000075
1.000467
1.002213
1.007994
1.021011
1.039425
1.058019
1.072621
1.081976
1.087011
1.089323
1.090165
1.089933
1.087413
1.078567
1.058924
1.034642
1.016064
1.006079
1.001937
1.000532
1.000127
1.000026
1.000003
1.000000
1.000000
1.000000
1.000000
1.000000
1.000000
1.000000
1.000000
1.000000
1.000000
1.000000
1.000000
1.000000
1.000000
1.000000
1.000000
1.000000
1.000025
1.000162
1.000777
1.002820
1.007410
1.013780
1.019967
1.024572
1.027345
1.028741
1.029341
1.029536
1.029416
1.028537
1.025540
1.019037
1.011190
1.005221
1.001992
1.000639
1.000175
1.000041
1.000007
1.000000
1.000000
1.000000
1.000000
1.000000
1.000000
1.000000
1.000000
1.000000
1.000000
1.000000
1.000000
1.000000
1.000000
1.000000
1.000000
1.000000
1.000000
1.000007
1.000048
1.000235
1.000859
1.002256
1.004157
1.005939
1.007207
1.007930
1.008275
1.008415
1.008458
1.008414
1.008154
1.007284
1.005416
1.003188
1.001495
1.000574
1.000184
1.000050
1.000011
1.000000
1.000000
1.000000
1.000000
1.000000
1.000000
1.000000
1.000000
1.000000
1.000000
1.000000
1.000000
1.000000
1.000000
1.000000
1.000000
1.000000
1.000000
1.000000
1.000000
1.000012
1.000062
1.000229
1.000604
1.001103
1.001559
1.001871
1.002042
1.002119
1.002150
1.002160
1.002145
1.002078
1.001855
1.001378
1.000812
1.000381
1.000147
1.000047
1.000011
1.000000
1.000000
1.000000
1.000000
1.000000
1.000000
1.000000
1.000000
1.000000
1.000000
1.000000
1.000000
1.000000
1.000000
1.000000
1.000000
1.000000
1.000000
1.000000
1.000000
1.000000
1.000000
1.000014
1.000054
1.000142
1.000260
1.000365
1.000434
1.000472
1.000489
1.000495
1.000496
1.000493
1.000477
1.000426
1.000316
1.000186
1.000086
1.000033
1.000008
1.000000
1.000000
1.000000
1.000000
1.000000
1.000000
1.000000
1.000000
1.000000
1.000000
1.000000
1.000000
1.000000
1.000000
1.000000
1.000000
1.000000
1.000000
1.000000
1.000000
1.000000
1.000000
1.000000
1.000000
1.000009
1.000028
1.000053
1.000075
1.000091
1.000099
1.000101
1.000102
1.000102
1.000102
1.000099
1.000087
1.000066
1.000038
1.000015
1.000004
1.000000
1.000000
1.000000
1.000000
1.000000
1.000000
1.000000
1.000000
1.000000
1.000000
1.000000
1.000000
1.000000
1.000000
1.000000
1.000000
1.000000
1.000000
1.000000
1.000000
1.000000
1.000000
1.000000
1.000000
1.000000
1.000000
1.000004
1.000008
1.000012
1.000015
1.000016
1.000016
1.000016
1.000016
1.000016
1.000015
1.000013
1.000009
1.000004
1.000000
1.000000
1.000000
1.000000
1.000000
1.000000
1.000000
1.000000
1.000000
1.000000
1.000000
1.000000
1.000000
1.000000
1.000000
1.000000
1.000000
1.000000
1.000000
1.000000
1.000000
1.000000
1.000000
1.000000
1.000000
1.000000
1.000000
1.000000
1.000000
1.000000
1.000000
1.000000
1.000001
1.000001
1.000001
1.000001
1.000001
1.000001
1.000000
1.000000
1.000000
1.000000
1.000000
1.000000
1.000000
1.000000
1.000000
1.000000
1.000000
1.000000
1.000000
1.000000
1.000000
1.000000
1.000000
1.000000
1.000000
1.000000
1.000000
1.000000
1.000000
1.000000
1.000000
1.000000
1.000000
1.000000
1.000000
1.000000
1.000000
1.000000
1.000000
1.000000
1.000000
1.000000
1.000000
1.000000
1.000000
1.000000
1.000000
1.000000
1.000000
1.000000
1.000000
1.000000
1.000000
1.000000
1.000000
1.000000
1.000000
1.000000
1.000000
1.000000
1.000000
1.000000
1.000000
1.000000
1.000000
1.000000
1.000000
1.000000
1.000000
1.000000
1.000000
1.000000
1.000000
1.000000
1.000000
1.000000
1.000000
1.000000
1.000000
1.000000
1.000000
1.000000
1.000000
1.000000
1.000000
1.000000
1.000000
1.000000
1.000000
1.000000
1.000000
1.000000
1.000000
1.000000
1.000000
1.000000
1.000000
1.000000
1.000000
1.000000
1.000000
1.000000
1.000000
1.000000
1.000000
1.000000
1.000000
1.000000
1.000000
1.000000
1.000000
1.000000
1.000000
1.000000
1.000000
1.000000
1.000000
1.000000
1.000000
1.000000
1.000000
1.000000
1.000000
1.000000
1.000000
1.000000
1.000000
1.000000
1.000000
1.000000
1.000000
1.000000
1.000000
1.000000
1.000000
1.000000
1.000000
1.000000
1.000000
1.000000
1.000000
1.000000
1.000000
1.000000
1.000000
1.000000
1.000000
1.000000
1.000000
1.000000
1.000000
1.000000
1.000000
1.000000
1.000000
1.000000
1.000000
1.000000
1.000000
1.000000
1.000000
1.000000
1.000000
1.000000
1.000000
1.000000
1.000000
1.000000
1.000000
1.000000
1.000000
1.000000
1.000000
1.000000
1.000000
1.000000
1.000000
1.000000
1.000000
1.000000
1.000000
1.000000
1.000000
1.000000
1.000000
1.000000
1.000000
1.000000
1.000000
1.000000
1.000000
1.000000
1.000000
1.000000
1.000000
1.000000
1.000000
1.000000
1.000000
1.000000
1.000000
1.000000
1.000000
1.000000
1.000000
1.000000
1.000000
1.000000
1.000000
1.000000
1.000000
1.000000
1.000000
1.000000
1.000000
1.000000
1.000000
1.000000
1.000000
1.000000
1.000000
1.000000
1.000000
1.000000
1.000000
1.000000
1.000000
1.000000
1.000000
1.000000
1.000000
1.000000
1.000000
1.000000
1.000000
1.000000
1.000000
1.000000
1.000000
1.000000
1.000000
1.000000
1.000000
1.000000
1.000000
1.000000
1.000000
1.000000
1.000000
1.000000
1.000000
1.000000
1.000000
1.000000
1.000000
1.000000
1.000000
1.000000
1.000000
1.000000
1.000000
1.000000
1.000000
1.000000
1.000000
1.000000
1.000000
1.000000
1.000000
1.000000
1.000000
1.000000
1.000000
1.000000
1.000000
1.000000
1.000000
1.000000
1.000000
1.000000
1.000000
1.000000
1.000000
1.000000
1.000000
1.000000
1.000000
1.000000
1.000000
1.000000
1.000000
1.000000
1.000000
1.000000
1.000000
1.000000
1.000000
1.000000
1.000000
1.000000
1.000000
1.000000
1.000000
1.000000
1.000000
1.000000
1.000000
1.000000
1.000000
1.000000
1.000000
1.000000
1.000000
1.000000
1.000000
1.000000
1.000000
1.000000
1.000000
1.000000
1.000000
1.000000
1.000000
1.000000
1.000000
1.000000
1.000000
1.000000
1.000000
1.000000
1.000000
1.000000
1.000000
1.000000
1.000000
1.000000
1.000000
1.000000
1.000000
1.000000
1.000000
1.000000
1.000000
1.000000
1.000000
1.000000
1.000000
1.000000
1.000000
1.000000
1.000000
1.000000
1.000000
1.000000
1.000000
