1.000000
1.000000
1.000000
1.000000
1.000000
1.000000
1.000000
1.000000
1.000000
1.000000
1.000000
1.000000
1.000000
1.000000
1.000000
1.000000
1.000000
1.000000
1.000000
1.000000
1.000000
1.000000
1.000000
1.000000
1.000000
1.000000
1.000000
1.000000
1.000000
1.000000
1.000000
1.000000
1.000000
1.000000
1.000000
1.000000
1.000000
1.000000
1.000000
1.000000
1.000000
1.000000
1.000000
1.000000
1.000000
1.000000
1.000000
1.000000
1.000000
1.000000
1.000000
1.000000
1.000000
1.000000
1.000000
1.000000
1.000000
1.000000
1.000000
1.000000
1.000000
1.000000
1.000000
1.000000
1.000000
1.000000
1.000000
1.000000
1.000000
1.000000
1.000000
1.000000
1.000000
1.000000
1.000000
1.000000
1.000000
1.000000
1.000000
1.000000
1.000000
1.000000
1.000000
1.000000
1.000000
1.000000
1.000000
1.000000
1.000000
1.000000
1.000000
1.000000
1.000000
1.000000
1.000000
1.000000
1.000000
1.000000
1.000000
1.000000
1.000000
1.000000
1.000000
1.000000
1.000000
1.000000
1.000000
1.000000
1.000000
1.000000
1.000000
1.000000
1.000000
1.000000
1.000000
1.000000
1.000000
1.000000
1.000000
1.000000
1.000000
1.000000
1.000000
1.000000
1.000000
1.000000
1.000000
1.000000
1.000000
1.000000
1.000000
1.000000
1.000000
1.000000
1.000000
1.000000
1.000000
1.000000
1.000000
1.000000
1.000000
1.000000
1.000000
1.000000
1.000000
1.000000
1.000000
1.000000
1.000000
1.000000
1.000000
1.000000
1.000000
1.000000
1.000000
1.000000
1.000000
1.000000
1.000000
1.000000
1.000000
1.000000
1.000000
1.000000
1.000000
1.000000
1.000000
1.000000
1.000000
1.000000
1.000000
1.000000
1.000000
1.000000
1.000000
1.000000
1.000000
1.000000
1.000000
1.000000
1.000000
1.000000
1.000000
1.000000
1.000000
1.000000
1.000000
1.000000
1.000000
1.000000
1.000000
1.000000
1.000000
1.000000
1.000000
1.000000
1.000000
1.000000
1.000000
1.000000
1.000000
1.000000
1.000000
1.000000
1.000000
1.000000
1.000000
1.000000
1.000000
1.000000
1.000000
1.000000
1.000000
1.000000
1.000000
1.000000
1.000000
1.000000
1.000000
1.000001
1.000001
1.000001
1.000001
1.000001
1.000001
1.000000
1.000000
1.000000
1.000000
1.000000
1.000000
1.000000
1.000000
1.000000
1.000000
1.000000
1.000000
1.000000
1.000000
1.000000
1.000000
1.000000
1.000000
1.000000
1.000000
1.000000
1.000000
1.000000
1.000000
1.000000
1.000000
1.000000
1.000000
1.000000
1.000000
1.000010
1.000013
1.000027
1.000040
1.000060
1.000068
1.000069
1.000069
1.000069
1.000069
1.000068
1.000062
1.000048
1.000035
1.000019
1.000005
1.000000
1.000000
1.000000
1.000000
1.000000
1.000000
1.000000
1.000000
1.000000
1.000000
1.000000
1.000000
1.000000
1.000000
1.000000
1.000000
1.000000
1.000000
1.000000
1.000000
1.000000
1.000000
1.000000
1.000000
1.000013
1.000085
1.000216
1.000383
1.000522
1.000621
1.000669
1.000691
1.000704
1.000705
1.000701
1.000684
1.000618
1.000491
1.000322
1.000176
1.000076
1.000031
1.000013
1.000000
1.000000
1.000000
1.000000
1.000000
1.000000
1.000000
1.000000
1.000000
1.000000
1.000000
1.000000
1.000000
1.000000
1.000000
1.000000
1.000000
1.000000
1.000000
1.000000
1.000013
1.000052
1.000217
1.000703
1.001660
1.002867
1.003936
1.004658
1.005049
1.005227
1.005295
1.005317
1.005290
1.005152
1.004723
1.003790
1.002526
1.001378
1.000621
1.000237
1.000077
1.000023
1.000005
1.000000
1.000000
1.000000
1.000000
1.000000
1.000000
1.000000
1.000000
1.000000
1.000000
1.000000
1.000000
1.000000
1.000000
1.000000
1.000000
1.000000
1.000013
1.000058
1.000299
1.001229
1.003869
1.008973
1.015347
1.021019
1.024917
1.027096
1.028123
1.028538
1.028660
1.028554
1.027912
1.025798
1.021050
1.014316
1.007946
1.003625
1.001385
1.000452
1.000129
1.000031
1.000010
1.000000
1.000000
1.000000
1.000000
1.000000
1.000000
1.000000
1.000000
1.000000
1.000000
1.000000
1.000000
1.000000
1.000000
1.000000
1.000000
1.000031
1.000217
1.001119
1.004532
1.013975
1.031680
1.053423
1.072874
1.086616
1.094660
1.098675
1.100407
1.100997
1.100789
1.098950
1.092580
1.077427
1.054260
1.030852
1.014276
1.005490
1.001796
1.000510
1.000128
1.000029
1.000009
1.000000
1.000000
1.000000
1.000000
1.000000
1.000000
1.000000
1.000000
1.000000
1.000000
1.000000
1.000000
1.000000
1.000000
1.000013
1.000080
1.000500
1.002550
1.010230
1.031063
1.069261
1.115902
1.158391
1.189661
1.209067
1.219461
1.224323
1.226215
1.226191
1.222936
1.210852
1.180385
1.130039
1.075491
1.035208
1.013521
1.004401
1.001243
1.000309
1.000071
1.000018
1.000002
1.000000
1.000000
1.000000
1.000000
1.000000
1.000000
1.000000
1.000000
1.000000
1.000000
1.000000
1.000000
1.000000
1.000018
1.000132
1.000823
1.004165
1.016635
1.050156
1.111106
1.186098
1.256358
1.310508
1.346201
1.366710
1.377075
1.381565
1.382365
1.378057
1.360428
1.313594
1.230859
1.135722
1.063236
1.024051
1.007735
1.002157
1.000535
1.000120
1.000028
1.000006
1.000000
1.000000
1.000000
1.000000
1.000000
1.000000
1.000000
1.000000
1.000000
1.000000
1.000000
1.000000
1.000000
1.000023
1.000175
1.001083
1.005499
1.021973
1.066246
1.146985
1.247990
1.345691
1.424466
1.479348
1.512916
1.531066
1.539606
1.542061
1.537312
1.515032
1.453073
1.337813
1.199389
1.092093
1.034489
1.010916
1.003007
1.000739
1.000164
1.000037
1.000007
1.000000
1.000000
1.000000
1.000000
1.000000
1.000000
1.000000
1.000000
1.000000
1.000000
1.000000
1.000000
1.000000
1.000027
1.000202
1.001253
1.006371
1.025527
1.077237
1.172383
1.293769
1.414840
1.516449
1.590663
1.638489
1.665816
1.679506
1.684348
1.679741
1.653767
1.578712
1.433950
1.255387
1.116396
1.042838
1.013343
1.003628
1.000881
1.000194
1.000042
1.000008
1.000000
1.000000
1.000000
1.000000
1.000000
1.000000
1.000000
1.000000
1.000000
1.000000
1.000000
1.000000
1.000000
1.000029
1.000217
1.001346
1.006843
1.027500
1.083570
1.187767
1.323095
1.461612
1.581727
1.672844
1.734038
1.770542
1.789707
1.797283
1.793195
1.764348
1.678453
1.509066
1.297527
1.133683
1.048430
1.014884
1.004006
1.000964
1.000211
1.000044
1.000008
1.000000
1.000000
1.000000
1.000000
1.000000
1.000000
1.000000
1.000000
1.000000
1.000000
1.000000
1.000000
1.000000
1.000029
1.000223
1.001385
1.007061
1.028441
1.086729
1.195906
1.339633
1.489626
1.622912
1.726926
1.798964
1.843329
1.867415
1.877573
1.874129
1.843098
1.748737
1.560573
1.325027
1.144264
1.051640
1.015719
1.004201
1.001005
1.000219
1.000045
1.000008
1.000000
1.000000
1.000000
1.000000
1.000000
1.000000
1.000000
1.000000
1.000000
1.000000
1.000000
1.000000
1.000000
1.000029
1.000225
1.001400
1.007151
1.028832
1.088113
1.199712
1.347920
1.504588
1.646131
1.758764
1.838451
1.888620
1.916484
1.928690
1.925807
1.893196
1.792751
1.591690
1.340716
1.149906
1.053243
1.016114
1.004290
1.001022
1.000221
1.000045
1.000008
1.000000
1.000000
1.000000
1.000000
1.000000
1.000000
1.000000
1.000000
1.000000
1.000000
1.000000
1.000000
1.000000
1.000029
1.000225
1.001405
1.007178
1.028963
1.088618
1.201241
1.351558
1.511657
1.657768
1.775459
1.859856
1.913740
1.944097
1.957688
1.955187
1.921512
1.817106
1.608143
1.348457
1.152475
1.053916
1.016267
1.004323
1.001029
1.000222
1.000045
1.000008
1.000000
1.000000
1.000000
1.000000
1.000000
1.000000
1.000000
1.000000
1.000000
1.000000
1.000000
1.000000
1.000000
1.000029
1.000224
1.001399
1.007155
1.028887
1.088490
1.201273
1.352274
1.513792
1.662029
1.782251
1.869121
1.925023
1.956764
1.971127
1.968806
1.934414
1.827575
1.614251
1.350548
1.152803
1.053883
1.016230
1.004306
1.001022
1.000220
1.000045
1.000008
1.000000
1.000000
1.000000
1.000000
1.000000
1.000000
1.000000
1.000000
1.000000
1.000000
1.000000
1.000000
1.000000
1.000027
1.000215
1.001356
1.006954
1.028166
1.086643
1.197981
1.347829
1.508788
1.657053
1.777701
1.865146
1.921564
1.953655
1.968169
1.965697
1.930484
1.821647
1.606139
1.343160
1.148591
1.052184
1.015680
1.004154
1.000986
1.000212
1.000043
1.000007
1.000000
1.000000
1.000000
1.000000
1.000000
1.000000
1.000000
1.000000
1.000000
1.000000
1.000000
1.000000
1.000000
1.000023
1.000195
1.001203
1.006208
1.025405
1.079223
1.183810
1.326845
1.482018
1.625641
1.742602
1.827160
1.881418
1.912013
1.925493
1.921982
1.884879
1.773171
1.558989
1.308911
1.131369
1.045681
1.013659
1.003609
1.000856
1.000185
1.000036
1.000006
1.000000
1.000000
1.000000
1.000000
1.000000
1.000000
1.000000
1.000000
1.000000
1.000000
1.000000
1.000000
1.000000
1.000017
1.000146
1.000917
1.004781
1.019887
1.063429
1.151107
1.274574
1.410872
1.537734
1.640556
1.713894
1.759987
1.785222
1.795426
1.789588
1.750193
1.639300
1.443365
1.235159
1.097605
1.033608
1.010016
1.002642
1.000625
1.000134
1.000025
1.000003
1.000000
1.000000
1.000000
1.000000
1.000000
1.000000
1.000000
1.000000
1.000000
1.000000
1.000000
1.000000
1.000000
1.000011
1.000090
1.000583
1.003082
1.013029
1.042528
1.104143
1.193482
1.293450
1.386154
1.459828
1.510672
1.541274
1.557091
1.562306
1.554691
1.518438
1.426017
1.281172
1.143727
1.058808
1.020223
1.006043
1.001598
1.000375
1.000079
1.000013
1.000000
1.000000
1.000000
1.000000
1.000000
1.000000
1.000000
1.000000
1.000000
1.000000
1.000000
1.000000
1.000000
1.000000
1.000003
1.000046
1.000312
1.001658
1.007098
1.023570
1.058825
1.110633
1.168304
1.220473
1.260224
1.286195
1.300869
1.307859
1.309337
1.303038
1.278555
1.221583
1.141273
1.071014
1.029069
1.010067
1.003028
1.000804
1.000189
1.000040
1.000006
1.000000
1.000000
1.000000
1.000000
1.000000
1.000000
1.000000
1.000000
1.000000
1.000000
1.000000
1.000000
1.000000
1.000000
1.000000
1.000021
1.000140
1.000752
1.003251
1.010907
1.027456
1.051669
1.077976
1.100764
1.117154
1.127173
1.132445
1.134733
1.134849
1.131415
1.119434
1.093191
1.058539
1.029399
1.012135
1.004244
1.001287
1.000343
1.000078
1.000017
1.000001
1.000000
1.000000
1.000000
1.000000
1.000000
1.000000
1.000000
1.000000
1.000000
1.000000
1.000000
1.000000
1.000000
1.000000
1.000000
1.000007
1.000050
1.000292
1.001273
1.004294
1.010830
1.020254
1.030163
1.038338
1.043877
1.047049
1.048608
1.049222
1.049132
1.047730
1.043116
1.033343
1.020871
1.010534
1.004388
1.001548
1.000471
1.000126
1.000029
1.000004
1.000000
1.000000
1.000000
1.000000
1.000000
1.000000
1.000000
1.000000
1.000000
1.000000
1.000000
1.000000
1.000000
1.000000
1.000000
1.000000
1.000000
1.000017
1.000099
1.000433
1.001466
1.003693
1.006849
1.010063
1.012598
1.014226
1.015107
1.015516
1.015663
1.015606
1.015135
1.013630
1.010502
1.006575
1.003336
1.001399
1.000497
1.000151
1.000040
1.000008
1.000000
1.000000
1.000000
1.000000
1.000000
1.000000
1.000000
1.000000
1.000000
1.000000
1.000000
1.000000
1.000000
1.000000
1.000000
1.000000
1.000000
1.000000
1.000003
1.000025
1.000128
1.000440
1.001108
1.002040
1.002962
1.003662
1.004093
1.004315
1.004413
1.004448
1.004426
1.004287
1.003855
1.002965
1.001858
1.000946
1.000398
1.000142
1.000043
1.000011
1.000000
1.000000
1.000000
1.000000
1.000000
1.000000
1.000000
1.000000
1.000000
1.000000
1.000000
1.000000
1.000000
1.000000
1.000000
1.000000
1.000000
1.000000
1.000000
1.000000
1.000005
1.000031
1.000117
1.000295
1.000541
1.000780
1.000955
1.001059
1.001110
1.001133
1.001142
1.001134
1.001098
1.000986
1.000757
1.000475
1.000242
1.000101
1.000035
1.000009
1.000000
1.000000
1.000000
1.000000
1.000000
1.000000
1.000000
1.000000
1.000000
1.000000
1.000000
1.000000
1.000000
1.000000
1.000000
1.000000
1.000000
1.000000
1.000000
1.000000
1.000000
1.000000
1.000006
1.000025
1.000069
1.000128
1.000183
1.000224
1.000247
1.000261
1.000265
1.000266
1.000264
1.000256
1.000229
1.000176
1.000109
1.000056
1.000021
1.000005
1.000000
1.000000
1.000000
1.000000
1.000000
1.000000
1.000000
1.000000
1.000000
1.000000
1.000000
1.000000
1.000000
1.000000
1.000000
1.000000
1.000000
1.000000
1.000000
1.000000
1.000000
1.000000
1.000000
1.000000
1.000004
1.000013
1.000026
1.000040
1.000048
1.000052
1.000054
1.000055
1.000055
1.000055
1.000053
1.000047
1.000035
1.000020
1.000008
1.000002
1.000000
1.000000
1.000000
1.000000
1.000000
1.000000
1.000000
1.000000
1.000000
1.000000
1.000000
1.000000
1.000000
1.000000
1.000000
1.000000
1.000000
1.000000
1.000000
1.000000
1.000000
1.000000
1.000000
1.000000
1.000000
1.000000
1.000000
1.000004
1.000006
1.000007
1.000008
1.000008
1.000008
1.000008
1.000008
1.000008
1.000006
1.000004
1.000001
1.000000
1.000000
1.000000
1.000000
1.000000
1.000000
1.000000
1.000000
1.000000
1.000000
1.000000
1.000000
1.000000
1.000000
1.000000
1.000000
1.000000
1.000000
1.000000
1.000000
1.000000
1.000000
1.000000
1.000000
1.000000
1.000000
1.000000
1.000000
1.000000
1.000000
1.000000
1.000000
1.000000
1.000000
1.000000
1.000000
1.000000
1.000000
1.000000
1.000000
1.000000
1.000000
1.000000
1.000000
1.000000
1.000000
1.000000
1.000000
1.000000
1.000000
1.000000
1.000000
1.000000
1.000000
1.000000
1.000000
1.000000
1.000000
1.000000
1.000000
1.000000
1.000000
1.000000
1.000000
1.000000
1.000000
1.000000
1.000000
1.000000
1.000000
1.000000
1.000000
1.000000
1.000000
1.000000
1.000000
1.000000
1.000000
1.000000
1.000000
1.000000
1.000000
1.000000
1.000000
1.000000
1.000000
1.000000
1.000000
1.000000
1.000000
1.000000
1.000000
1.000000
1.000000
1.000000
1.000000
1.000000
1.000000
1.000000
1.000000
1.000000
1.000000
1.000000
1.000000
1.000000
1.000000
1.000000
1.000000
1.000000
1.000000
1.000000
1.000000
1.000000
1.000000
1.000000
1.000000
1.000000
1.000000
1.000000
1.000000
1.000000
1.000000
1.000000
1.000000
1.000000
1.000000
1.000000
1.000000
1.000000
1.000000
1.000000
1.000000
1.000000
1.000000
1.000000
1.000000
1.000000
1.000000
1.000000
1.000000
1.000000
1.000000
1.000000
1.000000
1.000000
1.000000
1.000000
1.000000
1.000000
1.000000
1.000000
1.000000
1.000000
1.000000
1.000000
1.000000
1.000000
1.000000
1.000000
1.000000
1.000000
1.000000
1.000000
1.000000
1.000000
1.000000
1.000000
1.000000
1.000000
1.000000
1.000000
1.000000
1.000000
1.000000
1.000000
1.000000
1.000000
1.000000
1.000000
1.000000
1.000000
1.000000
1.000000
1.000000
1.000000
1.000000
1.000000
1.000000
1.000000
1.000000
1.000000
1.000000
1.000000
1.000000
1.000000
1.000000
1.000000
1.000000
1.000000
1.000000
1.000000
1.000000
1.000000
1.000000
1.000000
1.000000
1.000000
1.000000
1.000000
1.000000
1.000000
1.000000
1.000000
1.000000
1.000000
1.000000
1.000000
1.000000
1.000000
1.000000
1.000000
1.000000
1.000000
1.000000
1.000000
1.000000
1.000000
1.000000
1.000000
1.000000
1.000000
1.000000
1.000000
1.000000
1.000000
1.000000
1.000000
1.000000
1.000000
1.000000
1.000000
1.000000
1.000000
1.000000
1.000000
1.000000
1.000000
1.000000
1.000000
1.000000
1.000000
1.000000
1.000000
1.000000
1.000000
1.000000
1.000000
1.000000
1.000000
1.000000
1.000000
1.000000
1.000000
1.000000
1.000000
1.000000
1.000000
1.000000
1.000000
1.000000
1.000000
1.000000
1.000000
1.000000
1.000000
1.000000
1.000000
1.000000
1.000000
1.000000
1.000000
1.000000
1.000000
1.000000
1.000000
1.000000
1.000000
1.000000
1.000000
1.000000
1.000000
1.000000
1.000000
1.000000
1.000000
1.000000
1.000000
1.000000
1.000000
1.000000
1.000000
1.000000
1.000000
1.000000
1.000000
1.000000
1.000000
1.000000
1.000000
1.000000
1.000000
1.000000
1.000000
1.000000
1.000000
1.000000
1.000000
1.000000
1.000000
1.000000
1.000000
1.000000
1.000000
1.000000
1.000000
1.000000
1.000000
1.000000
1.000000
1.000000
1.000000
1.000000
1.000000
1.000000
1.000000
1.000000
1.000000
1.000000
1.000000
1.000000
1.000000
1.000000
1.000000
1.000000
1.000000
1.000000
