1.000000
1.000000
1.000000
1.000000
1.000000
1.000000
1.000000
1.000000
1.000000
1.000000
1.000000
1.000000
1.000000
1.000000
1.000000
1.000000
1.000000
1.000000
1.000000
1.000000
1.000000
1.000000
1.000000
1.000000
1.000000
1.000000
1.000000
1.000000
1.000000
1.000000
1.000000
1.000000
1.000000
1.000000
1.000000
1.000000
1.000000
1.000000
1.000000
1.000000
1.000000
1.000000
1.000000
1.000000
1.000000
1.000000
1.000000
1.000000
1.000000
1.000000
1.000000
1.000000
1.000000
1.000000
1.000000
1.000000
1.000000
1.000000
1.000000
1.000000
1.000000
1.000000
1.000000
1.000000
1.000000
1.000000
1.000000
1.000000
1.000000
1.000000
1.000000
1.000000
1.000000
1.000000
1.000000
1.000000
1.000000
1.000000
1.000000
1.000000
1.000000
1.000000
1.000000
1.000000
1.000000
1.000000
1.000000
1.000000
1.000000
1.000000
1.000000
1.000000
1.000000
1.000000
1.000000
1.000000
1.000000
1.000000
1.000000
1.000000
1.000000
1.000000
1.000000
1.000000
1.000000
1.000000
1.000000
1.000000
1.000000
1.000000
1.000000
1.000000
1.000000
1.000000
1.000000
1.000000
1.000000
1.000000
1.000000
1.000000
1.000000
1.000000
1.000000
1.000000
1.000000
1.000000
1.000000
1.000000
1.000000
1.000000
1.000000
1.000000
1.000000
1.000000
1.000000
1.000000
1.000000
1.000000
1.000000
1.000000
1.000000
1.000000
1.000000
1.000000
1.000000
1.000000
1.000000
1.000000
1.000000
1.000000
1.000000
1.000000
1.000000
1.000000
1.000000
1.000000
1.000000
1.000000
1.000000
1.000000
1.000000
1.000000
1.000000
1.000000
1.000000
1.000000
1.000000
1.000000
1.000000
1.000000
1.000000
1.000000
1.000000
1.000000
1.000000
1.000000
1.000000
1.000000
1.000000
1.000000
1.000000
1.000000
1.000000
1.000000
1.000000
1.000000
1.000000
1.000000
1.000000
1.000000
1.000000
1.000000
1.000000
1.000000
1.000000
1.000000
1.000000
1.000000
1.000000
1.000000
1.000000
1.000000
1.000000
1.000000
1.000000
1.000000
1.000000
1.000000
1.000000
1.000000
1.000000
1.000000
1.000000
1.000000
1.000000
1.000000
1.000000
1.000000
1.000000
1.000000
1.000000
1.000000
1.000000
1.000000
1.000000
1.000000
1.000000
1.000000
1.000000
1.000000
1.000000
1.000000
1.000000
1.000000
1.000000
1.000000
1.000000
1.000000
1.000000
1.000000
1.000000
1.000000
1.000000
1.000000
1.000000
1.000000
1.000000
1.000000
1.000000
1.000000
1.000000
1.000000
1.000000
1.000000
1.000000
1.000010
1.000013
1.000027
1.000040
1.000051
1.000054
1.000055
1.000055
1.000055
1.000055
1.000053
1.000045
1.000036
1.000021
1.000010
1.000000
1.000000
1.000000
1.000000
1.000000
1.000000
1.000000
1.000000
1.000000
1.000000
1.000000
1.000000
1.000000
1.000000
1.000000
1.000000
1.000000
1.000000
1.000000
1.000000
1.000000
1.000000
1.000000
1.000000
1.000000
1.000013
1.000085
1.000214
1.000378
1.000507
1.000581
1.000618
1.000631
1.000637
1.000638
1.000634
1.000619
1.000555
1.000424
1.000255
1.000123
1.000050
1.000018
1.000005
1.000000
1.000000
1.000000
1.000000
1.000000
1.000000
1.000000
1.000000
1.000000
1.000000
1.000000
1.000000
1.000000
1.000000
1.000000
1.000000
1.000000
1.000000
1.000000
1.000000
1.000006
1.000044
1.000213
1.000755
1.001885
1.003247
1.004347
1.005012
1.005332
1.005460
1.005503
1.005517
1.005487
1.005346
1.004856
1.003733
1.002292
1.001121
1.000446
1.000148
1.000044
1.000011
1.000000
1.000000
1.000000
1.000000
1.000000
1.000000
1.000000
1.000000
1.000000
1.000000
1.000000
1.000000
1.000000
1.000000
1.000000
1.000000
1.000000
1.000000
1.000010
1.000049
1.000286
1.001343
1.004657
1.011406
1.019466
1.026049
1.030128
1.032164
1.033013
1.033317
1.033388
1.033257
1.032508
1.029798
1.023352
1.014664
1.007289
1.002924
1.000972
1.000275
1.000067
1.000015
1.000002
1.000000
1.000000
1.000000
1.000000
1.000000
1.000000
1.000000
1.000000
1.000000
1.000000
1.000000
1.000000
1.000000
1.000000
1.000000
1.000000
1.000023
1.000200
1.001167
1.005333
1.018050
1.042994
1.072301
1.096568
1.112219
1.120507
1.124221
1.125652
1.126068
1.125745
1.123448
1.114753
1.092715
1.060255
1.030691
1.012460
1.004160
1.001175
1.000288
1.000061
1.000015
1.000001
1.000000
1.000000
1.000000
1.000000
1.000000
1.000000
1.000000
1.000000
1.000000
1.000000
1.000000
1.000000
1.000000
1.000000
1.000012
1.000063
1.000450
1.002602
1.011777
1.039263
1.091971
1.153958
1.206865
1.242927
1.263471
1.273488
1.277720
1.279176
1.278862
1.274739
1.258278
1.214054
1.143177
1.074107
1.030131
1.009997
1.002801
1.000680
1.000147
1.000031
1.000007
1.000000
1.000000
1.000000
1.000000
1.000000
1.000000
1.000000
1.000000
1.000000
1.000000
1.000000
1.000000
1.000000
1.000000
1.000013
1.000099
1.000698
1.004054
1.018299
1.060726
1.141685
1.238444
1.324309
1.386288
1.424176
1.444163
1.453351
1.456913
1.457098
1.451488
1.427641
1.360484
1.245501
1.127680
1.051444
1.016821
1.004648
1.001113
1.000238
1.000048
1.000009
1.000000
1.000000
1.000000
1.000000
1.000000
1.000000
1.000000
1.000000
1.000000
1.000000
1.000000
1.000000
1.000000
1.000000
1.000015
1.000122
1.000878
1.005113
1.023126
1.076914
1.180267
1.306707
1.423412
1.512143
1.569782
1.602268
1.618268
1.625023
1.626287
1.619706
1.589602
1.501759
1.344396
1.178282
1.070712
1.022702
1.006172
1.001462
1.000309
1.000061
1.000011
1.000000
1.000000
1.000000
1.000000
1.000000
1.000000
1.000000
1.000000
1.000000
1.000000
1.000000
1.000000
1.000000
1.000000
1.000017
1.000138
1.000982
1.005717
1.025952
1.086739
1.204849
1.352730
1.493977
1.606061
1.682502
1.727879
1.751447
1.762013
1.764767
1.757655
1.722484
1.617310
1.423869
1.217224
1.084680
1.026722
1.007164
1.001679
1.000352
1.000068
1.000012
1.000000
1.000000
1.000000
1.000000
1.000000
1.000000
1.000000
1.000000
1.000000
1.000000
1.000000
1.000000
1.000000
1.000000
1.000017
1.000144
1.001027
1.006002
1.027326
1.091738
1.218161
1.379396
1.537484
1.667038
1.758656
1.815162
1.845664
1.859917
1.864222
1.856860
1.817757
1.699094
1.478261
1.242369
1.093098
1.028994
1.007696
1.001792
1.000372
1.000071
1.000013
1.000000
1.000000
1.000000
1.000000
1.000000
1.000000
1.000000
1.000000
1.000000
1.000000
1.000000
1.000000
1.000000
1.000000
1.000017
1.000145
1.001044
1.006117
1.027897
1.093929
1.224414
1.392883
1.560993
1.701815
1.803904
1.868533
1.904343
1.921533
1.927130
1.919653
1.877711
1.749517
1.510320
1.256233
1.097415
1.030086
1.007939
1.001840
1.000381
1.000071
1.000013
1.000000
1.000000
1.000000
1.000000
1.000000
1.000000
1.000000
1.000000
1.000000
1.000000
1.000000
1.000000
1.000000
1.000000
1.000017
1.000146
1.001051
1.006156
1.028103
1.094768
1.226993
1.398896
1.572211
1.719337
1.827645
1.897335
1.936580
1.955728
1.962208
1.954669
1.910877
1.776695
1.526722
1.262845
1.099330
1.030541
1.008035
1.001857
1.000383
1.000071
1.000013
1.000000
1.000000
1.000000
1.000000
1.000000
1.000000
1.000000
1.000000
1.000000
1.000000
1.000000
1.000000
1.000000
1.000000
1.000017
1.000146
1.001051
1.006167
1.028156
1.095013
1.227872
1.401186
1.576857
1.727051
1.838556
1.910957
1.952098
1.972352
1.979335
1.971753
1.926885
1.789384
1.533890
1.265481
1.100018
1.030687
1.008062
1.001862
1.000384
1.000071
1.000013
1.000000
1.000000
1.000000
1.000000
1.000000
1.000000
1.000000
1.000000
1.000000
1.000000
1.000000
1.000000
1.000000
1.000000
1.000017
1.000145
1.001046
1.006138
1.028043
1.094729
1.227481
1.401029
1.577420
1.728752
1.841553
1.915107
1.957077
1.977818
1.985016
1.977370
1.931877
1.792637
1.534779
1.265177
1.099694
1.030548
1.008019
1.001851
1.000381
1.000071
1.000012
1.000000
1.000000
1.000000
1.000000
1.000000
1.000000
1.000000
1.000000
1.000000
1.000000
1.000000
1.000000
1.000000
1.000000
1.000016
1.000139
1.001006
1.005926
1.027181
1.092246
1.222712
1.394176
1.569031
1.719339
1.831480
1.904601
1.946286
1.966843
1.973896
1.965985
1.919743
1.779132
1.521701
1.256616
1.095961
1.029323
1.007685
1.001772
1.000366
1.000068
1.000012
1.000000
1.000000
1.000000
1.000000
1.000000
1.000000
1.000000
1.000000
1.000000
1.000000
1.000000
1.000000
1.000000
1.000000
1.000014
1.000121
1.000857
1.005097
1.023658
1.081704
1.201283
1.361524
1.526570
1.668748
1.774387
1.842645
1.881051
1.899650
1.905575
1.896657
1.848686
1.707069
1.460024
1.220064
1.080935
1.024540
1.006408
1.001475
1.000304
1.000055
1.000009
1.000000
1.000000
1.000000
1.000000
1.000000
1.000000
1.000000
1.000000
1.000000
1.000000
1.000000
1.000000
1.000000
1.000000
1.000009
1.000080
1.000603
1.003631
1.017156
1.060808
1.154651
1.284452
1.420033
1.536488
1.621532
1.674935
1.703899
1.717253
1.720567
1.710379
1.663065
1.533097
1.329623
1.151760
1.054898
1.016569
1.004322
1.000991
1.000203
1.000038
1.000005
1.000000
1.000000
1.000000
1.000000
1.000000
1.000000
1.000000
1.000000
1.000000
1.000000
1.000000
1.000000
1.000000
1.000000
1.000003
1.000044
1.000346
1.002098
1.010071
1.036537
1.095571
1.179132
1.266446
1.339789
1.391187
1.421751
1.437317
1.443925
1.444633
1.435653
1.399183
1.307863
1.181818
1.081774
1.029483
1.008932
1.002340
1.000538
1.000109
1.000019
1.000001
1.000000
1.000000
1.000000
1.000000
1.000000
1.000000
1.000000
1.000000
1.000000
1.000000
1.000000
1.000000
1.000000
1.000000
1.000000
1.000021
1.000162
1.000991
1.004816
1.017734
1.047119
1.088751
1.131226
1.165280
1.187686
1.200082
1.205932
1.208168
1.207903
1.202631
1.182970
1.137118
1.079158
1.035470
1.012879
1.003935
1.001037
1.000239
1.000048
1.000006
1.000000
1.000000
1.000000
1.000000
1.000000
1.000000
1.000000
1.000000
1.000000
1.000000
1.000000
1.000000
1.000000
1.000000
1.000000
1.000000
1.000007
1.000059
1.000389
1.001913
1.007104
1.018971
1.035527
1.051775
1.064070
1.071620
1.075498
1.077196
1.077774
1.077521
1.075315
1.067463
1.049871
1.028622
1.012895
1.004728
1.001456
1.000386
1.000088
1.000017
1.000001
1.000000
1.000000
1.000000
1.000000
1.000000
1.000000
1.000000
1.000000
1.000000
1.000000
1.000000
1.000000
1.000000
1.000000
1.000000
1.000000
1.000000
1.000018
1.000131
1.000646
1.002409
1.006430
1.011923
1.017100
1.020810
1.022949
1.023978
1.024400
1.024528
1.024419
1.023685
1.021137
1.015542
1.008924
1.004046
1.001495
1.000463
1.000123
1.000027
1.000003
1.000000
1.000000
1.000000
1.000000
1.000000
1.000000
1.000000
1.000000
1.000000
1.000000
1.000000
1.000000
1.000000
1.000000
1.000000
1.000000
1.000000
1.000000
1.000004
1.000035
1.000187
1.000705
1.001880
1.003453
1.004884
1.005864
1.006400
1.006643
1.006738
1.006766
1.006729
1.006522
1.005810
1.004263
1.002452
1.001117
1.000415
1.000128
1.000033
1.000007
1.000000
1.000000
1.000000
1.000000
1.000000
1.000000
1.000000
1.000000
1.000000
1.000000
1.000000
1.000000
1.000000
1.000000
1.000000
1.000000
1.000000
1.000000
1.000000
1.000000
1.000008
1.000048
1.000180
1.000483
1.000880
1.001231
1.001463
1.001584
1.001637
1.001657
1.001663
1.001651
1.001601
1.001425
1.001044
1.000601
1.000274
1.000101
1.000030
1.000007
1.000000
1.000000
1.000000
1.000000
1.000000
1.000000
1.000000
1.000000
1.000000
1.000000
1.000000
1.000000
1.000000
1.000000
1.000000
1.000000
1.000000
1.000000
1.000000
1.000000
1.000000
1.000000
1.000008
1.000040
1.000109
1.000199
1.000276
1.000325
1.000351
1.000364
1.000367
1.000367
1.000365
1.000353
1.000314
1.000231
1.000132
1.000060
1.000020
1.000004
1.000000
1.000000
1.000000
1.000000
1.000000
1.000000
1.000000
1.000000
1.000000
1.000000
1.000000
1.000000
1.000000
1.000000
1.000000
1.000000
1.000000
1.000000
1.000000
1.000000
1.000000
1.000000
1.000000
1.000000
1.000006
1.000020
1.000039
1.000055
1.000065
1.000070
1.000072
1.000072
1.000072
1.000072
1.000070
1.000061
1.000045
1.000025
1.000009
1.000002
1.000000
1.000000
1.000000
1.000000
1.000000
1.000000
1.000000
1.000000
1.000000
1.000000
1.000000
1.000000
1.000000
1.000000
1.000000
1.000000
1.000000
1.000000
1.000000
1.000000
1.000000
1.000000
1.000000
1.000000
1.000000
1.000000
1.000002
1.000005
1.000008
1.000010
1.000010
1.000010
1.000010
1.000010
1.000010
1.000010
1.000009
1.000005
1.000002
1.000000
1.000000
1.000000
1.000000
1.000000
1.000000
1.000000
1.000000
1.000000
1.000000
1.000000
1.000000
1.000000
1.000000
1.000000
1.000000
1.000000
1.000000
1.000000
1.000000
1.000000
1.000000
1.000000
1.000000
1.000000
1.000000
1.000000
1.000000
1.000000
1.000000
1.000000
1.000000
1.000000
1.000000
1.000000
1.000000
1.000000
1.000000
1.000000
1.000000
1.000000
1.000000
1.000000
1.000000
1.000000
1.000000
1.000000
1.000000
1.000000
1.000000
1.000000
1.000000
1.000000
1.000000
1.000000
1.000000
1.000000
1.000000
1.000000
1.000000
1.000000
1.000000
1.000000
1.000000
1.000000
1.000000
1.000000
1.000000
1.000000
1.000000
1.000000
1.000000
1.000000
1.000000
1.000000
1.000000
1.000000
1.000000
1.000000
1.000000
1.000000
1.000000
1.000000
1.000000
1.000000
1.000000
1.000000
1.000000
1.000000
1.000000
1.000000
1.000000
1.000000
1.000000
1.000000
1.000000
1.000000
1.000000
1.000000
1.000000
1.000000
1.000000
1.000000
1.000000
1.000000
1.000000
1.000000
1.000000
1.000000
1.000000
1.000000
1.000000
1.000000
1.000000
1.000000
1.000000
1.000000
1.000000
1.000000
1.000000
1.000000
1.000000
1.000000
1.000000
1.000000
1.000000
1.000000
1.000000
1.000000
1.000000
1.000000
1.000000
1.000000
1.000000
1.000000
1.000000
1.000000
1.000000
1.000000
1.000000
1.000000
1.000000
1.000000
1.000000
1.000000
1.000000
1.000000
1.000000
1.000000
1.000000
1.000000
1.000000
1.000000
1.000000
1.000000
1.000000
1.000000
1.000000
1.000000
1.000000
1.000000
1.000000
1.000000
1.000000
1.000000
1.000000
1.000000
1.000000
1.000000
1.000000
1.000000
1.000000
1.000000
1.000000
1.000000
1.000000
1.000000
1.000000
1.000000
1.000000
1.000000
1.000000
1.000000
1.000000
1.000000
1.000000
1.000000
1.000000
1.000000
1.000000
1.000000
1.000000
1.000000
1.000000
1.000000
1.000000
1.000000
1.000000
1.000000
1.000000
1.000000
1.000000
1.000000
1.000000
1.000000
1.000000
1.000000
1.000000
1.000000
1.000000
1.000000
1.000000
1.000000
1.000000
1.000000
1.000000
1.000000
1.000000
1.000000
1.000000
1.000000
1.000000
1.000000
1.000000
1.000000
1.000000
1.000000
1.000000
1.000000
1.000000
1.000000
1.000000
1.000000
1.000000
1.000000
1.000000
1.000000
1.000000
1.000000
1.000000
1.000000
1.000000
1.000000
1.000000
1.000000
1.000000
1.000000
1.000000
1.000000
1.000000
1.000000
1.000000
1.000000
1.000000
1.000000
1.000000
1.000000
1.000000
1.000000
1.000000
1.000000
1.000000
1.000000
1.000000
1.000000
1.000000
1.000000
1.000000
1.000000
1.000000
1.000000
1.000000
1.000000
1.000000
1.000000
1.000000
1.000000
1.000000
1.000000
1.000000
1.000000
1.000000
1.000000
1.000000
1.000000
1.000000
1.000000
1.000000
1.000000
1.000000
1.000000
1.000000
1.000000
1.000000
1.000000
1.000000
1.000000
1.000000
1.000000
1.000000
1.000000
1.000000
1.000000
1.000000
1.000000
1.000000
1.000000
1.000000
1.000000
1.000000
1.000000
1.000000
1.000000
1.000000
1.000000
1.000000
1.000000
1.000000
1.000000
1.000000
1.000000
1.000000
1.000000
1.000000
1.000000
1.000000
1.000000
1.000000
1.000000
1.000000
1.000000
1.000000
1.000000
1.000000
1.000000
1.000000
1.000000
1.000000
1.000000
1.000000
1.000000
1.000000
1.000000
1.000000
1.000000
1.000000
1.000000
1.000000
1.000000
1.000000
1.000000
1.000000
1.000000
1.000000
1.000000
1.000000
1.000000
1.000000
1.000000
1.000000
1.000000
1.000000
1.000000
1.000000
1.000000
1.000000
1.000000
1.000000
1.000000
1.000000
1.000000
1.000000
1.000000
1.000000
1.000000
1.000000
1.000000
1.000000
1.000000
1.000000
1.000000
1.000000
1.000000
1.000000
1.000000
1.000000
1.000000
