1.000000
1.000000
1.000000
1.000000
1.000000
1.000000
1.000000
1.000000
1.000000
1.000000
1.000000
1.000000
1.000000
1.000000
1.000000
1.000000
1.000000
1.000000
1.000000
1.000000
1.000000
1.000000
1.000000
1.000000
1.000000
1.000000
1.000000
1.000000
1.000000
1.000000
1.000000
1.000000
1.000000
1.000000
1.000000
1.000000
1.000000
1.000000
1.000000
1.000000
1.000000
1.000000
1.000000
1.000000
1.000000
1.000000
1.000000
1.000000
1.000000
1.000000
1.000000
1.000000
1.000000
1.000000
1.000000
1.000000
1.000000
1.000000
1.000000
1.000000
1.000000
1.000000
1.000000
1.000000
1.000000
1.000000
1.000000
1.000000
1.000000
1.000000
1.000000
1.000000
1.000000
1.000000
1.000000
1.000000
1.000000
1.000000
1.000000
1.000000
1.000000
1.000000
1.000000
1.000000
1.000000
1.000000
1.000000
1.000000
1.000000
1.000000
1.000000
1.000000
1.000000
1.000000
1.000000
1.000000
1.000000
1.000000
1.000000
1.000000
1.000000
1.000000
1.000000
1.000000
1.000000
1.000000
1.000000
1.000000
1.000000
1.000000
1.000000
1.000000
1.000000
1.000000
1.000000
1.000000
1.000000
1.000000
1.000000
1.000000
1.000000
1.000000
1.000000
1.000000
1.000000
1.000000
1.000000
1.000000
1.000000
1.000000
1.000000
1.000000
1.000000
1.000000
1.000000
1.000000
1.000000
1.000000
1.000000
1.000000
1.000000
1.000000
1.000000
1.000000
1.000000
1.000000
1.000000
1.000000
1.000000
1.000000
1.000000
1.000000
1.000000
1.000000
1.000000
1.000000
1.000000
1.000000
1.000000
1.000000
1.000000
1.000000
1.000000
1.000000
1.000000
1.000000
1.000000
1.000000
1.000000
1.000000
1.000000
1.000000
1.000000
1.000000
1.000000
1.000000
1.000000
1.000000
1.000000
1.000000
1.000000
1.000000
1.000000
1.000000
1.000000
1.000000
1.000000
1.000000
1.000000
1.000000
1.000000
1.000000
1.000000
1.000000
1.000000
1.000000
1.000000
1.000000
1.000000
1.000000
1.000000
1.000000
1.000000
1.000000
1.000000
1.000000
1.000000
1.000000
1.000000
1.000000
1.000000
1.000000
1.000000
1.000000
1.000000
1.000000
1.000000
1.000000
1.000000
1.000003
1.000003
1.000003
1.000003
1.000003
1.000003
1.000001
1.000000
1.000000
1.000000
1.000000
1.000000
1.000000
1.000000
1.000000
1.000000
1.000000
1.000000
1.000000
1.000000
1.000000
1.000000
1.000000
1.000000
1.000000
1.000000
1.000000
1.000000
1.000000
1.000000
1.000000
1.000000
1.000000
1.000000
1.000000
1.000000
1.000010
1.000013
1.000027
1.000040
1.000064
1.000072
1.000072
1.000072
1.000072
1.000072
1.000072
1.000067
1.000054
1.000041
1.000022
1.000009
1.000000
1.000000
1.000000
1.000000
1.000000
1.000000
1.000000
1.000000
1.000000
1.000000
1.000000
1.000000
1.000000
1.000000
1.000000
1.000000
1.000000
1.000000
1.000000
1.000000
1.000000
1.000000
1.000000
1.000000
1.000013
1.000085
1.000212
1.000378
1.000523
1.000626
1.000679
1.000705
1.000719
1.000724
1.000720
1.000701
1.000636
1.000513
1.000348
1.000196
1.000090
1.000038
1.000014
1.000000
1.000000
1.000000
1.000000
1.000000
1.000000
1.000000
1.000000
1.000000
1.000000
1.000000
1.000000
1.000000
1.000000
1.000000
1.000000
1.000000
1.000000
1.000000
1.000000
1.000013
1.000052
1.000213
1.000674
1.001562
1.002700
1.003739
1.004468
1.004884
1.005080
1.005158
1.005186
1.005162
1.005029
1.004625
1.003767
1.002582
1.001464
1.000691
1.000276
1.000095
1.000029
1.000009
1.000000
1.000000
1.000000
1.000000
1.000000
1.000000
1.000000
1.000000
1.000000
1.000000
1.000000
1.000000
1.000000
1.000000
1.000000
1.000000
1.000000
1.000013
1.000061
1.000298
1.001171
1.003565
1.008116
1.013885
1.019174
1.022945
1.025144
1.026227
1.026685
1.026830
1.026739
1.026143
1.024243
1.020051
1.014012
1.008085
1.003863
1.001553
1.000535
1.000160
1.000045
1.000013
1.000000
1.000000
1.000000
1.000000
1.000000
1.000000
1.000000
1.000000
1.000000
1.000000
1.000000
1.000000
1.000000
1.000000
1.000000
1.000001
1.000035
1.000221
1.001086
1.004214
1.012575
1.028030
1.047292
1.065005
1.077939
1.085793
1.089870
1.091704
1.092364
1.092211
1.090548
1.084939
1.071866
1.051663
1.030525
1.014804
1.005996
1.002071
1.000622
1.000166
1.000040
1.000013
1.000000
1.000000
1.000000
1.000000
1.000000
1.000000
1.000000
1.000000
1.000000
1.000000
1.000000
1.000000
1.000000
1.000000
1.000013
1.000083
1.000512
1.002492
1.009577
1.028149
1.061732
1.103266
1.142003
1.171319
1.190087
1.200490
1.205539
1.207592
1.207695
1.204773
1.194122
1.167825
1.124024
1.074901
1.036692
1.014868
1.005116
1.001529
1.000403
1.000095
1.000026
1.000006
1.000000
1.000000
1.000000
1.000000
1.000000
1.000000
1.000000
1.000000
1.000000
1.000000
1.000000
1.000000
1.000000
1.000022
1.000147
1.000861
1.004141
1.015834
1.046185
1.100541
1.168093
1.232627
1.283551
1.318034
1.338459
1.349134
1.353945
1.354996
1.351192
1.335618
1.295016
1.222749
1.136551
1.067034
1.026963
1.009178
1.002713
1.000712
1.000168
1.000041
1.000009
1.000000
1.000000
1.000000
1.000000
1.000000
1.000000
1.000000
1.000000
1.000000
1.000000
1.000000
1.000000
1.000000
1.000027
1.000196
1.001153
1.005568
1.021282
1.062010
1.135064
1.227132
1.317662
1.392178
1.445369
1.478836
1.497525
1.506655
1.509577
1.505544
1.485883
1.431980
1.330781
1.204192
1.099684
1.039554
1.013258
1.003866
1.001003
1.000236
1.000054
1.000011
1.000000
1.000000
1.000000
1.000000
1.000000
1.000000
1.000000
1.000000
1.000000
1.000000
1.000000
1.000000
1.000000
1.000033
1.000231
1.001352
1.006547
1.025080
1.073297
1.160465
1.272307
1.385507
1.482336
1.554713
1.602661
1.630957
1.645681
1.651335
1.647730
1.624902
1.559428
1.431548
1.266404
1.128649
1.050207
1.016557
1.004763
1.001222
1.000284
1.000062
1.000013
1.000000
1.000000
1.000000
1.000000
1.000000
1.000000
1.000000
1.000000
1.000000
1.000000
1.000000
1.000000
1.000001
1.000036
1.000248
1.001469
1.007104
1.027295
1.080106
1.176492
1.302320
1.432937
1.548337
1.637923
1.699804
1.737969
1.758811
1.767686
1.764964
1.739746
1.664574
1.513838
1.315732
1.150500
1.057797
1.018785
1.005342
1.001359
1.000313
1.000067
1.000014
1.000000
1.000000
1.000000
1.000000
1.000000
1.000000
1.000000
1.000000
1.000000
1.000000
1.000000
1.000000
1.000001
1.000036
1.000260
1.001521
1.007375
1.028406
1.083666
1.185346
1.319923
1.462402
1.591468
1.694628
1.768204
1.815133
1.841690
1.853735
1.852059
1.825052
1.742110
1.573254
1.349887
1.164763
1.062450
1.020076
1.005662
1.001430
1.000328
1.000069
1.000014
1.000000
1.000000
1.000000
1.000000
1.000000
1.000000
1.000000
1.000000
1.000000
1.000000
1.000000
1.000000
1.000001
1.000036
1.000262
1.001542
1.007490
1.028894
1.085306
1.189681
1.329125
1.478784
1.616758
1.729359
1.811535
1.865227
1.896381
1.911072
1.910338
1.882021
1.793260
1.611303
1.370674
1.172905
1.064939
1.020728
1.005817
1.001462
1.000334
1.000070
1.000014
1.000000
1.000000
1.000000
1.000000
1.000000
1.000000
1.000000
1.000000
1.000000
1.000000
1.000000
1.000000
1.000001
1.000036
1.000262
1.001551
1.007533
1.029069
1.085945
1.191523
1.333368
1.486888
1.630015
1.748417
1.836148
1.894393
1.928749
1.945333
1.945288
1.916052
1.823294
1.632798
1.381715
1.176917
1.066077
1.021006
1.005880
1.001476
1.000336
1.000070
1.000014
1.000000
1.000000
1.000000
1.000000
1.000000
1.000000
1.000000
1.000000
1.000000
1.000000
1.000000
1.000000
1.000001
1.000036
1.000261
1.001545
1.007514
1.029016
1.085901
1.191760
1.334490
1.489735
1.635422
1.756912
1.847750
1.908633
1.944895
1.962619
1.962964
1.933069
1.837712
1.642144
1.385658
1.177921
1.066214
1.020999
1.005868
1.001469
1.000333
1.000070
1.000014
1.000000
1.000000
1.000000
1.000000
1.000000
1.000000
1.000000
1.000000
1.000000
1.000000
1.000000
1.000000
1.000001
1.000034
1.000251
1.001502
1.007319
1.028360
1.084286
1.188978
1.330873
1.485917
1.632046
1.754436
1.846346
1.908201
1.945172
1.963284
1.963607
1.932927
1.835421
1.636851
1.379490
1.173827
1.064384
1.020362
1.005679
1.001420
1.000321
1.000067
1.000013
1.000000
1.000000
1.000000
1.000000
1.000000
1.000000
1.000000
1.000000
1.000000
1.000000
1.000000
1.000000
1.000000
1.000030
1.000229
1.001349
1.006616
1.025875
1.077859
1.176970
1.313304
1.463729
1.606283
1.725941
1.815750
1.876017
1.911830
1.929077
1.928443
1.895938
1.795306
1.595896
1.347255
1.156196
1.057238
1.018002
1.005005
1.001250
1.000284
1.000058
1.000011
1.000000
1.000000
1.000000
1.000000
1.000000
1.000000
1.000000
1.000000
1.000000
1.000000
1.000000
1.000000
1.000000
1.000021
1.000177
1.001057
1.005232
1.020778
1.063853
1.148717
1.268737
1.403526
1.532233
1.640121
1.720369
1.773388
1.804174
1.818130
1.814980
1.779632
1.677462
1.489086
1.273755
1.119896
1.043407
1.013590
1.003772
1.000941
1.000213
1.000044
1.000007
1.000000
1.000000
1.000000
1.000000
1.000000
1.000000
1.000000
1.000000
1.000000
1.000000
1.000000
1.000000
1.000000
1.000013
1.000113
1.000697
1.003503
1.014143
1.044463
1.106377
1.196627
1.299706
1.398301
1.479900
1.539081
1.576817
1.597690
1.605905
1.599926
1.565280
1.475047
1.326671
1.175507
1.075404
1.027187
1.008525
1.002370
1.000591
1.000132
1.000027
1.000003
1.000000
1.000000
1.000000
1.000000
1.000000
1.000000
1.000000
1.000000
1.000000
1.000000
1.000000
1.000000
1.000000
1.000007
1.000062
1.000391
1.001975
1.008075
1.025842
1.063074
1.118295
1.181443
1.240836
1.288378
1.321288
1.341120
1.351320
1.354358
1.348269
1.322659
1.262365
1.173629
1.091189
1.039038
1.014152
1.004467
1.001248
1.000312
1.000069
1.000012
1.000000
1.000000
1.000000
1.000000
1.000000
1.000000
1.000000
1.000000
1.000000
1.000000
1.000000
1.000000
1.000000
1.000000
1.000000
1.000028
1.000186
1.000943
1.003895
1.012608
1.031085
1.058488
1.089260
1.117168
1.138386
1.152196
1.159973
1.163642
1.164262
1.160451
1.146791
1.116822
1.075857
1.039650
1.017086
1.006256
1.001991
1.000559
1.000139
1.000031
1.000005
1.000000
1.000000
1.000000
1.000000
1.000000
1.000000
1.000000
1.000000
1.000000
1.000000
1.000000
1.000000
1.000000
1.000000
1.000000
1.000014
1.000071
1.000386
1.001612
1.005248
1.012975
1.024304
1.036665
1.047378
1.055072
1.059771
1.062245
1.063311
1.063323
1.061610
1.055960
1.044063
1.028443
1.014919
1.006488
1.002398
1.000769
1.000216
1.000052
1.000011
1.000000
1.000000
1.000000
1.000000
1.000000
1.000000
1.000000
1.000000
1.000000
1.000000
1.000000
1.000000
1.000000
1.000000
1.000000
1.000000
1.000000
1.000024
1.000138
1.000580
1.001896
1.004686
1.008713
1.012974
1.016509
1.018918
1.020307
1.020996
1.021268
1.021222
1.020600
1.018641
1.014610
1.009425
1.004968
1.002177
1.000811
1.000260
1.000073
1.000017
1.000001
1.000000
1.000000
1.000000
1.000000
1.000000
1.000000
1.000000
1.000000
1.000000
1.000000
1.000000
1.000000
1.000000
1.000000
1.000000
1.000000
1.000000
1.000007
1.000040
1.000184
1.000603
1.001491
1.002751
1.004048
1.005085
1.005761
1.006132
1.006307
1.006373
1.006348
1.006153
1.005557
1.004346
1.002805
1.001485
1.000654
1.000244
1.000078
1.000021
1.000003
1.000000
1.000000
1.000000
1.000000
1.000000
1.000000
1.000000
1.000000
1.000000
1.000000
1.000000
1.000000
1.000000
1.000000
1.000000
1.000000
1.000000
1.000000
1.000000
1.000010
1.000051
1.000171
1.000422
1.000775
1.001130
1.001405
1.001579
1.001669
1.001711
1.001727
1.001716
1.001664
1.001501
1.001172
1.000757
1.000401
1.000176
1.000065
1.000020
1.000004
1.000000
1.000000
1.000000
1.000000
1.000000
1.000000
1.000000
1.000000
1.000000
1.000000
1.000000
1.000000
1.000000
1.000000
1.000000
1.000000
1.000000
1.000000
1.000000
1.000000
1.000000
1.000010
1.000043
1.000106
1.000196
1.000285
1.000351
1.000392
1.000412
1.000424
1.000427
1.000423
1.000409
1.000369
1.000288
1.000186
1.000097
1.000043
1.000014
1.000002
1.000000
1.000000
1.000000
1.000000
1.000000
1.000000
1.000000
1.000000
1.000000
1.000000
1.000000
1.000000
1.000000
1.000000
1.000000
1.000000
1.000000
1.000000
1.000000
1.000000
1.000000
1.000000
1.000000
1.000007
1.000021
1.000043
1.000063
1.000079
1.000089
1.000093
1.000095
1.000095
1.000095
1.000091
1.000081
1.000064
1.000041
1.000019
1.000006
1.000000
1.000000
1.000000
1.000000
1.000000
1.000000
1.000000
1.000000
1.000000
1.000000
1.000000
1.000000
1.000000
1.000000
1.000000
1.000000
1.000000
1.000000
1.000000
1.000000
1.000000
1.000000
1.000000
1.000000
1.000000
1.000000
1.000003
1.000007
1.000011
1.000014
1.000015
1.000016
1.000016
1.000016
1.000016
1.000015
1.000013
1.000010
1.000005
1.000001
1.000000
1.000000
1.000000
1.000000
1.000000
1.000000
1.000000
1.000000
1.000000
1.000000
1.000000
1.000000
1.000000
1.000000
1.000000
1.000000
1.000000
1.000000
1.000000
1.000000
1.000000
1.000000
1.000000
1.000000
1.000000
1.000000
1.000000
1.000000
1.000000
1.000000
1.000000
1.000001
1.000001
1.000001
1.000001
1.000001
1.000001
1.000000
1.000000
1.000000
1.000000
1.000000
1.000000
1.000000
1.000000
1.000000
1.000000
1.000000
1.000000
1.000000
1.000000
1.000000
1.000000
1.000000
1.000000
1.000000
1.000000
1.000000
1.000000
1.000000
1.000000
1.000000
1.000000
1.000000
1.000000
1.000000
1.000000
1.000000
1.000000
1.000000
1.000000
1.000000
1.000000
1.000000
1.000000
1.000000
1.000000
1.000000
1.000000
1.000000
1.000000
1.000000
1.000000
1.000000
1.000000
1.000000
1.000000
1.000000
1.000000
1.000000
1.000000
1.000000
1.000000
1.000000
1.000000
1.000000
1.000000
1.000000
1.000000
1.000000
1.000000
1.000000
1.000000
1.000000
1.000000
1.000000
1.000000
1.000000
1.000000
1.000000
1.000000
1.000000
1.000000
1.000000
1.000000
1.000000
1.000000
1.000000
1.000000
1.000000
1.000000
1.000000
1.000000
1.000000
1.000000
1.000000
1.000000
1.000000
1.000000
1.000000
1.000000
1.000000
1.000000
1.000000
1.000000
1.000000
1.000000
1.000000
1.000000
1.000000
1.000000
1.000000
1.000000
1.000000
1.000000
1.000000
1.000000
1.000000
1.000000
1.000000
1.000000
1.000000
1.000000
1.000000
1.000000
1.000000
1.000000
1.000000
1.000000
1.000000
1.000000
1.000000
1.000000
1.000000
1.000000
1.000000
1.000000
1.000000
1.000000
1.000000
1.000000
1.000000
1.000000
1.000000
1.000000
1.000000
1.000000
1.000000
1.000000
1.000000
1.000000
1.000000
1.000000
1.000000
1.000000
1.000000
1.000000
1.000000
1.000000
1.000000
1.000000
1.000000
1.000000
1.000000
1.000000
1.000000
1.000000
1.000000
1.000000
1.000000
1.000000
1.000000
1.000000
1.000000
1.000000
1.000000
1.000000
1.000000
1.000000
1.000000
1.000000
1.000000
1.000000
1.000000
1.000000
1.000000
1.000000
1.000000
1.000000
1.000000
1.000000
1.000000
1.000000
1.000000
1.000000
1.000000
1.000000
1.000000
1.000000
1.000000
1.000000
1.000000
1.000000
1.000000
1.000000
1.000000
1.000000
1.000000
1.000000
1.000000
1.000000
1.000000
1.000000
1.000000
1.000000
1.000000
1.000000
1.000000
1.000000
1.000000
1.000000
1.000000
1.000000
1.000000
1.000000
1.000000
1.000000
1.000000
1.000000
1.000000
1.000000
1.000000
1.000000
1.000000
1.000000
1.000000
1.000000
1.000000
1.000000
1.000000
1.000000
1.000000
1.000000
1.000000
1.000000
1.000000
1.000000
1.000000
1.000000
1.000000
1.000000
1.000000
1.000000
1.000000
1.000000
1.000000
1.000000
1.000000
1.000000
1.000000
1.000000
1.000000
1.000000
1.000000
1.000000
1.000000
1.000000
1.000000
1.000000
1.000000
1.000000
1.000000
1.000000
1.000000
1.000000
1.000000
1.000000
1.000000
1.000000
1.000000
1.000000
1.000000
1.000000
1.000000
1.000000
1.000000
1.000000
1.000000
1.000000
1.000000
1.000000
1.000000
1.000000
1.000000
1.000000
1.000000
1.000000
1.000000
1.000000
1.000000
1.000000
1.000000
1.000000
1.000000
1.000000
1.000000
1.000000
1.000000
1.000000
1.000000
1.000000
1.000000
1.000000
1.000000
1.000000
