1.000000
1.000000
1.000000
1.000000
1.000000
1.000000
1.000000
1.000000
1.000000
1.000000
1.000000
1.000000
1.000000
1.000000
1.000000
1.000000
1.000000
1.000000
1.000000
1.000000
1.000000
1.000000
1.000000
1.000000
1.000000
1.000000
1.000000
1.000000
1.000000
1.000000
1.000000
1.000000
1.000000
1.000000
1.000000
1.000000
1.000000
1.000000
1.000000
1.000000
1.000000
1.000000
1.000000
1.000000
1.000000
1.000000
1.000000
1.000000
1.000000
1.000000
1.000000
1.000000
1.000000
1.000000
1.000000
1.000000
1.000000
1.000000
1.000000
1.000000
1.000000
1.000000
1.000000
1.000000
1.000000
1.000000
1.000000
1.000000
1.000000
1.000000
1.000000
1.000000
1.000000
1.000000
1.000000
1.000000
1.000000
1.000000
1.000000
1.000000
1.000000
1.000000
1.000000
1.000000
1.000000
1.000000
1.000000
1.000000
1.000000
1.000000
1.000000
1.000000
1.000000
1.000000
1.000000
1.000000
1.000000
1.000000
1.000000
1.000000
1.000000
1.000000
1.000000
1.000000
1.000000
1.000000
1.000000
1.000000
1.000000
1.000000
1.000000
1.000000
1.000000
1.000000
1.000000
1.000000
1.000000
1.000000
1.000000
1.000000
1.000000
1.000000
1.000000
1.000000
1.000000
1.000000
1.000000
1.000000
1.000000
1.000000
1.000000
1.000000
1.000000
1.000000
1.000000
1.000000
1.000000
1.000000
1.000000
1.000000
1.000000
1.000000
1.000000
1.000000
1.000000
1.000000
1.000000
1.000000
1.000000
1.000000
1.000000
1.000000
1.000000
1.000000
1.000000
1.000000
1.000000
1.000000
1.000000
1.000000
1.000000
1.000000
1.000000
1.000000
1.000000
1.000000
1.000000
1.000000
1.000000
1.000000
1.000000
1.000000
1.000000
1.000000
1.000000
1.000000
1.000000
1.000000
1.000000
1.000000
1.000000
1.000000
1.000000
1.000000
1.000000
1.000000
1.000000
1.000000
1.000000
1.000000
1.000000
1.000000
1.000000
1.000000
1.000000
1.000000
1.000000
1.000000
1.000000
1.000000
1.000000
1.000000
1.000000
1.000000
1.000000
1.000000
1.000000
1.000000
1.000000
1.000000
1.000000
1.000000
1.000000
1.000000
1.000000
1.000000
1.000000
1.000000
1.000000
1.000000
1.000000
1.000000
1.000000
1.000000
1.000000
1.000000
1.000000
1.000000
1.000000
1.000000
1.000000
1.000000
1.000000
1.000000
1.000000
1.000000
1.000000
1.000000
1.000000
1.000000
1.000000
1.000000
1.000000
1.000000
1.000000
1.000000
1.000000
1.000000
1.000000
1.000000
1.000000
1.000000
1.000000
1.000000
1.000000
1.000010
1.000013
1.000027
1.000040
1.000057
1.000064
1.000064
1.000065
1.000065
1.000064
1.000063
1.000055
1.000042
1.000029
1.000015
1.000002
1.000000
1.000000
1.000000
1.000000
1.000000
1.000000
1.000000
1.000000
1.000000
1.000000
1.000000
1.000000
1.000000
1.000000
1.000000
1.000000
1.000000
1.000000
1.000000
1.000000
1.000000
1.000000
1.000000
1.000000
1.000013
1.000085
1.000216
1.000384
1.000519
1.000610
1.000652
1.000670
1.000680
1.000682
1.000678
1.000661
1.000595
1.000465
1.000295
1.000153
1.000065
1.000024
1.000010
1.000000
1.000000
1.000000
1.000000
1.000000
1.000000
1.000000
1.000000
1.000000
1.000000
1.000000
1.000000
1.000000
1.000000
1.000000
1.000000
1.000000
1.000000
1.000000
1.000000
1.000011
1.000050
1.000218
1.000729
1.001756
1.003032
1.004121
1.004825
1.005190
1.005348
1.005404
1.005423
1.005395
1.005254
1.004798
1.003788
1.002445
1.001278
1.000548
1.000197
1.000061
1.000016
1.000002
1.000000
1.000000
1.000000
1.000000
1.000000
1.000000
1.000000
1.000000
1.000000
1.000000
1.000000
1.000000
1.000000
1.000000
1.000000
1.000000
1.000000
1.000013
1.000054
1.000298
1.001282
1.004190
1.009923
1.016964
1.023023
1.027020
1.029157
1.030117
1.030486
1.030586
1.030469
1.029779
1.027431
1.022040
1.014537
1.007730
1.003352
1.001212
1.000373
1.000100
1.000022
1.000007
1.000000
1.000000
1.000000
1.000000
1.000000
1.000000
1.000000
1.000000
1.000000
1.000000
1.000000
1.000000
1.000000
1.000000
1.000000
1.000000
1.000028
1.000210
1.001144
1.004865
1.015550
1.035923
1.060527
1.081882
1.096435
1.104623
1.108538
1.110154
1.110672
1.110412
1.108387
1.101139
1.083478
1.056836
1.030966
1.013610
1.004949
1.001528
1.000409
1.000094
1.000021
1.000006
1.000000
1.000000
1.000000
1.000000
1.000000
1.000000
1.000000
1.000000
1.000000
1.000000
1.000000
1.000000
1.000000
1.000000
1.000013
1.000073
1.000484
1.002589
1.010889
1.034280
1.077888
1.130371
1.176973
1.210246
1.230208
1.240512
1.245142
1.246859
1.246710
1.243102
1.229362
1.193878
1.135852
1.075447
1.033341
1.012082
1.003704
1.000985
1.000231
1.000051
1.000011
1.000000
1.000000
1.000000
1.000000
1.000000
1.000000
1.000000
1.000000
1.000000
1.000000
1.000000
1.000000
1.000000
1.000000
1.000015
1.000119
1.000776
1.004149
1.017388
1.054409
1.122936
1.206315
1.282787
1.340228
1.376990
1.397420
1.407370
1.411498
1.412040
1.407201
1.387211
1.332923
1.238012
1.133475
1.058730
1.021031
1.006366
1.001670
1.000390
1.000082
1.000018
1.000002
1.000000
1.000000
1.000000
1.000000
1.000000
1.000000
1.000000
1.000000
1.000000
1.000000
1.000000
1.000000
1.000000
1.000020
1.000154
1.001003
1.005377
1.022558
1.070643
1.160062
1.270987
1.376352
1.459393
1.515702
1.549075
1.566480
1.574333
1.576296
1.570795
1.545527
1.474004
1.342620
1.192245
1.083594
1.029431
1.008763
1.002273
1.000525
1.000110
1.000023
1.000004
1.000000
1.000000
1.000000
1.000000
1.000000
1.000000
1.000000
1.000000
1.000000
1.000000
1.000000
1.000000
1.000000
1.000022
1.000174
1.001144
1.006138
1.025828
1.081227
1.185269
1.317101
1.446436
1.552680
1.628275
1.675489
1.701497
1.713985
1.717965
1.712316
1.682791
1.596489
1.432739
1.241366
1.103350
1.035748
1.010482
1.002685
1.000614
1.000128
1.000026
1.000004
1.000000
1.000000
1.000000
1.000000
1.000000
1.000000
1.000000
1.000000
1.000000
1.000000
1.000000
1.000000
1.000000
1.000022
1.000186
1.001215
1.006528
1.027552
1.087031
1.199876
1.345496
1.492153
1.616639
1.708600
1.768401
1.802743
1.819986
1.826197
1.820722
1.787852
1.689557
1.499683
1.276210
1.116518
1.039704
1.011503
1.002919
1.000662
1.000138
1.000027
1.000004
1.000000
1.000000
1.000000
1.000000
1.000000
1.000000
1.000000
1.000000
1.000000
1.000000
1.000000
1.000000
1.000000
1.000022
1.000189
1.001243
1.006697
1.028330
1.089782
1.207248
1.360838
1.518457
1.655445
1.759427
1.829040
1.870225
1.891555
1.899774
1.894581
1.859192
1.751856
1.542985
1.297499
1.124033
1.041819
1.012018
1.003034
1.000684
1.000140
1.000027
1.000004
1.000000
1.000000
1.000000
1.000000
1.000000
1.000000
1.000000
1.000000
1.000000
1.000000
1.000000
1.000000
1.000000
1.000022
1.000190
1.001256
1.006763
1.028635
1.090924
1.210529
1.368179
1.531899
1.676389
1.788047
1.864262
1.910249
1.934552
1.944278
1.939330
1.902178
1.788661
1.567503
1.308814
1.127756
1.042801
1.012245
1.003081
1.000694
1.000141
1.000028
1.000004
1.000000
1.000000
1.000000
1.000000
1.000000
1.000000
1.000000
1.000000
1.000000
1.000000
1.000000
1.000000
1.000000
1.000022
1.000190
1.001257
1.006782
1.028729
1.091309
1.211767
1.371230
1.537935
1.686373
1.802311
1.882378
1.931269
1.957419
1.968097
1.963302
1.925026
1.807727
1.579544
1.313957
1.129307
1.043175
1.012323
1.003097
1.000696
1.000142
1.000028
1.000004
1.000000
1.000000
1.000000
1.000000
1.000000
1.000000
1.000000
1.000000
1.000000
1.000000
1.000000
1.000000
1.000000
1.000022
1.000189
1.001251
1.006756
1.028633
1.091108
1.211610
1.371561
1.539383
1.689519
1.807446
1.889389
1.939739
1.966833
1.977995
1.973238
1.934251
1.814768
1.583037
1.314734
1.129231
1.043061
1.012277
1.003081
1.000691
1.000141
1.000027
1.000004
1.000000
1.000000
1.000000
1.000000
1.000000
1.000000
1.000000
1.000000
1.000000
1.000000
1.000000
1.000000
1.000000
1.000021
1.000181
1.001209
1.006548
1.027851
1.089009
1.207749
1.366190
1.533068
1.682801
1.800686
1.882745
1.933221
1.960386
1.971532
1.966547
1.926745
1.805480
1.572539
1.306577
1.125114
1.041543
1.011820
1.002963
1.000667
1.000135
1.000026
1.000004
1.000000
1.000000
1.000000
1.000000
1.000000
1.000000
1.000000
1.000000
1.000000
1.000000
1.000000
1.000000
1.000000
1.000019
1.000162
1.001057
1.005764
1.024788
1.080425
1.190951
1.341018
1.500673
1.644485
1.757599
1.835948
1.883745
1.909154
1.919176
1.913126
1.871437
1.747809
1.519203
1.270910
1.108624
1.035744
1.010126
1.002532
1.000569
1.000116
1.000021
1.000003
1.000000
1.000000
1.000000
1.000000
1.000000
1.000000
1.000000
1.000000
1.000000
1.000000
1.000000
1.000000
1.000000
1.000014
1.000117
1.000780
1.004309
1.018846
1.062634
1.153030
1.279570
1.416442
1.540079
1.636441
1.701930
1.740823
1.760751
1.767672
1.759634
1.716560
1.597232
1.396058
1.198405
1.077872
1.025431
1.007188
1.001794
1.000401
1.000081
1.000013
1.000000
1.000000
1.000000
1.000000
1.000000
1.000000
1.000000
1.000000
1.000000
1.000000
1.000000
1.000000
1.000000
1.000000
1.000008
1.000069
1.000479
1.002663
1.011832
1.040251
1.101133
1.188724
1.284323
1.369782
1.434555
1.476784
1.500605
1.512014
1.514889
1.506282
1.469294
1.376191
1.237530
1.115269
1.044815
1.014653
1.004156
1.001039
1.000230
1.000046
1.000006
1.000000
1.000000
1.000000
1.000000
1.000000
1.000000
1.000000
1.000000
1.000000
1.000000
1.000000
1.000000
1.000000
1.000000
1.000000
1.000033
1.000243
1.001361
1.006124
1.021175
1.054155
1.102018
1.153609
1.198200
1.230318
1.249985
1.260336
1.264864
1.265321
1.259245
1.236478
1.183715
1.112571
1.054033
1.021088
1.006950
1.001984
1.000499
1.000109
1.000022
1.000002
1.000000
1.000000
1.000000
1.000000
1.000000
1.000000
1.000000
1.000000
1.000000
1.000000
1.000000
1.000000
1.000000
1.000000
1.000000
1.000015
1.000101
1.000584
1.002650
1.009253
1.023835
1.044807
1.066735
1.084766
1.096956
1.103915
1.107317
1.108662
1.108518
1.105575
1.095346
1.072827
1.044142
1.021237
1.008365
1.002783
1.000800
1.000201
1.000044
1.000007
1.000000
1.000000
1.000000
1.000000
1.000000
1.000000
1.000000
1.000000
1.000000
1.000000
1.000000
1.000000
1.000000
1.000000
1.000000
1.000000
1.000002
1.000034
1.000213
1.000978
1.003432
1.008848
1.016504
1.024223
1.030250
1.034082
1.036130
1.037066
1.037399
1.037276
1.036177
1.032508
1.024649
1.014918
1.007219
1.002869
1.000962
1.000277
1.000069
1.000014
1.000000
1.000000
1.000000
1.000000
1.000000
1.000000
1.000000
1.000000
1.000000
1.000000
1.000000
1.000000
1.000000
1.000000
1.000000
1.000000
1.000000
1.000000
1.000013
1.000067
1.000312
1.001102
1.002838
1.005245
1.007592
1.009343
1.010399
1.010932
1.011163
1.011237
1.011186
1.010842
1.009718
1.007347
1.004451
1.002165
1.000866
1.000291
1.000084
1.000020
1.000002
1.000000
1.000000
1.000000
1.000000
1.000000
1.000000
1.000000
1.000000
1.000000
1.000000
1.000000
1.000000
1.000000
1.000000
1.000000
1.000000
1.000000
1.000000
1.000000
1.000017
1.000087
1.000311
1.000800
1.001468
1.002100
1.002554
1.002817
1.002944
1.002996
1.003013
1.002996
1.002901
1.002597
1.001961
1.001189
1.000580
1.000232
1.000077
1.000021
1.000004
1.000000
1.000000
1.000000
1.000000
1.000000
1.000000
1.000000
1.000000
1.000000
1.000000
1.000000
1.000000
1.000000
1.000000
1.000000
1.000000
1.000000
1.000000
1.000000
1.000000
1.000002
1.000019
1.000077
1.000200
1.000365
1.000519
1.000626
1.000685
1.000714
1.000726
1.000729
1.000724
1.000701
1.000627
1.000472
1.000286
1.000139
1.000056
1.000016
1.000002
1.000000
1.000000
1.000000
1.000000
1.000000
1.000000
1.000000
1.000000
1.000000
1.000000
1.000000
1.000000
1.000000
1.000000
1.000000
1.000000
1.000000
1.000000
1.000000
1.000000
1.000000
1.000000
1.000003
1.000014
1.000043
1.000079
1.000114
1.000137
1.000152
1.000157
1.000159
1.000159
1.000158
1.000153
1.000137
1.000103
1.000062
1.000029
1.000009
1.000001
1.000000
1.000000
1.000000
1.000000
1.000000
1.000000
1.000000
1.000000
1.000000
1.000000
1.000000
1.000000
1.000000
1.000000
1.000000
1.000000
1.000000
1.000000
1.000000
1.000000
1.000000
1.000000
1.000000
1.000000
1.000000
1.000007
1.000014
1.000021
1.000026
1.000029
1.000030
1.000030
1.000030
1.000030
1.000029
1.000025
1.000017
1.000009
1.000003
1.000000
1.000000
1.000000
1.000000
1.000000
1.000000
1.000000
1.000000
1.000000
1.000000
1.000000
1.000000
1.000000
1.000000
1.000000
1.000000
1.000000
1.000000
1.000000
1.000000
1.000000
1.000000
1.000000
1.000000
1.000000
1.000000
1.000000
1.000000
1.000000
1.000002
1.000003
1.000003
1.000004
1.000004
1.000004
1.000004
1.000003
1.000003
1.000001
1.000000
1.000000
1.000000
1.000000
1.000000
1.000000
1.000000
1.000000
1.000000
1.000000
1.000000
1.000000
1.000000
1.000000
1.000000
1.000000
1.000000
1.000000
1.000000
1.000000
1.000000
1.000000
1.000000
1.000000
1.000000
1.000000
1.000000
1.000000
1.000000
1.000000
1.000000
1.000000
1.000000
1.000000
1.000000
1.000000
1.000000
1.000000
1.000000
1.000000
1.000000
1.000000
1.000000
1.000000
1.000000
1.000000
1.000000
1.000000
1.000000
1.000000
1.000000
1.000000
1.000000
1.000000
1.000000
1.000000
1.000000
1.000000
1.000000
1.000000
1.000000
1.000000
1.000000
1.000000
1.000000
1.000000
1.000000
1.000000
1.000000
1.000000
1.000000
1.000000
1.000000
1.000000
1.000000
1.000000
1.000000
1.000000
1.000000
1.000000
1.000000
1.000000
1.000000
1.000000
1.000000
1.000000
1.000000
1.000000
1.000000
1.000000
1.000000
1.000000
1.000000
1.000000
1.000000
1.000000
1.000000
1.000000
1.000000
1.000000
1.000000
1.000000
1.000000
1.000000
1.000000
1.000000
1.000000
1.000000
1.000000
1.000000
1.000000
1.000000
1.000000
1.000000
1.000000
1.000000
1.000000
1.000000
1.000000
1.000000
1.000000
1.000000
1.000000
1.000000
1.000000
1.000000
1.000000
1.000000
1.000000
1.000000
1.000000
1.000000
1.000000
1.000000
1.000000
1.000000
1.000000
1.000000
1.000000
1.000000
1.000000
1.000000
1.000000
1.000000
1.000000
1.000000
1.000000
1.000000
1.000000
1.000000
1.000000
1.000000
1.000000
1.000000
1.000000
1.000000
1.000000
1.000000
1.000000
1.000000
1.000000
1.000000
1.000000
1.000000
1.000000
1.000000
1.000000
1.000000
1.000000
1.000000
1.000000
1.000000
1.000000
1.000000
1.000000
1.000000
1.000000
1.000000
1.000000
1.000000
1.000000
1.000000
1.000000
1.000000
1.000000
1.000000
1.000000
1.000000
1.000000
1.000000
1.000000
1.000000
1.000000
1.000000
1.000000
1.000000
1.000000
1.000000
1.000000
1.000000
1.000000
1.000000
1.000000
1.000000
1.000000
1.000000
1.000000
1.000000
1.000000
1.000000
1.000000
1.000000
1.000000
1.000000
1.000000
1.000000
1.000000
1.000000
1.000000
1.000000
1.000000
1.000000
1.000000
1.000000
1.000000
1.000000
1.000000
1.000000
1.000000
1.000000
1.000000
1.000000
1.000000
1.000000
1.000000
1.000000
1.000000
1.000000
1.000000
1.000000
1.000000
1.000000
1.000000
1.000000
1.000000
1.000000
1.000000
1.000000
1.000000
1.000000
1.000000
1.000000
1.000000
1.000000
1.000000
1.000000
1.000000
1.000000
1.000000
1.000000
1.000000
1.000000
1.000000
1.000000
1.000000
1.000000
1.000000
1.000000
1.000000
1.000000
1.000000
1.000000
1.000000
1.000000
1.000000
1.000000
1.000000
1.000000
1.000000
1.000000
1.000000
1.000000
1.000000
1.000000
1.000000
1.000000
1.000000
1.000000
1.000000
1.000000
1.000000
1.000000
1.000000
1.000000
1.000000
1.000000
1.000000
1.000000
1.000000
1.000000
1.000000
1.000000
1.000000
1.000000
1.000000
1.000000
1.000000
1.000000
1.000000
1.000000
1.000000
1.000000
1.000000
1.000000
1.000000
1.000000
1.000000
1.000000
1.000000
1.000000
1.000000
1.000000
1.000000
1.000000
1.000000
1.000000
1.000000
1.000000
1.000000
1.000000
1.000000
1.000000
1.000000
1.000000
1.000000
1.000000
1.000000
1.000000
1.000000
1.000000
1.000000
1.000000
1.000000
1.000000
1.000000
1.000000
1.000000
