1.000000
1.000000
1.000000
1.000000
1.000000
1.000000
1.000000
1.000000
1.000000
1.000000
1.000000
1.000000
1.000000
1.000000
1.000000
1.000000
1.000000
1.000000
1.000000
1.000000
1.000000
1.000000
1.000000
1.000000
1.000000
1.000000
1.000000
1.000000
1.000000
1.000000
1.000000
1.000000
1.000000
1.000000
1.000000
1.000000
1.000000
1.000000
1.000000
1.000000
1.000000
1.000000
1.000000
1.000000
1.000000
1.000000
1.000000
1.000000
1.000000
1.000000
1.000000
1.000000
1.000000
1.000000
1.000000
1.000000
1.000000
1.000000
1.000000
1.000000
1.000000
1.000000
1.000000
1.000000
1.000000
1.000000
1.000000
1.000000
1.000000
1.000000
1.000000
1.000000
1.000000
1.000000
1.000000
1.000000
1.000000
1.000000
1.000000
1.000000
1.000000
1.000000
1.000000
1.000000
1.000000
1.000000
1.000000
1.000000
1.000000
1.000000
1.000000
1.000000
1.000000
1.000000
1.000000
1.000000
1.000000
1.000000
1.000000
1.000000
1.000000
1.000000
1.000000
1.000000
1.000000
1.000000
1.000000
1.000000
1.000000
1.000000
1.000000
1.000000
1.000000
1.000000
1.000000
1.000000
1.000000
1.000000
1.000000
1.000000
1.000000
1.000000
1.000000
1.000000
1.000000
1.000000
1.000000
1.000000
1.000000
1.000000
1.000000
1.000000
1.000000
1.000000
1.000000
1.000000
1.000000
1.000000
1.000000
1.000000
1.000000
1.000000
1.000000
1.000000
1.000000
1.000000
1.000000
1.000000
1.000000
1.000000
1.000000
1.000000
1.000000
1.000000
1.000000
1.000000
1.000000
1.000000
1.000000
1.000000
1.000000
1.000000
1.000000
1.000000
1.000000
1.000000
1.000000
1.000000
1.000000
1.000000
1.000000
1.000000
1.000000
1.000000
1.000000
1.000000
1.000000
1.000000
1.000000
1.000000
1.000000
1.000000
1.000000
1.000000
1.000000
1.000000
1.000000
1.000000
1.000000
1.000000
1.000000
1.000000
1.000000
1.000000
1.000000
1.000000
1.000000
1.000000
1.000000
1.000000
1.000000
1.000000
1.000000
1.000000
1.000000
1.000000
1.000000
1.000000
1.000000
1.000000
1.000000
1.000000
1.000000
1.000000
1.000000
1.000000
1.000000
1.000000
1.000000
1.000002
1.000002
1.000002
1.000002
1.000002
1.000002
1.000000
1.000000
1.000000
1.000000
1.000000
1.000000
1.000000
1.000000
1.000000
1.000000
1.000000
1.000000
1.000000
1.000000
1.000000
1.000000
1.000000
1.000000
1.000000
1.000000
1.000000
1.000000
1.000000
1.000000
1.000000
1.000000
1.000000
1.000000
1.000000
1.000000
1.000010
1.000013
1.000027
1.000040
1.000062
1.000070
1.000070
1.000071
1.000071
1.000070
1.000070
1.000065
1.000052
1.000038
1.000021
1.000007
1.000000
1.000000
1.000000
1.000000
1.000000
1.000000
1.000000
1.000000
1.000000
1.000000
1.000000
1.000000
1.000000
1.000000
1.000000
1.000000
1.000000
1.000000
1.000000
1.000000
1.000000
1.000000
1.000000
1.000000
1.000013
1.000085
1.000214
1.000381
1.000523
1.000624
1.000674
1.000698
1.000712
1.000715
1.000711
1.000693
1.000627
1.000502
1.000334
1.000186
1.000083
1.000034
1.000013
1.000000
1.000000
1.000000
1.000000
1.000000
1.000000
1.000000
1.000000
1.000000
1.000000
1.000000
1.000000
1.000000
1.000000
1.000000
1.000000
1.000000
1.000000
1.000000
1.000000
1.000013
1.000052
1.000215
1.000690
1.001613
1.002786
1.003842
1.004569
1.004972
1.005159
1.005231
1.005256
1.005231
1.005095
1.004678
1.003781
1.002556
1.001422
1.000656
1.000256
1.000084
1.000026
1.000007
1.000000
1.000000
1.000000
1.000000
1.000000
1.000000
1.000000
1.000000
1.000000
1.000000
1.000000
1.000000
1.000000
1.000000
1.000000
1.000000
1.000000
1.000013
1.000059
1.000299
1.001202
1.003720
1.008548
1.014623
1.020109
1.023948
1.026140
1.027195
1.027631
1.027763
1.027665
1.027045
1.025037
1.020567
1.014179
1.008022
1.003744
1.001467
1.000492
1.000144
1.000038
1.000012
1.000000
1.000000
1.000000
1.000000
1.000000
1.000000
1.000000
1.000000
1.000000
1.000000
1.000000
1.000000
1.000000
1.000000
1.000000
1.000000
1.000033
1.000220
1.001104
1.004377
1.013279
1.029850
1.050352
1.068944
1.082295
1.090253
1.094301
1.096084
1.096709
1.096528
1.094775
1.088785
1.074684
1.053006
1.030718
1.014548
1.005739
1.001929
1.000563
1.000145
1.000034
1.000011
1.000000
1.000000
1.000000
1.000000
1.000000
1.000000
1.000000
1.000000
1.000000
1.000000
1.000000
1.000000
1.000000
1.000000
1.000013
1.000081
1.000507
1.002524
1.009914
1.029620
1.065500
1.109591
1.150225
1.180544
1.199651
1.210059
1.215016
1.216988
1.217025
1.213934
1.202566
1.174207
1.127150
1.075278
1.035972
1.014184
1.004745
1.001377
1.000352
1.000082
1.000021
1.000004
1.000000
1.000000
1.000000
1.000000
1.000000
1.000000
1.000000
1.000000
1.000000
1.000000
1.000000
1.000000
1.000000
1.000020
1.000140
1.000843
1.004158
1.016253
1.048203
1.105858
1.177148
1.244584
1.297166
1.332290
1.352776
1.363304
1.367954
1.368876
1.364815
1.348213
1.304524
1.227040
1.136286
1.065160
1.025475
1.008424
1.002418
1.000616
1.000142
1.000035
1.000007
1.000000
1.000000
1.000000
1.000000
1.000000
1.000000
1.000000
1.000000
1.000000
1.000000
1.000000
1.000000
1.000000
1.000025
1.000185
1.001118
1.005539
1.021652
1.064180
1.141094
1.237668
1.331845
1.408558
1.462651
1.496204
1.514638
1.523475
1.526159
1.521761
1.500788
1.442888
1.334660
1.201987
1.095879
1.036940
1.012025
1.003406
1.000860
1.000196
1.000045
1.000009
1.000000
1.000000
1.000000
1.000000
1.000000
1.000000
1.000000
1.000000
1.000000
1.000000
1.000000
1.000000
1.000000
1.000030
1.000216
1.001302
1.006463
1.025327
1.075326
1.166515
1.283185
1.400406
1.499717
1.573092
1.621032
1.648868
1.663079
1.668321
1.664202
1.639796
1.569556
1.433200
1.261078
1.122428
1.046371
1.014853
1.004151
1.001036
1.000234
1.000051
1.000010
1.000000
1.000000
1.000000
1.000000
1.000000
1.000000
1.000000
1.000000
1.000000
1.000000
1.000000
1.000000
1.000000
1.000032
1.000232
1.001406
1.006976
1.027419
1.081896
1.182226
1.312873
1.447541
1.565412
1.655864
1.717471
1.754837
1.774843
1.783057
1.779634
1.752586
1.672061
1.511911
1.306718
1.141871
1.052883
1.016703
1.004619
1.001142
1.000256
1.000054
1.000010
1.000000
1.000000
1.000000
1.000000
1.000000
1.000000
1.000000
1.000000
1.000000
1.000000
1.000000
1.000000
1.000000
1.000032
1.000241
1.001451
1.007219
1.028441
1.085250
1.190717
1.329942
1.476288
1.607589
1.711289
1.784174
1.829852
1.855170
1.866249
1.863659
1.834612
1.745947
1.567289
1.337391
1.154156
1.056743
1.017740
1.004868
1.001195
1.000267
1.000055
1.000010
1.000000
1.000000
1.000000
1.000000
1.000000
1.000000
1.000000
1.000000
1.000000
1.000000
1.000000
1.000000
1.000000
1.000033
1.000242
1.001469
1.007321
1.028877
1.086756
1.194778
1.338675
1.491948
1.631834
1.744566
1.825572
1.877525
1.907017
1.920428
1.918575
1.888069
1.793427
1.601727
1.355459
1.160930
1.058738
1.018246
1.004985
1.001219
1.000271
1.000056
1.000010
1.000000
1.000000
1.000000
1.000000
1.000000
1.000000
1.000000
1.000000
1.000000
1.000000
1.000000
1.000000
1.000000
1.000033
1.000242
1.001476
1.007355
1.029029
1.087324
1.196456
1.342603
1.499518
1.644259
1.762413
1.848541
1.904613
1.936933
1.951965
1.950634
1.919123
1.820485
1.620543
1.364705
1.164137
1.059611
1.018451
1.005031
1.001229
1.000272
1.000056
1.000010
1.000000
1.000000
1.000000
1.000000
1.000000
1.000000
1.000000
1.000000
1.000000
1.000000
1.000000
1.000000
1.000000
1.000032
1.000241
1.001470
1.007333
1.028964
1.087235
1.196586
1.343513
1.501994
1.649071
1.770024
1.858928
1.917311
1.951258
1.967230
1.966171
1.933962
1.832800
1.628138
1.367619
1.164754
1.059647
1.018425
1.005015
1.001222
1.000270
1.000055
1.000010
1.000000
1.000000
1.000000
1.000000
1.000000
1.000000
1.000000
1.000000
1.000000
1.000000
1.000000
1.000000
1.000000
1.000031
1.000233
1.001427
1.007136
1.028274
1.085503
1.193546
1.339479
1.497577
1.644883
1.766491
1.856206
1.915317
1.949779
1.966007
1.964852
1.931834
1.828593
1.621333
1.360761
1.160568
1.057876
1.017833
1.004845
1.001179
1.000260
1.000053
1.000010
1.000000
1.000000
1.000000
1.000000
1.000000
1.000000
1.000000
1.000000
1.000000
1.000000
1.000000
1.000000
1.000000
1.000026
1.000211
1.001274
1.006409
1.025649
1.078582
1.180470
1.320228
1.473133
1.616337
1.734734
1.821945
1.879168
1.912287
1.927553
1.925392
1.890507
1.784247
1.577176
1.327412
1.143106
1.051055
1.015649
1.004240
1.001031
1.000228
1.000046
1.000008
1.000000
1.000000
1.000000
1.000000
1.000000
1.000000
1.000000
1.000000
1.000000
1.000000
1.000000
1.000000
1.000000
1.000019
1.000161
1.000984
1.005002
1.020335
1.063676
1.150004
1.271843
1.407514
1.535424
1.640858
1.717655
1.767138
1.795034
1.806997
1.802400
1.764919
1.658215
1.465677
1.253599
1.108052
1.038128
1.011642
1.003148
1.000765
1.000168
1.000033
1.000005
1.000000
1.000000
1.000000
1.000000
1.000000
1.000000
1.000000
1.000000
1.000000
1.000000
1.000000
1.000000
1.000000
1.000013
1.000101
1.000637
1.003286
1.013578
1.043504
1.105313
1.195189
1.296807
1.392523
1.470155
1.525079
1.559099
1.577286
1.583869
1.576963
1.541381
1.449839
1.302958
1.158670
1.066487
1.023400
1.007160
1.001941
1.000469
1.000102
1.000019
1.000002
1.000000
1.000000
1.000000
1.000000
1.000000
1.000000
1.000000
1.000000
1.000000
1.000000
1.000000
1.000000
1.000000
1.000005
1.000053
1.000349
1.001809
1.007571
1.024684
1.060931
1.114455
1.174852
1.230566
1.274078
1.303335
1.320401
1.328846
1.331003
1.324746
1.299638
1.240941
1.156449
1.080345
1.033618
1.011908
1.003668
1.000999
1.000242
1.000052
1.000008
1.000000
1.000000
1.000000
1.000000
1.000000
1.000000
1.000000
1.000000
1.000000
1.000000
1.000000
1.000000
1.000000
1.000000
1.000000
1.000024
1.000161
1.000841
1.003557
1.011724
1.029211
1.054974
1.083434
1.108657
1.127305
1.139064
1.145461
1.148355
1.148678
1.145043
1.132237
1.104187
1.066522
1.034070
1.014364
1.005138
1.001596
1.000437
1.000104
1.000023
1.000003
1.000000
1.000000
1.000000
1.000000
1.000000
1.000000
1.000000
1.000000
1.000000
1.000000
1.000000
1.000000
1.000000
1.000000
1.000000
1.000011
1.000060
1.000336
1.001431
1.004744
1.011847
1.022175
1.033237
1.042590
1.049111
1.052967
1.054926
1.055734
1.055682
1.054129
1.049025
1.038251
1.024310
1.012504
1.005321
1.001921
1.000600
1.000164
1.000039
1.000007
1.000000
1.000000
1.000000
1.000000
1.000000
1.000000
1.000000
1.000000
1.000000
1.000000
1.000000
1.000000
1.000000
1.000000
1.000000
1.000000
1.000000
1.000019
1.000117
1.000500
1.001665
1.004155
1.007717
1.011413
1.014403
1.016379
1.017483
1.018012
1.018211
1.018157
1.017616
1.015901
1.012355
1.007851
1.004059
1.001740
1.000632
1.000198
1.000053
1.000012
1.000000
1.000000
1.000000
1.000000
1.000000
1.000000
1.000000
1.000000
1.000000
1.000000
1.000000
1.000000
1.000000
1.000000
1.000000
1.000000
1.000000
1.000000
1.000005
1.000032
1.000154
1.000515
1.001283
1.002365
1.003457
1.004307
1.004845
1.005131
1.005262
1.005310
1.005287
1.005121
1.004615
1.003579
1.002276
1.001181
1.000508
1.000185
1.000058
1.000014
1.000000
1.000000
1.000000
1.000000
1.000000
1.000000
1.000000
1.000000
1.000000
1.000000
1.000000
1.000000
1.000000
1.000000
1.000000
1.000000
1.000000
1.000000
1.000000
1.000000
1.000007
1.000039
1.000141
1.000353
1.000646
1.000937
1.001156
1.001290
1.001357
1.001388
1.001400
1.001390
1.001347
1.001213
1.000939
1.000598
1.000310
1.000133
1.000048
1.000013
1.000000
1.000000
1.000000
1.000000
1.000000
1.000000
1.000000
1.000000
1.000000
1.000000
1.000000
1.000000
1.000000
1.000000
1.000000
1.000000
1.000000
1.000000
1.000000
1.000000
1.000000
1.000000
1.000008
1.000033
1.000085
1.000158
1.000228
1.000278
1.000310
1.000326
1.000334
1.000336
1.000333
1.000323
1.000290
1.000224
1.000142
1.000073
1.000030
1.000009
1.000000
1.000000
1.000000
1.000000
1.000000
1.000000
1.000000
1.000000
1.000000
1.000000
1.000000
1.000000
1.000000
1.000000
1.000000
1.000000
1.000000
1.000000
1.000000
1.000000
1.000000
1.000000
1.000000
1.000000
1.000006
1.000017
1.000033
1.000050
1.000062
1.000068
1.000070
1.000071
1.000072
1.000071
1.000069
1.000061
1.000047
1.000029
1.000012
1.000004
1.000000
1.000000
1.000000
1.000000
1.000000
1.000000
1.000000
1.000000
1.000000
1.000000
1.000000
1.000000
1.000000
1.000000
1.000000
1.000000
1.000000
1.000000
1.000000
1.000000
1.000000
1.000000
1.000000
1.000000
1.000000
1.000000
1.000002
1.000005
1.000008
1.000010
1.000011
1.000011
1.000011
1.000011
1.000011
1.000011
1.000010
1.000006
1.000003
1.000000
1.000000
1.000000
1.000000
1.000000
1.000000
1.000000
1.000000
1.000000
1.000000
1.000000
1.000000
1.000000
1.000000
1.000000
1.000000
1.000000
1.000000
1.000000
1.000000
1.000000
1.000000
1.000000
1.000000
1.000000
1.000000
1.000000
1.000000
1.000000
1.000000
1.000000
1.000000
1.000000
1.000000
1.000000
1.000000
1.000000
1.000000
1.000000
1.000000
1.000000
1.000000
1.000000
1.000000
1.000000
1.000000
1.000000
1.000000
1.000000
1.000000
1.000000
1.000000
1.000000
1.000000
1.000000
1.000000
1.000000
1.000000
1.000000
1.000000
1.000000
1.000000
1.000000
1.000000
1.000000
1.000000
1.000000
1.000000
1.000000
1.000000
1.000000
1.000000
1.000000
1.000000
1.000000
1.000000
1.000000
1.000000
1.000000
1.000000
1.000000
1.000000
1.000000
1.000000
1.000000
1.000000
1.000000
1.000000
1.000000
1.000000
1.000000
1.000000
1.000000
1.000000
1.000000
1.000000
1.000000
1.000000
1.000000
1.000000
1.000000
1.000000
1.000000
1.000000
1.000000
1.000000
1.000000
1.000000
1.000000
1.000000
1.000000
1.000000
1.000000
1.000000
1.000000
1.000000
1.000000
1.000000
1.000000
1.000000
1.000000
1.000000
1.000000
1.000000
1.000000
1.000000
1.000000
1.000000
1.000000
1.000000
1.000000
1.000000
1.000000
1.000000
1.000000
1.000000
1.000000
1.000000
1.000000
1.000000
1.000000
1.000000
1.000000
1.000000
1.000000
1.000000
1.000000
1.000000
1.000000
1.000000
1.000000
1.000000
1.000000
1.000000
1.000000
1.000000
1.000000
1.000000
1.000000
1.000000
1.000000
1.000000
1.000000
1.000000
1.000000
1.000000
1.000000
1.000000
1.000000
1.000000
1.000000
1.000000
1.000000
1.000000
1.000000
1.000000
1.000000
1.000000
1.000000
1.000000
1.000000
1.000000
1.000000
1.000000
1.000000
1.000000
1.000000
1.000000
1.000000
1.000000
1.000000
1.000000
1.000000
1.000000
1.000000
1.000000
1.000000
1.000000
1.000000
1.000000
1.000000
1.000000
1.000000
1.000000
1.000000
1.000000
1.000000
1.000000
1.000000
1.000000
1.000000
1.000000
1.000000
1.000000
1.000000
1.000000
1.000000
1.000000
1.000000
1.000000
1.000000
1.000000
1.000000
1.000000
1.000000
1.000000
1.000000
1.000000
1.000000
1.000000
1.000000
1.000000
1.000000
1.000000
1.000000
1.000000
1.000000
1.000000
1.000000
1.000000
1.000000
1.000000
1.000000
1.000000
1.000000
1.000000
1.000000
1.000000
1.000000
1.000000
1.000000
1.000000
1.000000
1.000000
1.000000
1.000000
1.000000
1.000000
1.000000
1.000000
1.000000
1.000000
1.000000
1.000000
1.000000
1.000000
1.000000
1.000000
1.000000
1.000000
1.000000
1.000000
1.000000
1.000000
1.000000
1.000000
1.000000
1.000000
1.000000
1.000000
1.000000
1.000000
1.000000
1.000000
1.000000
1.000000
1.000000
1.000000
1.000000
1.000000
1.000000
1.000000
1.000000
1.000000
1.000000
1.000000
1.000000
1.000000
1.000000
1.000000
1.000000
1.000000
1.000000
1.000000
1.000000
1.000000
1.000000
1.000000
1.000000
1.000000
1.000000
1.000000
1.000000
1.000000
1.000000
1.000000
1.000000
1.000000
1.000000
1.000000
1.000000
1.000000
1.000000
1.000000
1.000000
1.000000
1.000000
1.000000
1.000000
1.000000
1.000000
1.000000
1.000000
1.000000
1.000000
1.000000
1.000000
1.000000
1.000000
1.000000
1.000000
1.000000
1.000000
1.000000
1.000000
1.000000
