1.000000
1.000000
1.000000
1.000000
1.000000
1.000000
1.000000
1.000000
1.000000
1.000000
1.000000
1.000000
1.000000
1.000000
1.000000
1.000000
1.000000
1.000000
1.000000
1.000000
1.000000
1.000000
1.000000
1.000000
1.000000
1.000000
1.000000
1.000000
1.000000
1.000000
1.000000
1.000000
1.000000
1.000000
1.000000
1.000000
1.000000
1.000000
1.000000
1.000000
1.000000
1.000000
1.000000
1.000000
1.000000
1.000000
1.000000
1.000000
1.000000
1.000000
1.000000
1.000000
1.000000
1.000000
1.000000
1.000000
1.000000
1.000000
1.000000
1.000000
1.000000
1.000000
1.000000
1.000000
1.000000
1.000000
1.000000
1.000000
1.000000
1.000000
1.000000
1.000000
1.000000
1.000000
1.000000
1.000000
1.000000
1.000000
1.000000
1.000000
1.000000
1.000000
1.000000
1.000000
1.000000
1.000000
1.000000
1.000000
1.000000
1.000000
1.000000
1.000000
1.000000
1.000000
1.000000
1.000000
1.000000
1.000000
1.000000
1.000000
1.000000
1.000000
1.000000
1.000000
1.000000
1.000000
1.000000
1.000000
1.000000
1.000000
1.000000
1.000000
1.000000
1.000000
1.000000
1.000000
1.000000
1.000000
1.000000
1.000000
1.000000
1.000000
1.000000
1.000000
1.000000
1.000000
1.000000
1.000000
1.000000
1.000000
1.000000
1.000000
1.000000
1.000000
1.000000
1.000000
1.000000
1.000000
1.000000
1.000000
1.000000
1.000000
1.000000
1.000000
1.000000
1.000000
1.000000
1.000000
1.000000
1.000000
1.000000
1.000000
1.000000
1.000000
1.000000
1.000000
1.000000
1.000000
1.000000
1.000000
1.000000
1.000000
1.000000
1.000000
1.000000
1.000000
1.000000
1.000000
1.000000
1.000000
1.000000
1.000000
1.000000
1.000000
1.000000
1.000000
1.000000
1.000000
1.000000
1.000000
1.000000
1.000000
1.000000
1.000000
1.000000
1.000000
1.000000
1.000000
1.000000
1.000000
1.000000
1.000000
1.000000
1.000000
1.000000
1.000000
1.000000
1.000000
1.000000
1.000000
1.000000
1.000000
1.000000
1.000000
1.000000
1.000000
1.000000
1.000000
1.000000
1.000000
1.000000
1.000000
1.000000
1.000000
1.000000
1.000000
1.000000
1.000000
1.000000
1.000000
1.000000
1.000000
1.000000
1.000000
1.000000
1.000000
1.000000
1.000000
1.000000
1.000000
1.000000
1.000000
1.000000
1.000000
1.000000
1.000000
1.000000
1.000000
1.000000
1.000000
1.000000
1.000000
1.000000
1.000000
1.000000
1.000000
1.000000
1.000000
1.000000
1.000000
1.000000
1.000000
1.000000
1.000000
1.000000
1.000008
1.000013
1.000027
1.000040
1.000044
1.000047
1.000048
1.000048
1.000048
1.000048
1.000046
1.000042
1.000028
1.000015
1.000006
1.000000
1.000000
1.000000
1.000000
1.000000
1.000000
1.000000
1.000000
1.000000
1.000000
1.000000
1.000000
1.000000
1.000000
1.000000
1.000000
1.000000
1.000000
1.000000
1.000000
1.000000
1.000000
1.000000
1.000000
1.000000
1.000013
1.000082
1.000213
1.000369
1.000489
1.000553
1.000581
1.000594
1.000596
1.000597
1.000594
1.000579
1.000518
1.000388
1.000223
1.000101
1.000040
1.000015
1.000001
1.000000
1.000000
1.000000
1.000000
1.000000
1.000000
1.000000
1.000000
1.000000
1.000000
1.000000
1.000000
1.000000
1.000000
1.000000
1.000000
1.000000
1.000000
1.000000
1.000000
1.000002
1.000038
1.000207
1.000767
1.001974
1.003389
1.004481
1.005104
1.005385
1.005489
1.005524
1.005534
1.005506
1.005368
1.004854
1.003644
1.002143
1.000988
1.000368
1.000113
1.000031
1.000008
1.000000
1.000000
1.000000
1.000000
1.000000
1.000000
1.000000
1.000000
1.000000
1.000000
1.000000
1.000000
1.000000
1.000000
1.000000
1.000000
1.000000
1.000000
1.000006
1.000043
1.000274
1.001376
1.005018
1.012663
1.021563
1.028512
1.032595
1.034518
1.035275
1.035528
1.035579
1.035444
1.034654
1.031645
1.024253
1.014586
1.006844
1.002570
1.000796
1.000210
1.000049
1.000010
1.000000
1.000000
1.000000
1.000000
1.000000
1.000000
1.000000
1.000000
1.000000
1.000000
1.000000
1.000000
1.000000
1.000000
1.000000
1.000000
1.000000
1.000019
1.000187
1.001171
1.005687
1.020216
1.049473
1.083011
1.109691
1.126117
1.134386
1.137896
1.139172
1.139513
1.139150
1.136640
1.126641
1.100386
1.062606
1.030090
1.011426
1.003553
1.000933
1.000212
1.000044
1.000010
1.000000
1.000000
1.000000
1.000000
1.000000
1.000000
1.000000
1.000000
1.000000
1.000000
1.000000
1.000000
1.000000
1.000000
1.000000
1.000009
1.000053
1.000415
1.002574
1.012397
1.043442
1.104571
1.175005
1.233145
1.271255
1.292039
1.301696
1.305571
1.306820
1.306393
1.301866
1.282959
1.230340
1.147761
1.071941
1.027266
1.008407
1.002187
1.000493
1.000099
1.000021
1.000003
1.000000
1.000000
1.000000
1.000000
1.000000
1.000000
1.000000
1.000000
1.000000
1.000000
1.000000
1.000000
1.000000
1.000000
1.000013
1.000082
1.000629
1.003917
1.018833
1.065776
1.157935
1.266338
1.359861
1.425114
1.463464
1.482809
1.491269
1.494364
1.494290
1.488083
1.460795
1.381410
1.248530
1.121052
1.045304
1.013744
1.003523
1.000785
1.000156
1.000031
1.000005
1.000000
1.000000
1.000000
1.000000
1.000000
1.000000
1.000000
1.000000
1.000000
1.000000
1.000000
1.000000
1.000000
1.000000
1.000013
1.000101
1.000777
1.004834
1.023314
1.081700
1.197327
1.336974
1.462679
1.555298
1.613240
1.644485
1.659124
1.664955
1.665700
1.658297
1.623937
1.520822
1.340992
1.164641
1.060516
1.018020
1.004548
1.001001
1.000197
1.000038
1.000006
1.000000
1.000000
1.000000
1.000000
1.000000
1.000000
1.000000
1.000000
1.000000
1.000000
1.000000
1.000000
1.000000
1.000000
1.000013
1.000112
1.000853
1.005323
1.025776
1.090803
1.221124
1.382407
1.532799
1.648506
1.724478
1.767576
1.788826
1.797795
1.799644
1.791453
1.751420
1.628948
1.410808
1.195837
1.070710
1.020718
1.005164
1.001127
1.000219
1.000041
1.000006
1.000000
1.000000
1.000000
1.000000
1.000000
1.000000
1.000000
1.000000
1.000000
1.000000
1.000000
1.000000
1.000000
1.000000
1.000014
1.000115
1.000883
1.005539
1.026895
1.095154
1.233300
1.407412
1.573988
1.706214
1.796087
1.848935
1.875934
1.887773
1.890709
1.882017
1.837706
1.700814
1.455253
1.214412
1.076355
1.022118
1.005468
1.001185
1.000230
1.000042
1.000006
1.000000
1.000000
1.000000
1.000000
1.000000
1.000000
1.000000
1.000000
1.000000
1.000000
1.000000
1.000000
1.000000
1.000000
1.000014
1.000116
1.000897
1.005622
1.027329
1.096939
1.238685
1.419372
1.595079
1.737400
1.836343
1.895896
1.927026
1.941001
1.944781
1.935772
1.888523
1.742054
1.479424
1.223803
1.079005
1.022735
1.005595
1.001208
1.000232
1.000042
1.000006
1.000000
1.000000
1.000000
1.000000
1.000000
1.000000
1.000000
1.000000
1.000000
1.000000
1.000000
1.000000
1.000000
1.000000
1.000014
1.000116
1.000899
1.005646
1.027474
1.097578
1.240770
1.424394
1.604571
1.752207
1.856204
1.919662
1.953279
1.968573
1.972885
1.963684
1.914649
1.762606
1.490774
1.227895
1.080079
1.022970
1.005641
1.001215
1.000234
1.000042
1.000006
1.000000
1.000000
1.000000
1.000000
1.000000
1.000000
1.000000
1.000000
1.000000
1.000000
1.000000
1.000000
1.000000
1.000000
1.000014
1.000116
1.000899
1.005652
1.027504
1.097741
1.241416
1.426165
1.608235
1.758289
1.864707
1.930107
1.964993
1.980973
1.985562
1.976250
1.926257
1.771373
1.495249
1.229343
1.080413
1.023034
1.005652
1.001217
1.000234
1.000042
1.000006
1.000000
1.000000
1.000000
1.000000
1.000000
1.000000
1.000000
1.000000
1.000000
1.000000
1.000000
1.000000
1.000000
1.000000
1.000014
1.000115
1.000894
1.005625
1.027387
1.097407
1.240871
1.425679
1.608194
1.759004
1.866270
1.932384
1.967749
1.983988
1.988672
1.979272
1.928759
1.772509
1.494882
1.228654
1.080049
1.022909
1.005617
1.001209
1.000232
1.000042
1.000006
1.000000
1.000000
1.000000
1.000000
1.000000
1.000000
1.000000
1.000000
1.000000
1.000000
1.000000
1.000000
1.000000
1.000000
1.000013
1.000110
1.000855
1.005416
1.026467
1.094608
1.235306
1.417515
1.597993
1.747294
1.853467
1.918819
1.953694
1.969647
1.974153
1.964500
1.913324
1.756120
1.480407
1.220222
1.076735
1.021910
1.005366
1.001154
1.000221
1.000040
1.000006
1.000000
1.000000
1.000000
1.000000
1.000000
1.000000
1.000000
1.000000
1.000000
1.000000
1.000000
1.000000
1.000000
1.000000
1.000010
1.000093
1.000715
1.004559
1.022573
1.082263
1.209370
1.377483
1.545596
1.684686
1.782876
1.842526
1.873806
1.887779
1.891240
1.880688
1.828086
1.671708
1.412859
1.183889
1.063088
1.017891
1.004368
1.000938
1.000180
1.000031
1.000004
1.000000
1.000000
1.000000
1.000000
1.000000
1.000000
1.000000
1.000000
1.000000
1.000000
1.000000
1.000000
1.000000
1.000000
1.000006
1.000059
1.000481
1.003111
1.015692
1.058781
1.154828
1.285958
1.418487
1.527142
1.601927
1.645693
1.667627
1.676852
1.678218
1.667123
1.617492
1.480827
1.280167
1.120517
1.040827
1.011549
1.002817
1.000602
1.000115
1.000018
1.000001
1.000000
1.000000
1.000000
1.000000
1.000000
1.000000
1.000000
1.000000
1.000000
1.000000
1.000000
1.000000
1.000000
1.000000
1.000000
1.000031
1.000260
1.001699
1.008695
1.033321
1.090239
1.169377
1.248705
1.311626
1.352723
1.375271
1.385799
1.389821
1.389614
1.381010
1.346119
1.258287
1.144371
1.061076
1.020703
1.005886
1.001443
1.000309
1.000058
1.000008
1.000000
1.000000
1.000000
1.000000
1.000000
1.000000
1.000000
1.000000
1.000000
1.000000
1.000000
1.000000
1.000000
1.000000
1.000000
1.000000
1.000014
1.000112
1.000749
1.003889
1.015113
1.041494
1.077965
1.113330
1.139844
1.155971
1.164156
1.167684
1.168881
1.168430
1.163982
1.147016
1.106886
1.058737
1.024869
1.008502
1.002437
1.000600
1.000128
1.000024
1.000003
1.000000
1.000000
1.000000
1.000000
1.000000
1.000000
1.000000
1.000000
1.000000
1.000000
1.000000
1.000000
1.000000
1.000000
1.000000
1.000000
1.000001
1.000039
1.000275
1.001439
1.005632
1.015520
1.028914
1.041335
1.050083
1.055033
1.057363
1.058294
1.058572
1.058337
1.056659
1.050464
1.036279
1.019883
1.008476
1.002925
1.000844
1.000208
1.000043
1.000007
1.000000
1.000000
1.000000
1.000000
1.000000
1.000000
1.000000
1.000000
1.000000
1.000000
1.000000
1.000000
1.000000
1.000000
1.000000
1.000000
1.000000
1.000000
1.000014
1.000086
1.000451
1.001773
1.004880
1.008992
1.012645
1.015077
1.016370
1.016940
1.017154
1.017211
1.017128
1.016616
1.014757
1.010566
1.005799
1.002488
1.000864
1.000250
1.000061
1.000012
1.000000
1.000000
1.000000
1.000000
1.000000
1.000000
1.000000
1.000000
1.000000
1.000000
1.000000
1.000000
1.000000
1.000000
1.000000
1.000000
1.000000
1.000000
1.000000
1.000000
1.000020
1.000121
1.000481
1.001323
1.002414
1.003348
1.003942
1.004243
1.004368
1.004413
1.004427
1.004401
1.004266
1.003784
1.002705
1.001487
1.000640
1.000223
1.000064
1.000015
1.000000
1.000000
1.000000
1.000000
1.000000
1.000000
1.000000
1.000000
1.000000
1.000000
1.000000
1.000000
1.000000
1.000000
1.000000
1.000000
1.000000
1.000000
1.000000
1.000000
1.000000
1.000003
1.000026
1.000114
1.000314
1.000569
1.000782
1.000912
1.000974
1.001001
1.001010
1.001012
1.001006
1.000975
1.000864
1.000617
1.000339
1.000146
1.000051
1.000013
1.000000
1.000000
1.000000
1.000000
1.000000
1.000000
1.000000
1.000000
1.000000
1.000000
1.000000
1.000000
1.000000
1.000000
1.000000
1.000000
1.000000
1.000000
1.000000
1.000000
1.000000
1.000000
1.000000
1.000004
1.000021
1.000065
1.000118
1.000161
1.000188
1.000201
1.000206
1.000207
1.000207
1.000206
1.000200
1.000177
1.000126
1.000069
1.000028
1.000008
1.000000
1.000000
1.000000
1.000000
1.000000
1.000000
1.000000
1.000000
1.000000
1.000000
1.000000
1.000000
1.000000
1.000000
1.000000
1.000000
1.000000
1.000000
1.000000
1.000000
1.000000
1.000000
1.000000
1.000000
1.000000
1.000002
1.000010
1.000021
1.000030
1.000034
1.000036
1.000037
1.000037
1.000037
1.000037
1.000036
1.000031
1.000020
1.000009
1.000003
1.000000
1.000000
1.000000
1.000000
1.000000
1.000000
1.000000
1.000000
1.000000
1.000000
1.000000
1.000000
1.000000
1.000000
1.000000
1.000000
1.000000
1.000000
1.000000
1.000000
1.000000
1.000000
1.000000
1.000000
1.000000
1.000000
1.000000
1.000000
1.000002
1.000003
1.000004
1.000004
1.000004
1.000004
1.000004
1.000004
1.000004
1.000003
1.000002
1.000000
1.000000
1.000000
1.000000
1.000000
1.000000
1.000000
1.000000
1.000000
1.000000
1.000000
1.000000
1.000000
1.000000
1.000000
1.000000
1.000000
1.000000
1.000000
1.000000
1.000000
1.000000
1.000000
1.000000
1.000000
1.000000
1.000000
1.000000
1.000000
1.000000
1.000000
1.000000
1.000000
1.000000
1.000000
1.000000
1.000000
1.000000
1.000000
1.000000
1.000000
1.000000
1.000000
1.000000
1.000000
1.000000
1.000000
1.000000
1.000000
1.000000
1.000000
1.000000
1.000000
1.000000
1.000000
1.000000
1.000000
1.000000
1.000000
1.000000
1.000000
1.000000
1.000000
1.000000
1.000000
1.000000
1.000000
1.000000
1.000000
1.000000
1.000000
1.000000
1.000000
1.000000
1.000000
1.000000
1.000000
1.000000
1.000000
1.000000
1.000000
1.000000
1.000000
1.000000
1.000000
1.000000
1.000000
1.000000
1.000000
1.000000
1.000000
1.000000
1.000000
1.000000
1.000000
1.000000
1.000000
1.000000
1.000000
1.000000
1.000000
1.000000
1.000000
1.000000
1.000000
1.000000
1.000000
1.000000
1.000000
1.000000
1.000000
1.000000
1.000000
1.000000
1.000000
1.000000
1.000000
1.000000
1.000000
1.000000
1.000000
1.000000
1.000000
1.000000
1.000000
1.000000
1.000000
1.000000
1.000000
1.000000
1.000000
1.000000
1.000000
1.000000
1.000000
1.000000
1.000000
1.000000
1.000000
1.000000
1.000000
1.000000
1.000000
1.000000
1.000000
1.000000
1.000000
1.000000
1.000000
1.000000
1.000000
1.000000
1.000000
1.000000
1.000000
1.000000
1.000000
1.000000
1.000000
1.000000
1.000000
1.000000
1.000000
1.000000
1.000000
1.000000
1.000000
1.000000
1.000000
1.000000
1.000000
1.000000
1.000000
1.000000
1.000000
1.000000
1.000000
1.000000
1.000000
1.000000
1.000000
1.000000
1.000000
1.000000
1.000000
1.000000
1.000000
1.000000
1.000000
1.000000
1.000000
1.000000
1.000000
1.000000
1.000000
1.000000
1.000000
1.000000
1.000000
1.000000
1.000000
1.000000
1.000000
1.000000
1.000000
1.000000
1.000000
1.000000
1.000000
1.000000
1.000000
1.000000
1.000000
1.000000
1.000000
1.000000
1.000000
1.000000
1.000000
1.000000
1.000000
1.000000
1.000000
1.000000
1.000000
1.000000
1.000000
1.000000
1.000000
1.000000
1.000000
1.000000
1.000000
1.000000
1.000000
1.000000
1.000000
1.000000
1.000000
1.000000
1.000000
1.000000
1.000000
1.000000
1.000000
1.000000
1.000000
1.000000
1.000000
1.000000
1.000000
1.000000
1.000000
1.000000
1.000000
1.000000
1.000000
1.000000
1.000000
1.000000
1.000000
1.000000
1.000000
1.000000
1.000000
1.000000
1.000000
1.000000
1.000000
1.000000
1.000000
1.000000
1.000000
1.000000
1.000000
1.000000
1.000000
1.000000
1.000000
1.000000
1.000000
1.000000
1.000000
1.000000
1.000000
1.000000
1.000000
1.000000
1.000000
1.000000
1.000000
1.000000
1.000000
1.000000
1.000000
1.000000
1.000000
1.000000
1.000000
1.000000
1.000000
1.000000
1.000000
1.000000
1.000000
1.000000
1.000000
1.000000
1.000000
1.000000
1.000000
1.000000
1.000000
1.000000
1.000000
1.000000
1.000000
1.000000
1.000000
1.000000
1.000000
1.000000
1.000000
1.000000
1.000000
1.000000
1.000000
1.000000
1.000000
1.000000
1.000000
1.000000
1.000000
1.000000
1.000000
1.000000
1.000000
1.000000
1.000000
1.000000
1.000000
1.000000
1.000000
1.000000
1.000000
1.000000
1.000000
1.000000
1.000000
1.000000
1.000000
1.000000
1.000000
1.000000
1.000000
1.000000
1.000000
1.000000
1.000000
1.000000
1.000000
1.000000
1.000000
1.000000
1.000000
1.000000
1.000000
1.000000
1.000000
1.000000
1.000000
1.000000
1.000000
1.000000
1.000000
1.000000
1.000000
1.000000
1.000000
1.000000
1.000000
1.000000
1.000000
1.000000
1.000000
1.000000
1.000000
1.000000
