1.000000
1.000000
1.000000
1.000000
1.000000
1.000000
1.000000
1.000000
1.000000
1.000000
1.000000
1.000000
1.000000
1.000000
1.000000
1.000000
1.000000
1.000000
1.000000
1.000000
1.000000
1.000000
1.000000
1.000000
1.000000
1.000000
1.000000
1.000000
1.000000
1.000000
1.000000
1.000000
1.000000
1.000000
1.000000
1.000000
1.000000
1.000000
1.000000
1.000000
1.000000
1.000000
1.000000
1.000000
1.000000
1.000000
1.000000
1.000000
1.000000
1.000000
1.000000
1.000000
1.000000
1.000000
1.000000
1.000000
1.000000
1.000000
1.000000
1.000000
1.000000
1.000000
1.000000
1.000000
1.000000
1.000000
1.000000
1.000000
1.000000
1.000000
1.000000
1.000000
1.000000
1.000000
1.000000
1.000000
1.000000
1.000000
1.000000
1.000000
1.000000
1.000000
1.000000
1.000000
1.000000
1.000000
1.000000
1.000000
1.000000
1.000000
1.000000
1.000000
1.000000
1.000000
1.000000
1.000000
1.000000
1.000000
1.000000
1.000000
1.000000
1.000000
1.000000
1.000000
1.000000
1.000000
1.000000
1.000000
1.000000
1.000000
1.000000
1.000000
1.000000
1.000000
1.000000
1.000000
1.000000
1.000000
1.000000
1.000000
1.000000
1.000000
1.000000
1.000000
1.000000
1.000000
1.000000
1.000000
1.000000
1.000000
1.000000
1.000000
1.000000
1.000000
1.000000
1.000000
1.000000
1.000000
1.000000
1.000000
1.000000
1.000000
1.000000
1.000000
1.000000
1.000000
1.000000
1.000000
1.000000
1.000000
1.000000
1.000000
1.000000
1.000000
1.000000
1.000000
1.000000
1.000000
1.000000
1.000000
1.000000
1.000000
1.000000
1.000000
1.000000
1.000000
1.000000
1.000000
1.000000
1.000000
1.000000
1.000000
1.000000
1.000000
1.000000
1.000000
1.000000
1.000000
1.000000
1.000000
1.000000
1.000000
1.000000
1.000000
1.000000
1.000000
1.000000
1.000000
1.000000
1.000000
1.000000
1.000000
1.000000
1.000000
1.000000
1.000000
1.000000
1.000000
1.000000
1.000000
1.000000
1.000000
1.000000
1.000000
1.000000
1.000000
1.000000
1.000000
1.000000
1.000000
1.000000
1.000000
1.000000
1.000000
1.000000
1.000000
1.000000
1.000000
1.000000
1.000000
1.000000
1.000000
1.000000
1.000000
1.000000
1.000000
1.000000
1.000000
1.000000
1.000000
1.000000
1.000000
1.000000
1.000000
1.000000
1.000000
1.000000
1.000000
1.000000
1.000000
1.000000
1.000000
1.000000
1.000000
1.000000
1.000000
1.000000
1.000000
1.000000
1.000000
1.000000
1.000000
1.000000
1.000000
1.000000
1.000010
1.000013
1.000027
1.000040
1.000051
1.000054
1.000055
1.000055
1.000055
1.000054
1.000053
1.000045
1.000035
1.000021
1.000010
1.000000
1.000000
1.000000
1.000000
1.000000
1.000000
1.000000
1.000000
1.000000
1.000000
1.000000
1.000000
1.000000
1.000000
1.000000
1.000000
1.000000
1.000000
1.000000
1.000000
1.000000
1.000000
1.000000
1.000000
1.000000
1.000013
1.000085
1.000214
1.000378
1.000507
1.000580
1.000617
1.000630
1.000636
1.000637
1.000633
1.000618
1.000554
1.000423
1.000254
1.000122
1.000050
1.000018
1.000005
1.000000
1.000000
1.000000
1.000000
1.000000
1.000000
1.000000
1.000000
1.000000
1.000000
1.000000
1.000000
1.000000
1.000000
1.000000
1.000000
1.000000
1.000000
1.000000
1.000000
1.000006
1.000044
1.000213
1.000756
1.001888
1.003252
1.004352
1.005016
1.005335
1.005462
1.005504
1.005518
1.005489
1.005347
1.004856
1.003730
1.002288
1.001116
1.000443
1.000147
1.000043
1.000011
1.000000
1.000000
1.000000
1.000000
1.000000
1.000000
1.000000
1.000000
1.000000
1.000000
1.000000
1.000000
1.000000
1.000000
1.000000
1.000000
1.000000
1.000000
1.000009
1.000049
1.000286
1.001345
1.004669
1.011446
1.019533
1.026129
1.030208
1.032241
1.033087
1.033390
1.033460
1.033329
1.032578
1.029859
1.023384
1.014664
1.007276
1.002913
1.000966
1.000272
1.000066
1.000015
1.000002
1.000000
1.000000
1.000000
1.000000
1.000000
1.000000
1.000000
1.000000
1.000000
1.000000
1.000000
1.000000
1.000000
1.000000
1.000000
1.000000
1.000023
1.000199
1.001167
1.005345
1.018118
1.043192
1.072630
1.096974
1.112651
1.120940
1.124648
1.126074
1.126488
1.126163
1.123859
1.115124
1.092960
1.060337
1.030677
1.012428
1.004140
1.001167
1.000285
1.000061
1.000015
1.000001
1.000000
1.000000
1.000000
1.000000
1.000000
1.000000
1.000000
1.000000
1.000000
1.000000
1.000000
1.000000
1.000000
1.000000
1.000012
1.000063
1.000450
1.002602
1.011798
1.039396
1.092360
1.154609
1.207684
1.243815
1.264370
1.274378
1.278599
1.280048
1.279730
1.275593
1.259057
1.214582
1.143344
1.074052
1.030042
1.009944
1.002780
1.000673
1.000145
1.000031
1.000006
1.000000
1.000000
1.000000
1.000000
1.000000
1.000000
1.000000
1.000000
1.000000
1.000000
1.000000
1.000000
1.000000
1.000000
1.000013
1.000099
1.000696
1.004051
1.018319
1.060890
1.142194
1.239318
1.325430
1.387520
1.425429
1.445401
1.454566
1.458113
1.458289
1.452659
1.428706
1.361181
1.245642
1.127492
1.051247
1.016717
1.004608
1.001101
1.000235
1.000047
1.000008
1.000000
1.000000
1.000000
1.000000
1.000000
1.000000
1.000000
1.000000
1.000000
1.000000
1.000000
1.000000
1.000000
1.000000
1.000015
1.000122
1.000875
1.005105
1.023135
1.077073
1.180808
1.307665
1.424664
1.513531
1.571192
1.603645
1.619604
1.626329
1.627576
1.620967
1.590731
1.502425
1.344354
1.177871
1.070377
1.022540
1.006113
1.001444
1.000305
1.000060
1.000011
1.000000
1.000000
1.000000
1.000000
1.000000
1.000000
1.000000
1.000000
1.000000
1.000000
1.000000
1.000000
1.000000
1.000000
1.000017
1.000137
1.000978
1.005705
1.025950
1.086876
1.205368
1.353676
1.495227
1.607444
1.683887
1.729200
1.752698
1.763213
1.765936
1.758788
1.723463
1.617760
1.423528
1.216554
1.084211
1.026511
1.007091
1.001658
1.000347
1.000066
1.000012
1.000000
1.000000
1.000000
1.000000
1.000000
1.000000
1.000000
1.000000
1.000000
1.000000
1.000000
1.000000
1.000000
1.000000
1.000017
1.000143
1.001022
1.005987
1.027316
1.091854
1.218644
1.380293
1.538666
1.668327
1.759910
1.816310
1.846704
1.860878
1.865137
1.857728
1.818459
1.699232
1.477592
1.241467
1.092525
1.028749
1.007613
1.001769
1.000367
1.000069
1.000012
1.000000
1.000000
1.000000
1.000000
1.000000
1.000000
1.000000
1.000000
1.000000
1.000000
1.000000
1.000000
1.000000
1.000000
1.000017
1.000144
1.001039
1.006101
1.027882
1.094031
1.224869
1.393730
1.562099
1.702993
1.805002
1.869480
1.905143
1.922226
1.927760
1.920229
1.878115
1.749350
1.509377
1.255166
1.096777
1.029821
1.007851
1.001815
1.000375
1.000070
1.000012
1.000000
1.000000
1.000000
1.000000
1.000000
1.000000
1.000000
1.000000
1.000000
1.000000
1.000000
1.000000
1.000000
1.000000
1.000017
1.000144
1.001046
1.006140
1.028086
1.094862
1.227431
1.399710
1.573259
1.720425
1.828616
1.898116
1.937181
1.956199
1.962602
1.955003
1.911040
1.776298
1.525596
1.261681
1.098657
1.030266
1.007946
1.001832
1.000377
1.000070
1.000012
1.000000
1.000000
1.000000
1.000000
1.000000
1.000000
1.000000
1.000000
1.000000
1.000000
1.000000
1.000000
1.000000
1.000000
1.000017
1.000145
1.001046
1.006150
1.028137
1.095105
1.228301
1.401982
1.577872
1.728084
1.839445
1.911629
1.952566
1.972674
1.979572
1.971926
1.926890
1.788843
1.532660
1.264268
1.099331
1.030409
1.007972
1.001837
1.000378
1.000070
1.000012
1.000000
1.000000
1.000000
1.000000
1.000000
1.000000
1.000000
1.000000
1.000000
1.000000
1.000000
1.000000
1.000000
1.000000
1.000017
1.000144
1.001041
1.006122
1.028025
1.094819
1.227905
1.401814
1.578414
1.729750
1.842391
1.915713
1.957465
1.978051
1.985158
1.977448
1.931790
1.792016
1.533499
1.263947
1.099003
1.030270
1.007929
1.001826
1.000375
1.000070
1.000012
1.000000
1.000000
1.000000
1.000000
1.000000
1.000000
1.000000
1.000000
1.000000
1.000000
1.000000
1.000000
1.000000
1.000000
1.000016
1.000138
1.001001
1.005910
1.027160
1.092326
1.223111
1.394919
1.569969
1.720265
1.832230
1.905107
1.946566
1.966963
1.973924
1.965949
1.919544
1.778411
1.520367
1.255384
1.095283
1.029052
1.007598
1.001748
1.000360
1.000067
1.000012
1.000000
1.000000
1.000000
1.000000
1.000000
1.000000
1.000000
1.000000
1.000000
1.000000
1.000000
1.000000
1.000000
1.000000
1.000014
1.000120
1.000852
1.005079
1.023625
1.081728
1.201548
1.362049
1.527214
1.669317
1.774734
1.842718
1.880886
1.899323
1.905158
1.896178
1.848051
1.705959
1.458487
1.218827
1.080299
1.024295
1.006331
1.001454
1.000299
1.000054
1.000009
1.000000
1.000000
1.000000
1.000000
1.000000
1.000000
1.000000
1.000000
1.000000
1.000000
1.000000
1.000000
1.000000
1.000000
1.000009
1.000080
1.000599
1.003613
1.017109
1.060750
1.154673
1.284536
1.420047
1.536277
1.621002
1.674090
1.702811
1.716015
1.719254
1.709026
1.661620
1.531408
1.327962
1.150663
1.054386
1.016381
1.004264
1.000976
1.000199
1.000038
1.000005
1.000000
1.000000
1.000000
1.000000
1.000000
1.000000
1.000000
1.000000
1.000000
1.000000
1.000000
1.000000
1.000000
1.000000
1.000003
1.000044
1.000343
1.002084
1.010026
1.036435
1.095409
1.178844
1.265916
1.338927
1.389982
1.420265
1.435647
1.442155
1.442823
1.433847
1.397413
1.306180
1.180505
1.081023
1.029155
1.008815
1.002304
1.000529
1.000107
1.000019
1.000001
1.000000
1.000000
1.000000
1.000000
1.000000
1.000000
1.000000
1.000000
1.000000
1.000000
1.000000
1.000000
1.000000
1.000000
1.000000
1.000020
1.000160
1.000982
1.004784
1.017647
1.046935
1.088401
1.130641
1.164436
1.186618
1.198856
1.204615
1.206808
1.206532
1.201286
1.181710
1.136043
1.078414
1.035073
1.012711
1.003876
1.001019
1.000234
1.000047
1.000006
1.000000
1.000000
1.000000
1.000000
1.000000
1.000000
1.000000
1.000000
1.000000
1.000000
1.000000
1.000000
1.000000
1.000000
1.000000
1.000000
1.000007
1.000058
1.000385
1.001896
1.007053
1.018853
1.035301
1.051414
1.063580
1.071031
1.074848
1.076514
1.077079
1.076826
1.074638
1.066843
1.049370
1.028293
1.012724
1.004657
1.001431
1.000378
1.000086
1.000017
1.000001
1.000000
1.000000
1.000000
1.000000
1.000000
1.000000
1.000000
1.000000
1.000000
1.000000
1.000000
1.000000
1.000000
1.000000
1.000000
1.000000
1.000000
1.000018
1.000129
1.000639
1.002385
1.006374
1.011818
1.016939
1.020600
1.022706
1.023716
1.024129
1.024254
1.024145
1.023419
1.020897
1.015352
1.008803
1.003984
1.001470
1.000454
1.000120
1.000026
1.000003
1.000000
1.000000
1.000000
1.000000
1.000000
1.000000
1.000000
1.000000
1.000000
1.000000
1.000000
1.000000
1.000000
1.000000
1.000000
1.000000
1.000000
1.000000
1.000004
1.000034
1.000185
1.000697
1.001859
1.003415
1.004827
1.005791
1.006317
1.006556
1.006648
1.006676
1.006639
1.006434
1.005732
1.004202
1.002414
1.001097
1.000407
1.000126
1.000032
1.000006
1.000000
1.000000
1.000000
1.000000
1.000000
1.000000
1.000000
1.000000
1.000000
1.000000
1.000000
1.000000
1.000000
1.000000
1.000000
1.000000
1.000000
1.000000
1.000000
1.000000
1.000008
1.000047
1.000178
1.000476
1.000868
1.001214
1.001441
1.001560
1.001611
1.001632
1.001637
1.001625
1.001576
1.001402
1.001027
1.000590
1.000269
1.000099
1.000029
1.000007
1.000000
1.000000
1.000000
1.000000
1.000000
1.000000
1.000000
1.000000
1.000000
1.000000
1.000000
1.000000
1.000000
1.000000
1.000000
1.000000
1.000000
1.000000
1.000000
1.000000
1.000000
1.000000
1.000008
1.000040
1.000108
1.000196
1.000271
1.000319
1.000345
1.000358
1.000360
1.000361
1.000358
1.000347
1.000308
1.000226
1.000129
1.000059
1.000019
1.000004
1.000000
1.000000
1.000000
1.000000
1.000000
1.000000
1.000000
1.000000
1.000000
1.000000
1.000000
1.000000
1.000000
1.000000
1.000000
1.000000
1.000000
1.000000
1.000000
1.000000
1.000000
1.000000
1.000000
1.000000
1.000006
1.000020
1.000038
1.000054
1.000064
1.000068
1.000070
1.000071
1.000071
1.000070
1.000068
1.000060
1.000044
1.000024
1.000008
1.000002
1.000000
1.000000
1.000000
1.000000
1.000000
1.000000
1.000000
1.000000
1.000000
1.000000
1.000000
1.000000
1.000000
1.000000
1.000000
1.000000
1.000000
1.000000
1.000000
1.000000
1.000000
1.000000
1.000000
1.000000
1.000000
1.000000
1.000002
1.000005
1.000008
1.000009
1.000010
1.000010
1.000010
1.000010
1.000010
1.000010
1.000008
1.000005
1.000002
1.000000
1.000000
1.000000
1.000000
1.000000
1.000000
1.000000
1.000000
1.000000
1.000000
1.000000
1.000000
1.000000
1.000000
1.000000
1.000000
1.000000
1.000000
1.000000
1.000000
1.000000
1.000000
1.000000
1.000000
1.000000
1.000000
1.000000
1.000000
1.000000
1.000000
1.000000
1.000000
1.000000
1.000000
1.000000
1.000000
1.000000
1.000000
1.000000
1.000000
1.000000
1.000000
1.000000
1.000000
1.000000
1.000000
1.000000
1.000000
1.000000
1.000000
1.000000
1.000000
1.000000
1.000000
1.000000
1.000000
1.000000
1.000000
1.000000
1.000000
1.000000
1.000000
1.000000
1.000000
1.000000
1.000000
1.000000
1.000000
1.000000
1.000000
1.000000
1.000000
1.000000
1.000000
1.000000
1.000000
1.000000
1.000000
1.000000
1.000000
1.000000
1.000000
1.000000
1.000000
1.000000
1.000000
1.000000
1.000000
1.000000
1.000000
1.000000
1.000000
1.000000
1.000000
1.000000
1.000000
1.000000
1.000000
1.000000
1.000000
1.000000
1.000000
1.000000
1.000000
1.000000
1.000000
1.000000
1.000000
1.000000
1.000000
1.000000
1.000000
1.000000
1.000000
1.000000
1.000000
1.000000
1.000000
1.000000
1.000000
1.000000
1.000000
1.000000
1.000000
1.000000
1.000000
1.000000
1.000000
1.000000
1.000000
1.000000
1.000000
1.000000
1.000000
1.000000
1.000000
1.000000
1.000000
1.000000
1.000000
1.000000
1.000000
1.000000
1.000000
1.000000
1.000000
1.000000
1.000000
1.000000
1.000000
1.000000
1.000000
1.000000
1.000000
1.000000
1.000000
1.000000
1.000000
1.000000
1.000000
1.000000
1.000000
1.000000
1.000000
1.000000
1.000000
1.000000
1.000000
1.000000
1.000000
1.000000
1.000000
1.000000
1.000000
1.000000
1.000000
1.000000
1.000000
1.000000
1.000000
1.000000
1.000000
1.000000
1.000000
1.000000
1.000000
1.000000
1.000000
1.000000
1.000000
1.000000
1.000000
1.000000
1.000000
1.000000
1.000000
1.000000
1.000000
1.000000
1.000000
1.000000
1.000000
1.000000
1.000000
1.000000
1.000000
1.000000
1.000000
1.000000
1.000000
1.000000
1.000000
1.000000
1.000000
1.000000
1.000000
1.000000
1.000000
1.000000
1.000000
1.000000
1.000000
1.000000
1.000000
1.000000
1.000000
1.000000
1.000000
1.000000
1.000000
1.000000
1.000000
1.000000
1.000000
1.000000
1.000000
1.000000
1.000000
1.000000
1.000000
1.000000
1.000000
1.000000
1.000000
1.000000
1.000000
1.000000
1.000000
1.000000
1.000000
1.000000
1.000000
1.000000
1.000000
1.000000
1.000000
1.000000
1.000000
1.000000
1.000000
1.000000
1.000000
1.000000
1.000000
1.000000
1.000000
1.000000
1.000000
1.000000
1.000000
1.000000
1.000000
1.000000
1.000000
1.000000
1.000000
1.000000
1.000000
1.000000
1.000000
1.000000
1.000000
1.000000
1.000000
1.000000
1.000000
1.000000
1.000000
1.000000
1.000000
1.000000
1.000000
1.000000
1.000000
1.000000
1.000000
1.000000
1.000000
1.000000
1.000000
1.000000
1.000000
1.000000
1.000000
1.000000
1.000000
1.000000
1.000000
1.000000
1.000000
1.000000
1.000000
1.000000
1.000000
1.000000
1.000000
1.000000
1.000000
1.000000
1.000000
1.000000
1.000000
1.000000
1.000000
1.000000
1.000000
1.000000
1.000000
1.000000
1.000000
1.000000
1.000000
1.000000
1.000000
1.000000
1.000000
1.000000
1.000000
1.000000
1.000000
1.000000
1.000000
1.000000
1.000000
1.000000
1.000000
1.000000
1.000000
1.000000
1.000000
1.000000
1.000000
1.000000
1.000000
1.000000
1.000000
1.000000
1.000000
1.000000
1.000000
1.000000
1.000000
1.000000
1.000000
1.000000
1.000000
1.000000
1.000000
1.000000
1.000000
1.000000
1.000000
1.000000
1.000000
1.000000
1.000000
1.000000
1.000000
1.000000
1.000000
1.000000
1.000000
1.000000
1.000000
1.000000
1.000000
1.000000
