1.000000
1.000000
1.000000
1.000000
1.000000
1.000000
1.000000
1.000000
1.000000
1.000000
1.000000
1.000000
1.000000
1.000000
1.000000
1.000000
1.000000
1.000000
1.000000
1.000000
1.000000
1.000000
1.000000
1.000000
1.000000
1.000000
1.000000
1.000000
1.000000
1.000000
1.000000
1.000000
1.000000
1.000000
1.000000
1.000000
1.000000
1.000000
1.000000
1.000000
1.000000
1.000000
1.000000
1.000000
1.000000
1.000000
1.000000
1.000000
1.000000
1.000000
1.000000
1.000000
1.000000
1.000000
1.000000
1.000000
1.000000
1.000000
1.000000
1.000000
1.000000
1.000000
1.000000
1.000000
1.000000
1.000000
1.000000
1.000000
1.000000
1.000000
1.000000
1.000000
1.000000
1.000000
1.000000
1.000000
1.000000
1.000000
1.000000
1.000000
1.000000
1.000000
1.000000
1.000000
1.000000
1.000000
1.000000
1.000000
1.000000
1.000000
1.000000
1.000000
1.000000
1.000000
1.000000
1.000000
1.000000
1.000000
1.000000
1.000000
1.000000
1.000000
1.000000
1.000000
1.000000
1.000000
1.000000
1.000000
1.000000
1.000000
1.000000
1.000000
1.000000
1.000000
1.000000
1.000000
1.000000
1.000000
1.000000
1.000000
1.000000
1.000000
1.000000
1.000000
1.000000
1.000000
1.000000
1.000000
1.000000
1.000000
1.000000
1.000000
1.000000
1.000000
1.000000
1.000000
1.000000
1.000000
1.000000
1.000000
1.000000
1.000000
1.000000
1.000000
1.000000
1.000000
1.000000
1.000000
1.000000
1.000000
1.000000
1.000000
1.000000
1.000000
1.000000
1.000000
1.000000
1.000000
1.000000
1.000000
1.000000
1.000000
1.000000
1.000000
1.000000
1.000000
1.000000
1.000000
1.000000
1.000000
1.000000
1.000000
1.000000
1.000000
1.000000
1.000000
1.000000
1.000000
1.000000
1.000000
1.000000
1.000000
1.000000
1.000000
1.000000
1.000000
1.000000
1.000000
1.000000
1.000000
1.000000
1.000000
1.000000
1.000000
1.000000
1.000000
1.000000
1.000000
1.000000
1.000000
1.000000
1.000000
1.000000
1.000000
1.000000
1.000000
1.000000
1.000000
1.000000
1.000000
1.000000
1.000000
1.000000
1.000000
1.000000
1.000000
1.000000
1.000000
1.000000
1.000000
1.000001
1.000001
1.000001
1.000001
1.000000
1.000000
1.000000
1.000000
1.000000
1.000000
1.000000
1.000000
1.000000
1.000000
1.000000
1.000000
1.000000
1.000000
1.000000
1.000000
1.000000
1.000000
1.000000
1.000000
1.000000
1.000000
1.000000
1.000000
1.000000
1.000000
1.000000
1.000000
1.000000
1.000000
1.000000
1.000010
1.000013
1.000027
1.000040
1.000059
1.000067
1.000067
1.000067
1.000068
1.000067
1.000067
1.000059
1.000046
1.000032
1.000017
1.000004
1.000000
1.000000
1.000000
1.000000
1.000000
1.000000
1.000000
1.000000
1.000000
1.000000
1.000000
1.000000
1.000000
1.000000
1.000000
1.000000
1.000000
1.000000
1.000000
1.000000
1.000000
1.000000
1.000000
1.000000
1.000013
1.000085
1.000216
1.000384
1.000522
1.000617
1.000663
1.000683
1.000695
1.000697
1.000693
1.000675
1.000609
1.000481
1.000311
1.000166
1.000071
1.000028
1.000012
1.000000
1.000000
1.000000
1.000000
1.000000
1.000000
1.000000
1.000000
1.000000
1.000000
1.000000
1.000000
1.000000
1.000000
1.000000
1.000000
1.000000
1.000000
1.000000
1.000000
1.000013
1.000052
1.000218
1.000714
1.001700
1.002936
1.004015
1.004730
1.005111
1.005281
1.005343
1.005364
1.005337
1.005198
1.004757
1.003792
1.002495
1.001338
1.000592
1.000220
1.000069
1.000020
1.000004
1.000000
1.000000
1.000000
1.000000
1.000000
1.000000
1.000000
1.000000
1.000000
1.000000
1.000000
1.000000
1.000000
1.000000
1.000000
1.000000
1.000000
1.000013
1.000056
1.000299
1.001252
1.004000
1.009354
1.015996
1.021829
1.025771
1.027936
1.028937
1.029333
1.029446
1.029335
1.028673
1.026465
1.021462
1.014419
1.007866
1.003516
1.001314
1.000420
1.000117
1.000026
1.000009
1.000000
1.000000
1.000000
1.000000
1.000000
1.000000
1.000000
1.000000
1.000000
1.000000
1.000000
1.000000
1.000000
1.000000
1.000000
1.000000
1.000030
1.000214
1.001130
1.004669
1.014604
1.033357
1.056234
1.076452
1.090530
1.098640
1.102618
1.104304
1.104864
1.104635
1.102720
1.096002
1.079868
1.055331
1.030927
1.014017
1.005270
1.001684
1.000467
1.000113
1.000025
1.000008
1.000000
1.000000
1.000000
1.000000
1.000000
1.000000
1.000000
1.000000
1.000000
1.000000
1.000000
1.000000
1.000000
1.000000
1.000013
1.000077
1.000495
1.002568
1.010503
1.032356
1.072687
1.121649
1.165796
1.197890
1.217536
1.227905
1.232676
1.234497
1.234421
1.231023
1.218282
1.185853
1.132478
1.075557
1.034483
1.012936
1.004110
1.001132
1.000275
1.000062
1.000015
1.000001
1.000000
1.000000
1.000000
1.000000
1.000000
1.000000
1.000000
1.000000
1.000000
1.000000
1.000000
1.000000
1.000000
1.000017
1.000127
1.000805
1.004164
1.016954
1.051881
1.115837
1.194178
1.266949
1.322455
1.358610
1.379108
1.389315
1.393660
1.394354
1.389830
1.371264
1.321509
1.233957
1.134976
1.061456
1.022811
1.007157
1.001948
1.000472
1.000104
1.000024
1.000004
1.000000
1.000000
1.000000
1.000000
1.000000
1.000000
1.000000
1.000000
1.000000
1.000000
1.000000
1.000000
1.000000
1.000022
1.000167
1.001050
1.005455
1.022231
1.068047
1.152248
1.257232
1.358045
1.438590
1.494100
1.527627
1.545495
1.553762
1.556016
1.550960
1.527492
1.461776
1.340107
1.196728
1.088678
1.032388
1.010001
1.002688
1.000644
1.000140
1.000031
1.000006
1.000000
1.000000
1.000000
1.000000
1.000000
1.000000
1.000000
1.000000
1.000000
1.000000
1.000000
1.000000
1.000000
1.000024
1.000190
1.001209
1.006282
1.025671
1.078883
1.177592
1.303186
1.427632
1.531184
1.606034
1.653672
1.680497
1.693710
1.698201
1.693166
1.665775
1.586285
1.433926
1.249950
1.111076
1.039861
1.012114
1.003215
1.000762
1.000163
1.000035
1.000006
1.000000
1.000000
1.000000
1.000000
1.000000
1.000000
1.000000
1.000000
1.000000
1.000000
1.000000
1.000000
1.000000
1.000026
1.000204
1.001293
1.006719
1.027542
1.085004
1.192671
1.332158
1.474018
1.595994
1.687555
1.748265
1.783936
1.802335
1.809352
1.804692
1.774229
1.683420
1.505773
1.289068
1.126597
1.044732
1.013421
1.003527
1.000829
1.000178
1.000037
1.000006
1.000000
1.000000
1.000000
1.000000
1.000000
1.000000
1.000000
1.000000
1.000000
1.000000
1.000000
1.000000
1.000000
1.000026
1.000209
1.001327
1.006916
1.028413
1.087994
1.200498
1.348217
1.501357
1.636249
1.740368
1.811518
1.854642
1.877619
1.886977
1.882805
1.850010
1.750481
1.553905
1.313930
1.135833
1.047449
1.014109
1.003684
1.000861
1.000183
1.000037
1.000006
1.000000
1.000000
1.000000
1.000000
1.000000
1.000000
1.000000
1.000000
1.000000
1.000000
1.000000
1.000000
1.000000
1.000026
1.000210
1.001341
1.006995
1.028768
1.089277
1.204085
1.356115
1.515701
1.658550
1.770912
1.849287
1.897804
1.924222
1.935396
1.931644
1.897184
1.791508
1.582237
1.327715
1.140613
1.048766
1.014425
1.003754
1.000875
1.000184
1.000037
1.000006
1.000000
1.000000
1.000000
1.000000
1.000000
1.000000
1.000000
1.000000
1.000000
1.000000
1.000000
1.000000
1.000000
1.000026
1.000210
1.001344
1.007019
1.028884
1.089730
1.205491
1.359507
1.522341
1.669505
1.786607
1.869336
1.921227
1.949861
1.962231
1.958757
1.923197
1.813617
1.596781
1.334298
1.142714
1.049298
1.014542
1.003778
1.000879
1.000185
1.000037
1.000006
1.000000
1.000000
1.000000
1.000000
1.000000
1.000000
1.000000
1.000000
1.000000
1.000000
1.000000
1.000000
1.000000
1.000026
1.000209
1.001338
1.006995
1.028798
1.089571
1.205443
1.360061
1.524188
1.673300
1.792705
1.877655
1.931324
1.961149
1.974163
1.970802
1.934521
1.822601
1.601731
1.335783
1.142847
1.049224
1.014500
1.003761
1.000872
1.000183
1.000037
1.000006
1.000000
1.000000
1.000000
1.000000
1.000000
1.000000
1.000000
1.000000
1.000000
1.000000
1.000000
1.000000
1.000000
1.000025
1.000201
1.001296
1.006790
1.028051
1.087622
1.201924
1.355247
1.518659
1.667622
1.787259
1.872588
1.926602
1.956653
1.969739
1.966190
1.929086
1.815250
1.592579
1.328025
1.138651
1.047594
1.013988
1.003624
1.000841
1.000176
1.000036
1.000006
1.000000
1.000000
1.000000
1.000000
1.000000
1.000000
1.000000
1.000000
1.000000
1.000000
1.000000
1.000000
1.000000
1.000021
1.000180
1.001142
1.006028
1.025169
1.079743
1.186729
1.332634
1.489704
1.633524
1.749042
1.831146
1.882779
1.911215
1.923221
1.918616
1.879613
1.763081
1.542864
1.293114
1.121695
1.041377
1.012104
1.003127
1.000726
1.000153
1.000029
1.000005
1.000000
1.000000
1.000000
1.000000
1.000000
1.000000
1.000000
1.000000
1.000000
1.000000
1.000000
1.000000
1.000000
1.000016
1.000134
1.000860
1.004588
1.019475
1.063148
1.151967
1.276760
1.413425
1.539134
1.639458
1.709656
1.752790
1.775789
1.784572
1.777762
1.736793
1.622361
1.423942
1.219694
1.089126
1.030034
1.008761
1.002260
1.000523
1.000109
1.000019
1.000002
1.000000
1.000000
1.000000
1.000000
1.000000
1.000000
1.000000
1.000000
1.000000
1.000000
1.000000
1.000000
1.000000
1.000010
1.000081
1.000539
1.002908
1.012543
1.041628
1.102996
1.191721
1.290041
1.379911
1.450008
1.497302
1.525039
1.538944
1.543110
1.535007
1.498341
1.405446
1.262841
1.131535
1.052710
1.017760
1.005196
1.001344
1.000308
1.000064
1.000010
1.000000
1.000000
1.000000
1.000000
1.000000
1.000000
1.000000
1.000000
1.000000
1.000000
1.000000
1.000000
1.000000
1.000000
1.000002
1.000040
1.000282
1.001533
1.006694
1.022592
1.056942
1.107179
1.162402
1.211463
1.248019
1.271291
1.284070
1.289952
1.290948
1.284696
1.260858
1.205530
1.128944
1.063610
1.025540
1.008670
1.002554
1.000663
1.000151
1.000032
1.000004
1.000000
1.000000
1.000000
1.000000
1.000000
1.000000
1.000000
1.000000
1.000000
1.000000
1.000000
1.000000
1.000000
1.000000
1.000000
1.000018
1.000123
1.000679
1.002997
1.010215
1.025953
1.048828
1.073305
1.094073
1.108643
1.117308
1.121733
1.123584
1.123568
1.120328
1.109069
1.084373
1.052240
1.025784
1.010443
1.003580
1.001063
1.000276
1.000062
1.000012
1.000000
1.000000
1.000000
1.000000
1.000000
1.000000
1.000000
1.000000
1.000000
1.000000
1.000000
1.000000
1.000000
1.000000
1.000000
1.000000
1.000004
1.000044
1.000258
1.001146
1.003925
1.009988
1.018662
1.027632
1.034870
1.039649
1.042312
1.043582
1.044062
1.043952
1.042678
1.038467
1.029513
1.018225
1.009044
1.003697
1.001278
1.000380
1.000099
1.000021
1.000002
1.000000
1.000000
1.000000
1.000000
1.000000
1.000000
1.000000
1.000000
1.000000
1.000000
1.000000
1.000000
1.000000
1.000000
1.000000
1.000000
1.000000
1.000015
1.000085
1.000380
1.001307
1.003322
1.006154
1.008988
1.011173
1.012541
1.013261
1.013586
1.013698
1.013642
1.013226
1.011888
1.009091
1.005617
1.002802
1.001153
1.000400
1.000119
1.000030
1.000005
1.000000
1.000000
1.000000
1.000000
1.000000
1.000000
1.000000
1.000000
1.000000
1.000000
1.000000
1.000000
1.000000
1.000000
1.000000
1.000000
1.000000
1.000000
1.000002
1.000021
1.000110
1.000383
1.000972
1.001787
1.002580
1.003168
1.003521
1.003698
1.003774
1.003800
1.003781
1.003661
1.003286
1.002508
1.001552
1.000776
1.000320
1.000111
1.000032
1.000008
1.000000
1.000000
1.000000
1.000000
1.000000
1.000000
1.000000
1.000000
1.000000
1.000000
1.000000
1.000000
1.000000
1.000000
1.000000
1.000000
1.000000
1.000000
1.000000
1.000000
1.000004
1.000025
1.000098
1.000253
1.000462
1.000662
1.000805
1.000889
1.000929
1.000947
1.000952
1.000947
1.000916
1.000821
1.000626
1.000387
1.000194
1.000079
1.000026
1.000006
1.000000
1.000000
1.000000
1.000000
1.000000
1.000000
1.000000
1.000000
1.000000
1.000000
1.000000
1.000000
1.000000
1.000000
1.000000
1.000000
1.000000
1.000000
1.000000
1.000000
1.000000
1.000000
1.000005
1.000020
1.000058
1.000106
1.000151
1.000183
1.000203
1.000212
1.000215
1.000216
1.000215
1.000208
1.000186
1.000141
1.000087
1.000043
1.000015
1.000003
1.000000
1.000000
1.000000
1.000000
1.000000
1.000000
1.000000
1.000000
1.000000
1.000000
1.000000
1.000000
1.000000
1.000000
1.000000
1.000000
1.000000
1.000000
1.000000
1.000000
1.000000
1.000000
1.000000
1.000000
1.000003
1.000010
1.000020
1.000031
1.000038
1.000041
1.000043
1.000043
1.000043
1.000043
1.000042
1.000037
1.000026
1.000013
1.000005
1.000001
1.000000
1.000000
1.000000
1.000000
1.000000
1.000000
1.000000
1.000000
1.000000
1.000000
1.000000
1.000000
1.000000
1.000000
1.000000
1.000000
1.000000
1.000000
1.000000
1.000000
1.000000
1.000000
1.000000
1.000000
1.000000
1.000000
1.000000
1.000002
1.000004
1.000005
1.000005
1.000006
1.000006
1.000006
1.000006
1.000005
1.000005
1.000003
1.000000
1.000000
1.000000
1.000000
1.000000
1.000000
1.000000
1.000000
1.000000
1.000000
1.000000
1.000000
1.000000
1.000000
1.000000
1.000000
1.000000
1.000000
1.000000
1.000000
1.000000
1.000000
1.000000
1.000000
1.000000
1.000000
1.000000
1.000000
1.000000
1.000000
1.000000
1.000000
1.000000
1.000000
1.000000
1.000000
1.000000
1.000000
1.000000
1.000000
1.000000
1.000000
1.000000
1.000000
1.000000
1.000000
1.000000
1.000000
1.000000
1.000000
1.000000
1.000000
1.000000
1.000000
1.000000
1.000000
1.000000
1.000000
1.000000
1.000000
1.000000
1.000000
1.000000
1.000000
1.000000
1.000000
1.000000
1.000000
1.000000
1.000000
1.000000
1.000000
1.000000
1.000000
1.000000
1.000000
1.000000
1.000000
1.000000
1.000000
1.000000
1.000000
1.000000
1.000000
1.000000
1.000000
1.000000
1.000000
1.000000
1.000000
1.000000
1.000000
1.000000
1.000000
1.000000
1.000000
1.000000
1.000000
1.000000
1.000000
1.000000
1.000000
1.000000
1.000000
1.000000
1.000000
1.000000
1.000000
1.000000
1.000000
1.000000
1.000000
1.000000
1.000000
1.000000
1.000000
1.000000
1.000000
1.000000
1.000000
1.000000
1.000000
1.000000
1.000000
1.000000
1.000000
1.000000
1.000000
1.000000
1.000000
1.000000
1.000000
1.000000
1.000000
1.000000
1.000000
1.000000
1.000000
1.000000
1.000000
1.000000
1.000000
1.000000
1.000000
1.000000
1.000000
1.000000
1.000000
1.000000
1.000000
1.000000
1.000000
1.000000
1.000000
1.000000
1.000000
1.000000
1.000000
1.000000
1.000000
1.000000
1.000000
1.000000
1.000000
1.000000
1.000000
1.000000
1.000000
1.000000
1.000000
1.000000
1.000000
1.000000
1.000000
1.000000
1.000000
1.000000
1.000000
1.000000
1.000000
1.000000
1.000000
1.000000
1.000000
1.000000
1.000000
1.000000
1.000000
1.000000
1.000000
1.000000
1.000000
1.000000
1.000000
1.000000
1.000000
1.000000
1.000000
1.000000
1.000000
1.000000
1.000000
1.000000
1.000000
1.000000
1.000000
1.000000
1.000000
1.000000
1.000000
1.000000
1.000000
1.000000
1.000000
1.000000
1.000000
1.000000
1.000000
1.000000
1.000000
1.000000
1.000000
1.000000
1.000000
1.000000
1.000000
1.000000
1.000000
1.000000
1.000000
1.000000
1.000000
1.000000
1.000000
1.000000
1.000000
1.000000
1.000000
1.000000
1.000000
1.000000
1.000000
1.000000
1.000000
1.000000
1.000000
1.000000
1.000000
1.000000
1.000000
1.000000
1.000000
1.000000
1.000000
1.000000
1.000000
1.000000
1.000000
1.000000
1.000000
1.000000
1.000000
1.000000
1.000000
1.000000
1.000000
1.000000
1.000000
1.000000
1.000000
1.000000
1.000000
1.000000
1.000000
1.000000
1.000000
1.000000
1.000000
1.000000
1.000000
1.000000
1.000000
1.000000
1.000000
1.000000
1.000000
1.000000
1.000000
1.000000
1.000000
1.000000
1.000000
1.000000
1.000000
1.000000
1.000000
1.000000
1.000000
1.000000
1.000000
1.000000
1.000000
1.000000
1.000000
1.000000
1.000000
1.000000
1.000000
1.000000
1.000000
1.000000
1.000000
1.000000
1.000000
1.000000
1.000000
1.000000
1.000000
1.000000
1.000000
1.000000
1.000000
1.000000
1.000000
1.000000
1.000000
1.000000
1.000000
1.000000
1.000000
1.000000
1.000000
1.000000
1.000000
1.000000
1.000000
1.000000
1.000000
1.000000
1.000000
1.000000
1.000000
1.000000
1.000000
1.000000
1.000000
1.000000
