1.000000
1.000000
1.000000
1.000000
1.000000
1.000000
1.000000
1.000000
1.000000
1.000000
1.000000
1.000000
1.000000
1.000000
1.000000
1.000000
1.000000
1.000000
1.000000
1.000000
1.000000
1.000000
1.000000
1.000000
1.000000
1.000000
1.000000
1.000000
1.000000
1.000000
1.000000
1.000000
1.000000
1.000000
1.000000
1.000000
1.000000
1.000000
1.000000
1.000000
1.000000
1.000000
1.000000
1.000000
1.000000
1.000000
1.000000
1.000000
1.000000
1.000000
1.000000
1.000000
1.000000
1.000000
1.000000
1.000000
1.000000
1.000000
1.000000
1.000000
1.000000
1.000000
1.000000
1.000000
1.000000
1.000000
1.000000
1.000000
1.000000
1.000000
1.000000
1.000000
1.000000
1.000000
1.000000
1.000000
1.000000
1.000000
1.000000
1.000000
1.000000
1.000000
1.000000
1.000000
1.000000
1.000000
1.000000
1.000000
1.000000
1.000000
1.000000
1.000000
1.000000
1.000000
1.000000
1.000000
1.000000
1.000000
1.000000
1.000000
1.000000
1.000000
1.000000
1.000000
1.000000
1.000000
1.000000
1.000000
1.000000
1.000000
1.000000
1.000000
1.000000
1.000000
1.000000
1.000000
1.000000
1.000000
1.000000
1.000000
1.000000
1.000000
1.000000
1.000000
1.000000
1.000000
1.000000
1.000000
1.000000
1.000000
1.000000
1.000000
1.000000
1.000000
1.000000
1.000000
1.000000
1.000000
1.000000
1.000000
1.000000
1.000000
1.000000
1.000000
1.000000
1.000000
1.000000
1.000000
1.000000
1.000000
1.000000
1.000000
1.000000
1.000000
1.000000
1.000000
1.000000
1.000000
1.000000
1.000000
1.000000
1.000000
1.000000
1.000000
1.000000
1.000000
1.000000
1.000000
1.000000
1.000000
1.000000
1.000000
1.000000
1.000000
1.000000
1.000000
1.000000
1.000000
1.000000
1.000000
1.000000
1.000000
1.000000
1.000000
1.000000
1.000000
1.000000
1.000000
1.000000
1.000000
1.000000
1.000000
1.000000
1.000000
1.000000
1.000000
1.000000
1.000000
1.000000
1.000000
1.000000
1.000000
1.000000
1.000000
1.000000
1.000000
1.000000
1.000000
1.000000
1.000000
1.000000
1.000000
1.000000
1.000000
1.000000
1.000000
1.000000
1.000000
1.000000
1.000000
1.000000
1.000000
1.000000
1.000000
1.000000
1.000000
1.000000
1.000000
1.000000
1.000000
1.000000
1.000000
1.000000
1.000000
1.000000
1.000000
1.000000
1.000000
1.000000
1.000000
1.000000
1.000000
1.000000
1.000000
1.000000
1.000000
1.000000
1.000000
1.000000
1.000000
1.000000
1.000000
1.000000
1.000000
1.000000
1.000007
1.000013
1.000027
1.000040
1.000042
1.000044
1.000045
1.000046
1.000046
1.000045
1.000044
1.000040
1.000027
1.000014
1.000005
1.000000
1.000000
1.000000
1.000000
1.000000
1.000000
1.000000
1.000000
1.000000
1.000000
1.000000
1.000000
1.000000
1.000000
1.000000
1.000000
1.000000
1.000000
1.000000
1.000000
1.000000
1.000000
1.000000
1.000000
1.000000
1.000013
1.000081
1.000211
1.000365
1.000481
1.000541
1.000568
1.000579
1.000581
1.000582
1.000579
1.000564
1.000505
1.000374
1.000212
1.000093
1.000037
1.000013
1.000000
1.000000
1.000000
1.000000
1.000000
1.000000
1.000000
1.000000
1.000000
1.000000
1.000000
1.000000
1.000000
1.000000
1.000000
1.000000
1.000000
1.000000
1.000000
1.000000
1.000000
1.000001
1.000036
1.000205
1.000769
1.002001
1.003432
1.004517
1.005123
1.005390
1.005487
1.005519
1.005529
1.005502
1.005364
1.004844
1.003604
1.002085
1.000943
1.000343
1.000103
1.000028
1.000006
1.000000
1.000000
1.000000
1.000000
1.000000
1.000000
1.000000
1.000000
1.000000
1.000000
1.000000
1.000000
1.000000
1.000000
1.000000
1.000000
1.000000
1.000000
1.000005
1.000041
1.000270
1.001383
1.005139
1.013111
1.022305
1.029367
1.033438
1.035317
1.036039
1.036276
1.036323
1.036186
1.035384
1.032270
1.024529
1.014520
1.006673
1.002448
1.000739
1.000189
1.000044
1.000009
1.000000
1.000000
1.000000
1.000000
1.000000
1.000000
1.000000
1.000000
1.000000
1.000000
1.000000
1.000000
1.000000
1.000000
1.000000
1.000000
1.000000
1.000018
1.000181
1.001168
1.005803
1.020999
1.051905
1.087012
1.114539
1.131209
1.139450
1.142881
1.144103
1.144421
1.144046
1.141463
1.130982
1.103093
1.063327
1.029805
1.011050
1.003351
1.000857
1.000190
1.000038
1.000009
1.000000
1.000000
1.000000
1.000000
1.000000
1.000000
1.000000
1.000000
1.000000
1.000000
1.000000
1.000000
1.000000
1.000000
1.000000
1.000008
1.000051
1.000402
1.002557
1.012589
1.044922
1.109230
1.182773
1.242752
1.281523
1.302339
1.311846
1.315590
1.316770
1.316307
1.311644
1.291831
1.235972
1.149042
1.070970
1.026232
1.007882
1.001997
1.000439
1.000086
1.000017
1.000002
1.000000
1.000000
1.000000
1.000000
1.000000
1.000000
1.000000
1.000000
1.000000
1.000000
1.000000
1.000000
1.000000
1.000000
1.000011
1.000077
1.000605
1.003857
1.018973
1.067510
1.163831
1.276461
1.372646
1.438937
1.477345
1.496407
1.504595
1.507527
1.507372
1.500964
1.472409
1.388338
1.248905
1.118384
1.043160
1.012752
1.003184
1.000692
1.000134
1.000026
1.000004
1.000000
1.000000
1.000000
1.000000
1.000000
1.000000
1.000000
1.000000
1.000000
1.000000
1.000000
1.000000
1.000000
1.000000
1.000012
1.000094
1.000741
1.004725
1.023322
1.083295
1.203425
1.347800
1.476574
1.570369
1.628239
1.658945
1.673070
1.678579
1.679157
1.671481
1.635570
1.526662
1.338787
1.159515
1.057079
1.016554
1.004071
1.000874
1.000167
1.000031
1.000005
1.000000
1.000000
1.000000
1.000000
1.000000
1.000000
1.000000
1.000000
1.000000
1.000000
1.000000
1.000000
1.000000
1.000000
1.000013
1.000104
1.000809
1.005178
1.025659
1.092130
1.226894
1.392920
1.546357
1.663061
1.738614
1.780761
1.801147
1.809564
1.811122
1.802583
1.760805
1.631861
1.405110
1.188181
1.066149
1.018886
1.004588
1.000976
1.000185
1.000033
1.000005
1.000000
1.000000
1.000000
1.000000
1.000000
1.000000
1.000000
1.000000
1.000000
1.000000
1.000000
1.000000
1.000000
1.000000
1.000013
1.000106
1.000836
1.005373
1.026695
1.096257
1.238662
1.417298
1.586636
1.719460
1.808415
1.859802
1.885528
1.896548
1.899054
1.889946
1.843799
1.700186
1.446227
1.204759
1.071021
1.020060
1.004837
1.001022
1.000193
1.000034
1.000005
1.000000
1.000000
1.000000
1.000000
1.000000
1.000000
1.000000
1.000000
1.000000
1.000000
1.000000
1.000000
1.000000
1.000000
1.000013
1.000107
1.000847
1.005446
1.027087
1.097913
1.243756
1.428727
1.606865
1.749347
1.846865
1.904469
1.933943
1.946853
1.950074
1.940601
1.891516
1.738385
1.467949
1.212885
1.073238
1.020561
1.004938
1.001040
1.000195
1.000034
1.000005
1.000000
1.000000
1.000000
1.000000
1.000000
1.000000
1.000000
1.000000
1.000000
1.000000
1.000000
1.000000
1.000000
1.000000
1.000013
1.000107
1.000849
1.005467
1.027215
1.098491
1.245683
1.433425
1.615778
1.763235
1.865415
1.926552
1.958224
1.972269
1.975928
1.966237
1.915410
1.756891
1.477841
1.216316
1.074108
1.020746
1.004972
1.001045
1.000196
1.000034
1.000005
1.000000
1.000000
1.000000
1.000000
1.000000
1.000000
1.000000
1.000000
1.000000
1.000000
1.000000
1.000000
1.000000
1.000000
1.000013
1.000107
1.000849
1.005471
1.027239
1.098631
1.246260
1.435036
1.619131
1.768796
1.873153
1.936000
1.968761
1.983380
1.987259
1.977448
1.925713
1.764530
1.481596
1.217475
1.074364
1.020793
1.004980
1.001046
1.000196
1.000034
1.000005
1.000000
1.000000
1.000000
1.000000
1.000000
1.000000
1.000000
1.000000
1.000000
1.000000
1.000000
1.000000
1.000000
1.000000
1.000013
1.000106
1.000845
1.005445
1.027120
1.098282
1.245668
1.434447
1.618902
1.769207
1.874279
1.937716
1.970862
1.985683
1.989631
1.979730
1.927514
1.765093
1.480925
1.216717
1.074003
1.020676
1.004949
1.001039
1.000194
1.000034
1.000005
1.000000
1.000000
1.000000
1.000000
1.000000
1.000000
1.000000
1.000000
1.000000
1.000000
1.000000
1.000000
1.000000
1.000000
1.000012
1.000101
1.000807
1.005238
1.026184
1.095373
1.239811
1.425801
1.608038
1.756670
1.860512
1.923096
1.955704
1.970221
1.973987
1.963843
1.911000
1.747791
1.466091
1.208402
1.070846
1.019752
1.004722
1.000991
1.000185
1.000032
1.000005
1.000000
1.000000
1.000000
1.000000
1.000000
1.000000
1.000000
1.000000
1.000000
1.000000
1.000000
1.000000
1.000000
1.000000
1.000009
1.000085
1.000670
1.004372
1.022161
1.082352
1.212122
1.382873
1.551746
1.689379
1.784713
1.841332
1.870272
1.882826
1.885589
1.874595
1.820479
1.658932
1.396709
1.172318
1.057702
1.015984
1.003810
1.000798
1.000149
1.000025
1.000003
1.000000
1.000000
1.000000
1.000000
1.000000
1.000000
1.000000
1.000000
1.000000
1.000000
1.000000
1.000000
1.000000
1.000000
1.000005
1.000053
1.000443
1.002939
1.015169
1.057964
1.154643
1.285931
1.416961
1.522519
1.593585
1.634113
1.653850
1.661878
1.662738
1.651477
1.601282
1.462725
1.263964
1.110894
1.036716
1.010151
1.002418
1.000504
1.000093
1.000014
1.000000
1.000000
1.000000
1.000000
1.000000
1.000000
1.000000
1.000000
1.000000
1.000000
1.000000
1.000000
1.000000
1.000000
1.000000
1.000000
1.000027
1.000235
1.001571
1.008230
1.032172
1.088232
1.165608
1.241949
1.301214
1.338932
1.359031
1.368127
1.371472
1.371072
1.362697
1.328553
1.242288
1.132826
1.055002
1.018242
1.005070
1.001214
1.000253
1.000047
1.000006
1.000000
1.000000
1.000000
1.000000
1.000000
1.000000
1.000000
1.000000
1.000000
1.000000
1.000000
1.000000
1.000000
1.000000
1.000000
1.000000
1.000011
1.000098
1.000677
1.003594
1.014242
1.039575
1.074257
1.107251
1.131388
1.145657
1.152680
1.155610
1.156563
1.156095
1.151940
1.135911
1.097745
1.052782
1.021902
1.007328
1.002053
1.000493
1.000102
1.000018
1.000001
1.000000
1.000000
1.000000
1.000000
1.000000
1.000000
1.000000
1.000000
1.000000
1.000000
1.000000
1.000000
1.000000
1.000000
1.000000
1.000000
1.000000
1.000033
1.000242
1.001296
1.005174
1.014422
1.026808
1.038056
1.045776
1.050019
1.051955
1.052704
1.052917
1.052697
1.051182
1.045504
1.032385
1.017457
1.007295
1.002463
1.000694
1.000167
1.000034
1.000004
1.000000
1.000000
1.000000
1.000000
1.000000
1.000000
1.000000
1.000000
1.000000
1.000000
1.000000
1.000000
1.000000
1.000000
1.000000
1.000000
1.000000
1.000000
1.000012
1.000073
1.000395
1.001587
1.004417
1.008116
1.011333
1.013420
1.014498
1.014959
1.015126
1.015169
1.015095
1.014646
1.012988
1.009209
1.004972
1.002091
1.000711
1.000201
1.000048
1.000008
1.000000
1.000000
1.000000
1.000000
1.000000
1.000000
1.000000
1.000000
1.000000
1.000000
1.000000
1.000000
1.000000
1.000000
1.000000
1.000000
1.000000
1.000000
1.000000
1.000000
1.000017
1.000103
1.000419
1.001165
1.002122
1.002921
1.003418
1.003662
1.003760
1.003795
1.003806
1.003783
1.003668
1.003250
1.002300
1.001245
1.000525
1.000179
1.000050
1.000010
1.000000
1.000000
1.000000
1.000000
1.000000
1.000000
1.000000
1.000000
1.000000
1.000000
1.000000
1.000000
1.000000
1.000000
1.000000
1.000000
1.000000
1.000000
1.000000
1.000000
1.000000
1.000002
1.000021
1.000096
1.000269
1.000486
1.000664
1.000770
1.000819
1.000840
1.000847
1.000848
1.000843
1.000818
1.000723
1.000512
1.000276
1.000116
1.000040
1.000009
1.000000
1.000000
1.000000
1.000000
1.000000
1.000000
1.000000
1.000000
1.000000
1.000000
1.000000
1.000000
1.000000
1.000000
1.000000
1.000000
1.000000
1.000000
1.000000
1.000000
1.000000
1.000000
1.000000
1.000003
1.000017
1.000054
1.000097
1.000133
1.000154
1.000165
1.000168
1.000169
1.000169
1.000168
1.000163
1.000144
1.000101
1.000055
1.000021
1.000005
1.000000
1.000000
1.000000
1.000000
1.000000
1.000000
1.000000
1.000000
1.000000
1.000000
1.000000
1.000000
1.000000
1.000000
1.000000
1.000000
1.000000
1.000000
1.000000
1.000000
1.000000
1.000000
1.000000
1.000000
1.000000
1.000001
1.000008
1.000016
1.000023
1.000027
1.000028
1.000029
1.000029
1.000029
1.000029
1.000028
1.000024
1.000015
1.000007
1.000002
1.000000
1.000000
1.000000
1.000000
1.000000
1.000000
1.000000
1.000000
1.000000
1.000000
1.000000
1.000000
1.000000
1.000000
1.000000
1.000000
1.000000
1.000000
1.000000
1.000000
1.000000
1.000000
1.000000
1.000000
1.000000
1.000000
1.000000
1.000000
1.000001
1.000002
1.000003
1.000003
1.000003
1.000003
1.000003
1.000003
1.000003
1.000002
1.000000
1.000000
1.000000
1.000000
1.000000
1.000000
1.000000
1.000000
1.000000
1.000000
1.000000
1.000000
1.000000
1.000000
1.000000
1.000000
1.000000
1.000000
1.000000
1.000000
1.000000
1.000000
1.000000
1.000000
1.000000
1.000000
1.000000
1.000000
1.000000
1.000000
1.000000
1.000000
1.000000
1.000000
1.000000
1.000000
1.000000
1.000000
1.000000
1.000000
1.000000
1.000000
1.000000
1.000000
1.000000
1.000000
1.000000
1.000000
1.000000
1.000000
1.000000
1.000000
1.000000
1.000000
1.000000
1.000000
1.000000
1.000000
1.000000
1.000000
1.000000
1.000000
1.000000
1.000000
1.000000
1.000000
1.000000
1.000000
1.000000
1.000000
1.000000
1.000000
1.000000
1.000000
1.000000
1.000000
1.000000
1.000000
1.000000
1.000000
1.000000
1.000000
1.000000
1.000000
1.000000
1.000000
1.000000
1.000000
1.000000
1.000000
1.000000
1.000000
1.000000
1.000000
1.000000
1.000000
1.000000
1.000000
1.000000
1.000000
1.000000
1.000000
1.000000
1.000000
1.000000
1.000000
1.000000
1.000000
1.000000
1.000000
1.000000
1.000000
1.000000
1.000000
1.000000
1.000000
1.000000
1.000000
1.000000
1.000000
1.000000
1.000000
1.000000
1.000000
1.000000
1.000000
1.000000
1.000000
1.000000
1.000000
1.000000
1.000000
1.000000
1.000000
1.000000
1.000000
1.000000
1.000000
1.000000
1.000000
1.000000
1.000000
1.000000
1.000000
1.000000
1.000000
1.000000
1.000000
1.000000
1.000000
1.000000
1.000000
1.000000
1.000000
1.000000
1.000000
1.000000
1.000000
1.000000
1.000000
1.000000
1.000000
1.000000
1.000000
1.000000
1.000000
1.000000
1.000000
1.000000
1.000000
1.000000
1.000000
1.000000
1.000000
1.000000
1.000000
1.000000
1.000000
1.000000
1.000000
1.000000
1.000000
1.000000
1.000000
1.000000
1.000000
1.000000
1.000000
1.000000
1.000000
1.000000
1.000000
1.000000
1.000000
1.000000
1.000000
1.000000
1.000000
1.000000
1.000000
1.000000
1.000000
1.000000
1.000000
1.000000
1.000000
1.000000
1.000000
1.000000
1.000000
1.000000
1.000000
1.000000
1.000000
1.000000
1.000000
1.000000
1.000000
1.000000
1.000000
1.000000
1.000000
1.000000
1.000000
1.000000
1.000000
1.000000
1.000000
1.000000
1.000000
1.000000
1.000000
1.000000
1.000000
1.000000
1.000000
1.000000
1.000000
1.000000
1.000000
1.000000
1.000000
1.000000
1.000000
1.000000
1.000000
1.000000
1.000000
1.000000
1.000000
1.000000
1.000000
1.000000
1.000000
1.000000
1.000000
1.000000
1.000000
1.000000
1.000000
1.000000
1.000000
1.000000
1.000000
1.000000
1.000000
1.000000
1.000000
1.000000
1.000000
1.000000
1.000000
1.000000
1.000000
1.000000
1.000000
1.000000
1.000000
1.000000
1.000000
1.000000
1.000000
1.000000
1.000000
1.000000
1.000000
1.000000
1.000000
1.000000
1.000000
1.000000
1.000000
1.000000
1.000000
1.000000
1.000000
1.000000
1.000000
1.000000
1.000000
1.000000
1.000000
1.000000
1.000000
1.000000
1.000000
1.000000
1.000000
1.000000
1.000000
1.000000
1.000000
1.000000
1.000000
1.000000
1.000000
1.000000
1.000000
1.000000
1.000000
1.000000
1.000000
1.000000
1.000000
1.000000
1.000000
1.000000
1.000000
1.000000
1.000000
1.000000
1.000000
1.000000
1.000000
1.000000
1.000000
1.000000
1.000000
1.000000
1.000000
1.000000
1.000000
1.000000
1.000000
1.000000
1.000000
1.000000
1.000000
1.000000
1.000000
1.000000
1.000000
1.000000
1.000000
1.000000
1.000000
1.000000
1.000000
1.000000
1.000000
1.000000
1.000000
1.000000
1.000000
1.000000
1.000000
1.000000
1.000000
1.000000
1.000000
1.000000
1.000000
1.000000
1.000000
1.000000
1.000000
1.000000
1.000000
1.000000
1.000000
1.000000
1.000000
1.000000
1.000000
1.000000
1.000000
1.000000
1.000000
1.000000
