1.000000
1.000000
1.000000
1.000000
1.000000
1.000000
1.000000
1.000000
1.000000
1.000000
1.000000
1.000000
1.000000
1.000000
1.000000
1.000000
1.000000
1.000000
1.000000
1.000000
1.000000
1.000000
1.000000
1.000000
1.000000
1.000000
1.000000
1.000000
1.000000
1.000000
1.000000
1.000000
1.000000
1.000000
1.000000
1.000000
1.000000
1.000000
1.000000
1.000000
1.000000
1.000000
1.000000
1.000000
1.000000
1.000000
1.000000
1.000000
1.000000
1.000000
1.000000
1.000000
1.000000
1.000000
1.000000
1.000000
1.000000
1.000000
1.000000
1.000000
1.000000
1.000000
1.000000
1.000000
1.000000
1.000000
1.000000
1.000000
1.000000
1.000000
1.000000
1.000000
1.000000
1.000000
1.000000
1.000000
1.000000
1.000000
1.000000
1.000000
1.000000
1.000000
1.000000
1.000000
1.000000
1.000000
1.000000
1.000000
1.000000
1.000000
1.000000
1.000000
1.000000
1.000000
1.000000
1.000000
1.000000
1.000000
1.000000
1.000000
1.000000
1.000000
1.000000
1.000000
1.000000
1.000000
1.000000
1.000000
1.000000
1.000000
1.000000
1.000000
1.000000
1.000000
1.000000
1.000000
1.000000
1.000000
1.000000
1.000000
1.000000
1.000000
1.000000
1.000000
1.000000
1.000000
1.000000
1.000000
1.000000
1.000000
1.000000
1.000000
1.000000
1.000000
1.000000
1.000000
1.000000
1.000000
1.000000
1.000000
1.000000
1.000000
1.000000
1.000000
1.000000
1.000000
1.000000
1.000000
1.000000
1.000000
1.000000
1.000000
1.000000
1.000000
1.000000
1.000000
1.000000
1.000000
1.000000
1.000000
1.000000
1.000000
1.000000
1.000000
1.000000
1.000000
1.000000
1.000000
1.000000
1.000000
1.000000
1.000000
1.000000
1.000000
1.000000
1.000000
1.000000
1.000000
1.000000
1.000000
1.000000
1.000000
1.000000
1.000000
1.000000
1.000000
1.000000
1.000000
1.000000
1.000000
1.000000
1.000000
1.000000
1.000000
1.000000
1.000000
1.000000
1.000000
1.000000
1.000000
1.000000
1.000000
1.000000
1.000000
1.000000
1.000000
1.000000
1.000000
1.000000
1.000000
1.000000
1.000000
1.000000
1.000000
1.000000
1.000000
1.000000
1.000000
1.000000
1.000000
1.000000
1.000000
1.000000
1.000000
1.000000
1.000000
1.000000
1.000000
1.000000
1.000000
1.000000
1.000000
1.000000
1.000000
1.000000
1.000000
1.000000
1.000000
1.000000
1.000000
1.000000
1.000000
1.000000
1.000000
1.000000
1.000000
1.000000
1.000000
1.000000
1.000000
1.000000
1.000000
1.000000
1.000000
1.000000
1.000010
1.000013
1.000027
1.000040
1.000056
1.000061
1.000062
1.000062
1.000062
1.000061
1.000060
1.000052
1.000041
1.000028
1.000014
1.000001
1.000000
1.000000
1.000000
1.000000
1.000000
1.000000
1.000000
1.000000
1.000000
1.000000
1.000000
1.000000
1.000000
1.000000
1.000000
1.000000
1.000000
1.000000
1.000000
1.000000
1.000000
1.000000
1.000000
1.000000
1.000013
1.000085
1.000216
1.000383
1.000516
1.000603
1.000644
1.000660
1.000669
1.000670
1.000666
1.000649
1.000584
1.000453
1.000284
1.000144
1.000061
1.000022
1.000008
1.000000
1.000000
1.000000
1.000000
1.000000
1.000000
1.000000
1.000000
1.000000
1.000000
1.000000
1.000000
1.000000
1.000000
1.000000
1.000000
1.000000
1.000000
1.000000
1.000000
1.000009
1.000048
1.000217
1.000738
1.001796
1.003099
1.004192
1.004888
1.005241
1.005389
1.005441
1.005458
1.005430
1.005288
1.004821
1.003778
1.002405
1.001233
1.000518
1.000182
1.000055
1.000014
1.000000
1.000000
1.000000
1.000000
1.000000
1.000000
1.000000
1.000000
1.000000
1.000000
1.000000
1.000000
1.000000
1.000000
1.000000
1.000000
1.000000
1.000000
1.000013
1.000053
1.000295
1.001302
1.004328
1.010347
1.017680
1.023899
1.027928
1.030041
1.030970
1.031319
1.031411
1.031288
1.030580
1.028128
1.022443
1.014599
1.007615
1.003230
1.001140
1.000343
1.000088
1.000019
1.000005
1.000000
1.000000
1.000000
1.000000
1.000000
1.000000
1.000000
1.000000
1.000000
1.000000
1.000000
1.000000
1.000000
1.000000
1.000000
1.000000
1.000026
1.000208
1.001152
1.005005
1.016258
1.037882
1.063797
1.085989
1.100876
1.109107
1.112971
1.114534
1.115021
1.114741
1.112636
1.104985
1.086136
1.057885
1.030940
1.013294
1.004717
1.001419
1.000370
1.000083
1.000019
1.000004
1.000000
1.000000
1.000000
1.000000
1.000000
1.000000
1.000000
1.000000
1.000000
1.000000
1.000000
1.000000
1.000000
1.000000
1.000013
1.000070
1.000474
1.002598
1.011159
1.035707
1.081825
1.136969
1.185385
1.219494
1.239657
1.249896
1.254416
1.256057
1.255857
1.252098
1.237599
1.199741
1.138156
1.075213
1.032454
1.011466
1.003425
1.000887
1.000203
1.000045
1.000010
1.000000
1.000000
1.000000
1.000000
1.000000
1.000000
1.000000
1.000000
1.000000
1.000000
1.000000
1.000000
1.000000
1.000000
1.000013
1.000113
1.000753
1.004130
1.017680
1.056250
1.128244
1.215402
1.294592
1.353401
1.390550
1.410892
1.420637
1.424602
1.425037
1.419971
1.398903
1.341104
1.240594
1.132082
1.056667
1.019766
1.005827
1.001489
1.000339
1.000070
1.000015
1.000001
1.000000
1.000000
1.000000
1.000000
1.000000
1.000000
1.000000
1.000000
1.000000
1.000000
1.000000
1.000000
1.000000
1.000018
1.000144
1.000967
1.005311
1.022760
1.072504
1.165844
1.281190
1.389867
1.474650
1.531449
1.564638
1.581669
1.589210
1.590964
1.585144
1.558517
1.482518
1.343810
1.188566
1.079850
1.027371
1.007937
1.002005
1.000452
1.000092
1.000019
1.000002
1.000000
1.000000
1.000000
1.000000
1.000000
1.000000
1.000000
1.000000
1.000000
1.000000
1.000000
1.000000
1.000000
1.000020
1.000163
1.001097
1.006024
1.025905
1.082884
1.190910
1.327349
1.460205
1.568286
1.644283
1.691076
1.716430
1.728371
1.731986
1.725899
1.694775
1.603256
1.431019
1.234693
1.097797
1.032935
1.009409
1.002348
1.000524
1.000107
1.000021
1.000003
1.000000
1.000000
1.000000
1.000000
1.000000
1.000000
1.000000
1.000000
1.000000
1.000000
1.000000
1.000000
1.000000
1.000021
1.000174
1.001160
1.006382
1.027523
1.088455
1.205156
1.355282
1.505356
1.631503
1.723566
1.782557
1.815850
1.832233
1.837871
1.831822
1.797167
1.693188
1.494329
1.266553
1.109419
1.036318
1.010257
1.002538
1.000562
1.000114
1.000022
1.000003
1.000000
1.000000
1.000000
1.000000
1.000000
1.000000
1.000000
1.000000
1.000000
1.000000
1.000000
1.000000
1.000000
1.000021
1.000176
1.001183
1.006533
1.028236
1.091037
1.212199
1.370092
1.530875
1.669193
1.772852
1.841178
1.880866
1.900987
1.908406
1.902508
1.865218
1.752007
1.534218
1.285457
1.115850
1.038072
1.010673
1.002629
1.000579
1.000116
1.000022
1.000003
1.000000
1.000000
1.000000
1.000000
1.000000
1.000000
1.000000
1.000000
1.000000
1.000000
1.000000
1.000000
1.000000
1.000021
1.000176
1.001194
1.006589
1.028510
1.092083
1.215266
1.377035
1.543663
1.689140
1.800056
1.874529
1.918603
1.941378
1.950099
1.944337
1.905238
1.785863
1.556159
1.295196
1.118937
1.038861
1.010850
1.002664
1.000585
1.000116
1.000022
1.000003
1.000000
1.000000
1.000000
1.000000
1.000000
1.000000
1.000000
1.000000
1.000000
1.000000
1.000000
1.000000
1.000000
1.000021
1.000176
1.001195
1.006605
1.028589
1.092424
1.216390
1.379850
1.549276
1.698438
1.813308
1.891282
1.937941
1.962319
1.971841
1.966157
1.925933
1.802891
1.566585
1.299463
1.120171
1.039148
1.010908
1.002676
1.000586
1.000117
1.000022
1.000003
1.000000
1.000000
1.000000
1.000000
1.000000
1.000000
1.000000
1.000000
1.000000
1.000000
1.000000
1.000000
1.000000
1.000021
1.000175
1.001190
1.006579
1.028487
1.092196
1.216160
1.380030
1.550450
1.701138
1.817780
1.897398
1.945309
1.970475
1.980386
1.974700
1.933782
1.808679
1.569178
1.299835
1.119989
1.039018
1.010862
1.002660
1.000582
1.000116
1.000022
1.000003
1.000000
1.000000
1.000000
1.000000
1.000000
1.000000
1.000000
1.000000
1.000000
1.000000
1.000000
1.000000
1.000000
1.000020
1.000168
1.001148
1.006368
1.027680
1.089986
1.212042
1.374242
1.543548
1.693650
1.810060
1.889618
1.937516
1.962661
1.972505
1.966573
1.924854
1.798077
1.557820
1.291482
1.115960
1.037585
1.010443
1.002555
1.000562
1.000111
1.000021
1.000003
1.000000
1.000000
1.000000
1.000000
1.000000
1.000000
1.000000
1.000000
1.000000
1.000000
1.000000
1.000000
1.000000
1.000017
1.000149
1.000996
1.005570
1.024485
1.080860
1.193993
1.347060
1.508450
1.652027
1.763177
1.838680
1.883702
1.907010
1.915714
1.908724
1.865144
1.736314
1.501946
1.255414
1.099859
1.032087
1.008879
1.002167
1.000475
1.000093
1.000016
1.000001
1.000000
1.000000
1.000000
1.000000
1.000000
1.000000
1.000000
1.000000
1.000000
1.000000
1.000000
1.000000
1.000000
1.000013
1.000106
1.000726
1.004109
1.018371
1.062182
1.153657
1.281316
1.418085
1.539924
1.633186
1.695182
1.731070
1.748918
1.754638
1.745845
1.701384
1.578711
1.376192
1.183870
1.070464
1.022492
1.006212
1.001513
1.000330
1.000065
1.000010
1.000000
1.000000
1.000000
1.000000
1.000000
1.000000
1.000000
1.000000
1.000000
1.000000
1.000000
1.000000
1.000000
1.000000
1.000006
1.000060
1.000437
1.002490
1.011315
1.039207
1.099643
1.186233
1.279630
1.361700
1.422562
1.461227
1.482415
1.492221
1.494320
1.485486
1.448464
1.355555
1.220203
1.104511
1.039751
1.012715
1.003525
1.000860
1.000186
1.000037
1.000005
1.000000
1.000000
1.000000
1.000000
1.000000
1.000000
1.000000
1.000000
1.000000
1.000000
1.000000
1.000000
1.000000
1.000000
1.000000
1.000029
1.000216
1.001245
1.005725
1.020156
1.052111
1.098194
1.147124
1.188536
1.217613
1.234911
1.243734
1.247449
1.247617
1.241732
1.219820
1.169015
1.101793
1.047895
1.018308
1.005904
1.001648
1.000403
1.000086
1.000016
1.000001
1.000000
1.000000
1.000000
1.000000
1.000000
1.000000
1.000000
1.000000
1.000000
1.000000
1.000000
1.000000
1.000000
1.000000
1.000000
1.000014
1.000087
1.000521
1.002418
1.008590
1.022353
1.041987
1.062156
1.078356
1.089010
1.094912
1.097706
1.098765
1.098564
1.095841
1.086337
1.065331
1.038984
1.018404
1.007102
1.002311
1.000649
1.000159
1.000034
1.000004
1.000000
1.000000
1.000000
1.000000
1.000000
1.000000
1.000000
1.000000
1.000000
1.000000
1.000000
1.000000
1.000000
1.000000
1.000000
1.000000
1.000000
1.000028
1.000185
1.000870
1.003104
1.008083
1.015053
1.021950
1.027205
1.030453
1.032137
1.032882
1.033136
1.033013
1.032030
1.028721
1.021589
1.012872
1.006114
1.002380
1.000780
1.000220
1.000052
1.000010
1.000000
1.000000
1.000000
1.000000
1.000000
1.000000
1.000000
1.000000
1.000000
1.000000
1.000000
1.000000
1.000000
1.000000
1.000000
1.000000
1.000000
1.000000
1.000010
1.000057
1.000270
1.000970
1.002524
1.004658
1.006696
1.008181
1.009052
1.009478
1.009657
1.009712
1.009665
1.009367
1.008381
1.006282
1.003751
1.001790
1.000701
1.000230
1.000065
1.000015
1.000000
1.000000
1.000000
1.000000
1.000000
1.000000
1.000000
1.000000
1.000000
1.000000
1.000000
1.000000
1.000000
1.000000
1.000000
1.000000
1.000000
1.000000
1.000000
1.000000
1.000014
1.000073
1.000266
1.000693
1.001268
1.001803
1.002178
1.002388
1.002487
1.002527
1.002541
1.002524
1.002445
1.002185
1.001636
1.000978
1.000468
1.000183
1.000060
1.000015
1.000001
1.000000
1.000000
1.000000
1.000000
1.000000
1.000000
1.000000
1.000000
1.000000
1.000000
1.000000
1.000000
1.000000
1.000000
1.000000
1.000000
1.000000
1.000000
1.000000
1.000000
1.000001
1.000016
1.000064
1.000168
1.000307
1.000433
1.000519
1.000565
1.000588
1.000597
1.000598
1.000595
1.000575
1.000514
1.000384
1.000229
1.000109
1.000043
1.000012
1.000000
1.000000
1.000000
1.000000
1.000000
1.000000
1.000000
1.000000
1.000000
1.000000
1.000000
1.000000
1.000000
1.000000
1.000000
1.000000
1.000000
1.000000
1.000000
1.000000
1.000000
1.000000
1.000000
1.000001
1.000011
1.000034
1.000064
1.000092
1.000111
1.000122
1.000125
1.000127
1.000127
1.000126
1.000122
1.000108
1.000083
1.000049
1.000021
1.000006
1.000000
1.000000
1.000000
1.000000
1.000000
1.000000
1.000000
1.000000
1.000000
1.000000
1.000000
1.000000
1.000000
1.000000
1.000000
1.000000
1.000000
1.000000
1.000000
1.000000
1.000000
1.000000
1.000000
1.000000
1.000000
1.000000
1.000005
1.000011
1.000016
1.000019
1.000021
1.000022
1.000022
1.000022
1.000022
1.000021
1.000018
1.000012
1.000006
1.000002
1.000000
1.000000
1.000000
1.000000
1.000000
1.000000
1.000000
1.000000
1.000000
1.000000
1.000000
1.000000
1.000000
1.000000
1.000000
1.000000
1.000000
1.000000
1.000000
1.000000
1.000000
1.000000
1.000000
1.000000
1.000000
1.000000
1.000000
1.000000
1.000000
1.000001
1.000002
1.000002
1.000002
1.000002
1.000002
1.000002
1.000002
1.000001
1.000000
1.000000
1.000000
1.000000
1.000000
1.000000
1.000000
1.000000
1.000000
1.000000
1.000000
1.000000
1.000000
1.000000
1.000000
1.000000
1.000000
1.000000
1.000000
1.000000
1.000000
1.000000
1.000000
1.000000
1.000000
1.000000
1.000000
1.000000
1.000000
1.000000
1.000000
1.000000
1.000000
1.000000
1.000000
1.000000
1.000000
1.000000
1.000000
1.000000
1.000000
1.000000
1.000000
1.000000
1.000000
1.000000
1.000000
1.000000
1.000000
1.000000
1.000000
1.000000
1.000000
1.000000
1.000000
1.000000
1.000000
1.000000
1.000000
1.000000
1.000000
1.000000
1.000000
1.000000
1.000000
1.000000
1.000000
1.000000
1.000000
1.000000
1.000000
1.000000
1.000000
1.000000
1.000000
1.000000
1.000000
1.000000
1.000000
1.000000
1.000000
1.000000
1.000000
1.000000
1.000000
1.000000
1.000000
1.000000
1.000000
1.000000
1.000000
1.000000
1.000000
1.000000
1.000000
1.000000
1.000000
1.000000
1.000000
1.000000
1.000000
1.000000
1.000000
1.000000
1.000000
1.000000
1.000000
1.000000
1.000000
1.000000
1.000000
1.000000
1.000000
1.000000
1.000000
1.000000
1.000000
1.000000
1.000000
1.000000
1.000000
1.000000
1.000000
1.000000
1.000000
1.000000
1.000000
1.000000
1.000000
1.000000
1.000000
1.000000
1.000000
1.000000
1.000000
1.000000
1.000000
1.000000
1.000000
1.000000
1.000000
1.000000
1.000000
1.000000
1.000000
1.000000
1.000000
1.000000
1.000000
1.000000
1.000000
1.000000
1.000000
1.000000
1.000000
1.000000
1.000000
1.000000
1.000000
1.000000
1.000000
1.000000
1.000000
1.000000
1.000000
1.000000
1.000000
1.000000
1.000000
1.000000
1.000000
1.000000
1.000000
1.000000
1.000000
1.000000
1.000000
1.000000
1.000000
1.000000
1.000000
1.000000
1.000000
1.000000
1.000000
1.000000
1.000000
1.000000
1.000000
1.000000
1.000000
1.000000
1.000000
1.000000
1.000000
1.000000
1.000000
1.000000
1.000000
1.000000
1.000000
1.000000
1.000000
1.000000
1.000000
1.000000
1.000000
1.000000
1.000000
1.000000
1.000000
1.000000
1.000000
1.000000
1.000000
1.000000
1.000000
1.000000
1.000000
1.000000
1.000000
1.000000
1.000000
1.000000
1.000000
1.000000
1.000000
1.000000
1.000000
1.000000
1.000000
1.000000
1.000000
1.000000
1.000000
1.000000
1.000000
1.000000
1.000000
1.000000
1.000000
1.000000
1.000000
1.000000
1.000000
1.000000
1.000000
1.000000
1.000000
1.000000
1.000000
1.000000
1.000000
1.000000
1.000000
1.000000
1.000000
1.000000
1.000000
1.000000
1.000000
1.000000
1.000000
1.000000
1.000000
1.000000
1.000000
1.000000
1.000000
1.000000
1.000000
1.000000
1.000000
1.000000
1.000000
1.000000
1.000000
1.000000
1.000000
1.000000
1.000000
1.000000
1.000000
1.000000
1.000000
1.000000
1.000000
1.000000
1.000000
1.000000
1.000000
1.000000
1.000000
1.000000
1.000000
1.000000
1.000000
1.000000
1.000000
1.000000
1.000000
1.000000
1.000000
1.000000
1.000000
1.000000
1.000000
1.000000
1.000000
1.000000
1.000000
1.000000
1.000000
1.000000
1.000000
1.000000
1.000000
1.000000
1.000000
1.000000
1.000000
1.000000
1.000000
1.000000
1.000000
1.000000
1.000000
1.000000
1.000000
1.000000
1.000000
1.000000
1.000000
1.000000
1.000000
1.000000
1.000000
1.000000
1.000000
1.000000
1.000000
1.000000
1.000000
1.000000
1.000000
1.000000
1.000000
1.000000
