1.000000
1.000000
1.000000
1.000000
1.000000
1.000000
1.000000
1.000000
1.000000
1.000000
1.000000
1.000000
1.000000
1.000000
1.000000
1.000000
1.000000
1.000000
1.000000
1.000000
1.000000
1.000000
1.000000
1.000000
1.000000
1.000000
1.000000
1.000000
1.000000
1.000000
1.000000
1.000000
1.000000
1.000000
1.000000
1.000000
1.000000
1.000000
1.000000
1.000000
1.000000
1.000000
1.000000
1.000000
1.000000
1.000000
1.000000
1.000000
1.000000
1.000000
1.000000
1.000000
1.000000
1.000000
1.000000
1.000000
1.000000
1.000000
1.000000
1.000000
1.000000
1.000000
1.000000
1.000000
1.000000
1.000000
1.000000
1.000000
1.000000
1.000000
1.000000
1.000000
1.000000
1.000000
1.000000
1.000000
1.000000
1.000000
1.000000
1.000000
1.000000
1.000000
1.000000
1.000000
1.000000
1.000000
1.000000
1.000000
1.000000
1.000000
1.000000
1.000000
1.000000
1.000000
1.000000
1.000000
1.000000
1.000000
1.000000
1.000000
1.000000
1.000000
1.000000
1.000000
1.000000
1.000000
1.000000
1.000000
1.000000
1.000000
1.000000
1.000000
1.000000
1.000000
1.000000
1.000000
1.000000
1.000000
1.000000
1.000000
1.000000
1.000000
1.000000
1.000000
1.000000
1.000000
1.000000
1.000000
1.000000
1.000000
1.000000
1.000000
1.000000
1.000000
1.000000
1.000000
1.000000
1.000000
1.000000
1.000000
1.000000
1.000000
1.000000
1.000000
1.000000
1.000000
1.000000
1.000000
1.000000
1.000000
1.000000
1.000000
1.000000
1.000000
1.000000
1.000000
1.000000
1.000000
1.000000
1.000000
1.000000
1.000000
1.000000
1.000000
1.000000
1.000000
1.000000
1.000000
1.000000
1.000000
1.000000
1.000000
1.000000
1.000000
1.000000
1.000000
1.000000
1.000000
1.000000
1.000000
1.000000
1.000000
1.000000
1.000000
1.000000
1.000000
1.000000
1.000000
1.000000
1.000000
1.000000
1.000000
1.000000
1.000000
1.000000
1.000000
1.000000
1.000000
1.000000
1.000000
1.000000
1.000000
1.000000
1.000000
1.000000
1.000000
1.000000
1.000000
1.000000
1.000000
1.000000
1.000000
1.000000
1.000000
1.000000
1.000000
1.000000
1.000000
1.000000
1.000000
1.000000
1.000000
1.000000
1.000000
1.000000
1.000000
1.000000
1.000000
1.000000
1.000000
1.000000
1.000000
1.000000
1.000000
1.000000
1.000000
1.000000
1.000000
1.000000
1.000000
1.000000
1.000000
1.000000
1.000000
1.000000
1.000000
1.000000
1.000000
1.000000
1.000000
1.000000
1.000000
1.000000
1.000000
1.000000
1.000008
1.000013
1.000027
1.000040
1.000046
1.000049
1.000050
1.000050
1.000050
1.000049
1.000048
1.000043
1.000030
1.000016
1.000007
1.000000
1.000000
1.000000
1.000000
1.000000
1.000000
1.000000
1.000000
1.000000
1.000000
1.000000
1.000000
1.000000
1.000000
1.000000
1.000000
1.000000
1.000000
1.000000
1.000000
1.000000
1.000000
1.000000
1.000000
1.000000
1.000013
1.000083
1.000214
1.000372
1.000495
1.000561
1.000592
1.000605
1.000608
1.000609
1.000605
1.000590
1.000529
1.000398
1.000232
1.000107
1.000042
1.000016
1.000002
1.000000
1.000000
1.000000
1.000000
1.000000
1.000000
1.000000
1.000000
1.000000
1.000000
1.000000
1.000000
1.000000
1.000000
1.000000
1.000000
1.000000
1.000000
1.000000
1.000000
1.000003
1.000040
1.000209
1.000765
1.001951
1.003353
1.004449
1.005084
1.005376
1.005487
1.005524
1.005535
1.005506
1.005366
1.004859
1.003671
1.002186
1.001025
1.000388
1.000122
1.000034
1.000008
1.000000
1.000000
1.000000
1.000000
1.000000
1.000000
1.000000
1.000000
1.000000
1.000000
1.000000
1.000000
1.000000
1.000000
1.000000
1.000000
1.000000
1.000000
1.000007
1.000044
1.000278
1.001369
1.004922
1.012315
1.020985
1.027840
1.031927
1.033884
1.034666
1.034932
1.034989
1.034854
1.034075
1.031147
1.024023
1.014624
1.006973
1.002667
1.000842
1.000226
1.000053
1.000012
1.000000
1.000000
1.000000
1.000000
1.000000
1.000000
1.000000
1.000000
1.000000
1.000000
1.000000
1.000000
1.000000
1.000000
1.000000
1.000000
1.000000
1.000020
1.000191
1.001171
1.005593
1.019612
1.047631
1.079974
1.105990
1.122216
1.130499
1.134068
1.135386
1.135747
1.135395
1.132942
1.123311
1.098275
1.062004
1.030287
1.011716
1.003716
1.000996
1.000231
1.000048
1.000011
1.000000
1.000000
1.000000
1.000000
1.000000
1.000000
1.000000
1.000000
1.000000
1.000000
1.000000
1.000000
1.000000
1.000000
1.000000
1.000010
1.000056
1.000425
1.002586
1.012237
1.042290
1.101016
1.169075
1.225776
1.263348
1.284088
1.293855
1.297830
1.299134
1.298736
1.294318
1.276102
1.225906
1.146639
1.072626
1.028066
1.008831
1.002345
1.000540
1.000111
1.000024
1.000004
1.000000
1.000000
1.000000
1.000000
1.000000
1.000000
1.000000
1.000000
1.000000
1.000000
1.000000
1.000000
1.000000
1.000000
1.000013
1.000086
1.000648
1.003960
1.018706
1.064405
1.153398
1.258547
1.349980
1.414379
1.452645
1.472191
1.480858
1.484081
1.484075
1.478028
1.451709
1.375839
1.247986
1.123019
1.046988
1.014552
1.003808
1.000865
1.000176
1.000036
1.000006
1.000000
1.000000
1.000000
1.000000
1.000000
1.000000
1.000000
1.000000
1.000000
1.000000
1.000000
1.000000
1.000000
1.000000
1.000013
1.000107
1.000804
1.004915
1.023287
1.080422
1.192603
1.328586
1.451858
1.543487
1.601420
1.633050
1.648078
1.654162
1.655044
1.647860
1.614692
1.515944
1.342354
1.168538
1.063258
1.019229
1.004954
1.001112
1.000223
1.000043
1.000007
1.000000
1.000000
1.000000
1.000000
1.000000
1.000000
1.000000
1.000000
1.000000
1.000000
1.000000
1.000000
1.000000
1.000000
1.000014
1.000119
1.000888
1.005434
1.025849
1.089730
1.216637
1.374226
1.522175
1.637002
1.713209
1.756997
1.778905
1.788310
1.790397
1.782490
1.743808
1.626247
1.414872
1.201784
1.074403
1.022246
1.005657
1.001258
1.000250
1.000046
1.000007
1.000000
1.000000
1.000000
1.000000
1.000000
1.000000
1.000000
1.000000
1.000000
1.000000
1.000000
1.000000
1.000000
1.000000
1.000015
1.000122
1.000922
1.005668
1.027034
1.094257
1.229129
1.399706
1.564041
1.695676
1.786157
1.840085
1.868067
1.880558
1.883850
1.875501
1.832623
1.700868
1.461985
1.222031
1.080720
1.023850
1.006013
1.001329
1.000263
1.000048
1.000007
1.000000
1.000000
1.000000
1.000000
1.000000
1.000000
1.000000
1.000000
1.000000
1.000000
1.000000
1.000000
1.000000
1.000000
1.000015
1.000123
1.000936
1.005759
1.027503
1.096148
1.234748
1.412083
1.585804
1.727865
1.827809
1.888829
1.921253
1.936084
1.940330
1.931710
1.885907
1.744556
1.488187
1.232516
1.083758
1.024573
1.006164
1.001357
1.000266
1.000048
1.000007
1.000000
1.000000
1.000000
1.000000
1.000000
1.000000
1.000000
1.000000
1.000000
1.000000
1.000000
1.000000
1.000000
1.000000
1.000015
1.000123
1.000939
1.005786
1.027663
1.096837
1.236961
1.417367
1.595758
1.743404
1.848714
1.913943
1.949097
1.965406
1.970268
1.961482
1.913865
1.766806
1.500787
1.237200
1.085020
1.024856
1.006221
1.001367
1.000268
1.000048
1.000007
1.000000
1.000000
1.000000
1.000000
1.000000
1.000000
1.000000
1.000000
1.000000
1.000000
1.000000
1.000000
1.000000
1.000000
1.000015
1.000123
1.000939
1.005793
1.027699
1.097021
1.237665
1.419272
1.599677
1.749912
1.857845
1.925210
1.961788
1.978883
1.984073
1.975189
1.926577
1.776541
1.505901
1.238915
1.085430
1.024936
1.006235
1.001369
1.000268
1.000048
1.000007
1.000000
1.000000
1.000000
1.000000
1.000000
1.000000
1.000000
1.000000
1.000000
1.000000
1.000000
1.000000
1.000000
1.000000
1.000015
1.000123
1.000935
1.005766
1.027583
1.096699
1.237160
1.418870
1.599792
1.750880
1.859773
1.927961
1.965099
1.982505
1.987816
1.978847
1.929686
1.778183
1.505816
1.238300
1.085068
1.024806
1.006196
1.001360
1.000266
1.000048
1.000007
1.000000
1.000000
1.000000
1.000000
1.000000
1.000000
1.000000
1.000000
1.000000
1.000000
1.000000
1.000000
1.000000
1.000000
1.000014
1.000117
1.000895
1.005556
1.026677
1.093987
1.231817
1.411075
1.590098
1.739809
1.847721
1.915227
1.951921
1.969061
1.974199
1.964971
1.915120
1.762541
1.491668
1.229800
1.081634
1.023747
1.005926
1.001299
1.000253
1.000046
1.000007
1.000000
1.000000
1.000000
1.000000
1.000000
1.000000
1.000000
1.000000
1.000000
1.000000
1.000000
1.000000
1.000000
1.000000
1.000011
1.000101
1.000752
1.004705
1.022884
1.082155
1.207187
1.373190
1.540593
1.680688
1.781026
1.843048
1.876218
1.891373
1.895437
1.885275
1.833898
1.681565
1.425636
1.193333
1.067599
1.019526
1.004856
1.001063
1.000208
1.000036
1.000005
1.000000
1.000000
1.000000
1.000000
1.000000
1.000000
1.000000
1.000000
1.000000
1.000000
1.000000
1.000000
1.000000
1.000000
1.000007
1.000065
1.000513
1.003250
1.016098
1.059383
1.154884
1.285776
1.419322
1.530273
1.607931
1.654289
1.678039
1.688289
1.690110
1.679197
1.630097
1.495078
1.293252
1.128506
1.044322
1.012763
1.003172
1.000692
1.000134
1.000022
1.000002
1.000000
1.000000
1.000000
1.000000
1.000000
1.000000
1.000000
1.000000
1.000000
1.000000
1.000000
1.000000
1.000000
1.000000
1.000000
1.000034
1.000282
1.001802
1.009065
1.034214
1.091761
1.172204
1.253807
1.319596
1.363428
1.388023
1.399786
1.404415
1.404401
1.395648
1.360237
1.271296
1.153953
1.066230
1.022833
1.006607
1.001649
1.000361
1.000069
1.000010
1.000000
1.000000
1.000000
1.000000
1.000000
1.000000
1.000000
1.000000
1.000000
1.000000
1.000000
1.000000
1.000000
1.000000
1.000000
1.000000
1.000015
1.000125
1.000811
1.004130
1.015812
1.043016
1.080897
1.118162
1.146634
1.164335
1.173536
1.177603
1.179029
1.178607
1.173928
1.156223
1.114538
1.063804
1.027440
1.009538
1.002783
1.000698
1.000152
1.000029
1.000003
1.000000
1.000000
1.000000
1.000000
1.000000
1.000000
1.000000
1.000000
1.000000
1.000000
1.000000
1.000000
1.000000
1.000000
1.000000
1.000000
1.000002
1.000044
1.000303
1.001558
1.006011
1.016419
1.030638
1.044035
1.053662
1.059234
1.061920
1.063021
1.063362
1.063118
1.061303
1.054681
1.039617
1.021992
1.009519
1.003341
1.000982
1.000247
1.000052
1.000009
1.000000
1.000000
1.000000
1.000000
1.000000
1.000000
1.000000
1.000000
1.000000
1.000000
1.000000
1.000000
1.000000
1.000000
1.000000
1.000000
1.000000
1.000000
1.000015
1.000097
1.000498
1.001931
1.005270
1.009729
1.013756
1.016493
1.017981
1.018653
1.018912
1.018983
1.018892
1.018326
1.016296
1.011755
1.006534
1.002846
1.001006
1.000297
1.000074
1.000015
1.000000
1.000000
1.000000
1.000000
1.000000
1.000000
1.000000
1.000000
1.000000
1.000000
1.000000
1.000000
1.000000
1.000000
1.000000
1.000000
1.000000
1.000000
1.000000
1.000001
1.000023
1.000137
1.000535
1.001458
1.002667
1.003719
1.004402
1.004755
1.004906
1.004961
1.004977
1.004949
1.004797
1.004260
1.003067
1.001708
1.000747
1.000265
1.000078
1.000019
1.000001
1.000000
1.000000
1.000000
1.000000
1.000000
1.000000
1.000000
1.000000
1.000000
1.000000
1.000000
1.000000
1.000000
1.000000
1.000000
1.000000
1.000000
1.000000
1.000000
1.000000
1.000004
1.000031
1.000129
1.000354
1.000643
1.000887
1.001040
1.001114
1.001146
1.001159
1.001161
1.001154
1.001118
1.000992
1.000714
1.000397
1.000173
1.000061
1.000016
1.000002
1.000000
1.000000
1.000000
1.000000
1.000000
1.000000
1.000000
1.000000
1.000000
1.000000
1.000000
1.000000
1.000000
1.000000
1.000000
1.000000
1.000000
1.000000
1.000000
1.000000
1.000000
1.000000
1.000005
1.000026
1.000075
1.000137
1.000186
1.000219
1.000235
1.000241
1.000242
1.000242
1.000241
1.000234
1.000207
1.000149
1.000082
1.000036
1.000011
1.000001
1.000000
1.000000
1.000000
1.000000
1.000000
1.000000
1.000000
1.000000
1.000000
1.000000
1.000000
1.000000
1.000000
1.000000
1.000000
1.000000
1.000000
1.000000
1.000000
1.000000
1.000000
1.000000
1.000000
1.000000
1.000003
1.000012
1.000025
1.000036
1.000041
1.000044
1.000044
1.000044
1.000044
1.000044
1.000043
1.000038
1.000025
1.000011
1.000004
1.000000
1.000000
1.000000
1.000000
1.000000
1.000000
1.000000
1.000000
1.000000
1.000000
1.000000
1.000000
1.000000
1.000000
1.000000
1.000000
1.000000
1.000000
1.000000
1.000000
1.000000
1.000000
1.000000
1.000000
1.000000
1.000000
1.000000
1.000000
1.000003
1.000004
1.000005
1.000005
1.000005
1.000005
1.000005
1.000005
1.000005
1.000004
1.000003
1.000000
1.000000
1.000000
1.000000
1.000000
1.000000
1.000000
1.000000
1.000000
1.000000
1.000000
1.000000
1.000000
1.000000
1.000000
1.000000
1.000000
1.000000
1.000000
1.000000
1.000000
1.000000
1.000000
1.000000
1.000000
1.000000
1.000000
1.000000
1.000000
1.000000
1.000000
1.000000
1.000000
1.000000
1.000000
1.000000
1.000000
1.000000
1.000000
1.000000
1.000000
1.000000
1.000000
1.000000
1.000000
1.000000
1.000000
1.000000
1.000000
1.000000
1.000000
1.000000
1.000000
1.000000
1.000000
1.000000
1.000000
1.000000
1.000000
1.000000
1.000000
1.000000
1.000000
1.000000
1.000000
1.000000
1.000000
1.000000
1.000000
1.000000
1.000000
1.000000
1.000000
1.000000
1.000000
1.000000
1.000000
1.000000
1.000000
1.000000
1.000000
1.000000
1.000000
1.000000
1.000000
1.000000
1.000000
1.000000
1.000000
1.000000
1.000000
1.000000
1.000000
1.000000
1.000000
1.000000
1.000000
1.000000
1.000000
1.000000
1.000000
1.000000
1.000000
1.000000
1.000000
1.000000
1.000000
1.000000
1.000000
1.000000
1.000000
1.000000
1.000000
1.000000
1.000000
1.000000
1.000000
1.000000
1.000000
1.000000
1.000000
1.000000
1.000000
1.000000
1.000000
1.000000
1.000000
1.000000
1.000000
1.000000
1.000000
1.000000
1.000000
1.000000
1.000000
1.000000
1.000000
1.000000
1.000000
1.000000
1.000000
1.000000
1.000000
1.000000
1.000000
1.000000
1.000000
1.000000
1.000000
1.000000
1.000000
1.000000
1.000000
1.000000
1.000000
1.000000
1.000000
1.000000
1.000000
1.000000
1.000000
1.000000
1.000000
1.000000
1.000000
1.000000
1.000000
1.000000
1.000000
1.000000
1.000000
1.000000
1.000000
1.000000
1.000000
1.000000
1.000000
1.000000
1.000000
1.000000
1.000000
1.000000
1.000000
1.000000
1.000000
1.000000
1.000000
1.000000
1.000000
1.000000
1.000000
1.000000
1.000000
1.000000
1.000000
1.000000
1.000000
1.000000
1.000000
1.000000
1.000000
1.000000
1.000000
1.000000
1.000000
1.000000
1.000000
1.000000
1.000000
1.000000
1.000000
1.000000
1.000000
1.000000
1.000000
1.000000
1.000000
1.000000
1.000000
1.000000
1.000000
1.000000
1.000000
1.000000
1.000000
1.000000
1.000000
1.000000
1.000000
1.000000
1.000000
1.000000
1.000000
1.000000
1.000000
1.000000
1.000000
1.000000
1.000000
1.000000
1.000000
1.000000
1.000000
1.000000
1.000000
1.000000
1.000000
1.000000
1.000000
1.000000
1.000000
1.000000
1.000000
1.000000
1.000000
1.000000
1.000000
1.000000
1.000000
1.000000
1.000000
1.000000
1.000000
1.000000
1.000000
1.000000
1.000000
1.000000
1.000000
1.000000
1.000000
1.000000
1.000000
1.000000
1.000000
1.000000
1.000000
1.000000
1.000000
1.000000
1.000000
1.000000
1.000000
1.000000
1.000000
1.000000
1.000000
1.000000
1.000000
1.000000
1.000000
1.000000
1.000000
1.000000
1.000000
1.000000
1.000000
1.000000
1.000000
1.000000
1.000000
1.000000
1.000000
1.000000
1.000000
1.000000
1.000000
1.000000
1.000000
1.000000
1.000000
1.000000
1.000000
1.000000
1.000000
1.000000
1.000000
1.000000
1.000000
1.000000
1.000000
1.000000
1.000000
1.000000
1.000000
1.000000
1.000000
1.000000
1.000000
1.000000
1.000000
1.000000
1.000000
1.000000
1.000000
1.000000
1.000000
1.000000
1.000000
1.000000
1.000000
1.000000
1.000000
1.000000
1.000000
1.000000
1.000000
1.000000
1.000000
1.000000
1.000000
1.000000
1.000000
1.000000
1.000000
1.000000
1.000000
1.000000
1.000000
1.000000
1.000000
1.000000
1.000000
1.000000
1.000000
1.000000
1.000000
1.000000
1.000000
1.000000
1.000000
1.000000
1.000000
1.000000
1.000000
1.000000
1.000000
1.000000
1.000000
1.000000
1.000000
1.000000
1.000000
1.000000
1.000000
1.000000
1.000000
1.000000
