1.000000
1.000000
1.000000
1.000000
1.000000
1.000000
1.000000
1.000000
1.000000
1.000000
1.000000
1.000000
1.000000
1.000000
1.000000
1.000000
1.000000
1.000000
1.000000
1.000000
1.000000
1.000000
1.000000
1.000000
1.000000
1.000000
1.000000
1.000000
1.000000
1.000000
1.000000
1.000000
1.000000
1.000000
1.000000
1.000000
1.000000
1.000000
1.000000
1.000000
1.000000
1.000000
1.000000
1.000000
1.000000
1.000000
1.000000
1.000000
1.000000
1.000000
1.000000
1.000000
1.000000
1.000000
1.000000
1.000000
1.000000
1.000000
1.000000
1.000000
1.000000
1.000000
1.000000
1.000000
1.000000
1.000000
1.000000
1.000000
1.000000
1.000000
1.000000
1.000000
1.000000
1.000000
1.000000
1.000000
1.000000
1.000000
1.000000
1.000000
1.000000
1.000000
1.000000
1.000000
1.000000
1.000000
1.000000
1.000000
1.000000
1.000000
1.000000
1.000000
1.000000
1.000000
1.000000
1.000000
1.000000
1.000000
1.000000
1.000000
1.000000
1.000000
1.000000
1.000000
1.000000
1.000000
1.000000
1.000000
1.000000
1.000000
1.000000
1.000000
1.000000
1.000000
1.000000
1.000000
1.000000
1.000000
1.000000
1.000000
1.000000
1.000000
1.000000
1.000000
1.000000
1.000000
1.000000
1.000000
1.000000
1.000000
1.000000
1.000000
1.000000
1.000000
1.000000
1.000000
1.000000
1.000000
1.000000
1.000000
1.000000
1.000000
1.000000
1.000000
1.000000
1.000000
1.000000
1.000000
1.000000
1.000000
1.000000
1.000000
1.000000
1.000000
1.000000
1.000000
1.000000
1.000000
1.000000
1.000000
1.000000
1.000000
1.000000
1.000000
1.000000
1.000000
1.000000
1.000000
1.000000
1.000000
1.000000
1.000000
1.000000
1.000000
1.000000
1.000000
1.000000
1.000000
1.000000
1.000000
1.000000
1.000000
1.000000
1.000000
1.000000
1.000000
1.000000
1.000000
1.000000
1.000000
1.000000
1.000000
1.000000
1.000000
1.000000
1.000000
1.000000
1.000000
1.000000
1.000000
1.000000
1.000000
1.000000
1.000000
1.000000
1.000000
1.000000
1.000000
1.000000
1.000000
1.000000
1.000000
1.000000
1.000000
1.000000
1.000000
1.000000
1.000000
1.000000
1.000000
1.000000
1.000000
1.000000
1.000000
1.000000
1.000000
1.000000
1.000000
1.000000
1.000000
1.000000
1.000000
1.000000
1.000000
1.000000
1.000000
1.000000
1.000000
1.000000
1.000000
1.000000
1.000000
1.000000
1.000000
1.000000
1.000000
1.000000
1.000000
1.000000
1.000000
1.000000
1.000000
1.000000
1.000000
1.000000
1.000008
1.000013
1.000027
1.000040
1.000045
1.000048
1.000049
1.000049
1.000049
1.000049
1.000047
1.000042
1.000029
1.000015
1.000007
1.000000
1.000000
1.000000
1.000000
1.000000
1.000000
1.000000
1.000000
1.000000
1.000000
1.000000
1.000000
1.000000
1.000000
1.000000
1.000000
1.000000
1.000000
1.000000
1.000000
1.000000
1.000000
1.000000
1.000000
1.000000
1.000013
1.000082
1.000213
1.000371
1.000492
1.000557
1.000587
1.000600
1.000602
1.000603
1.000600
1.000584
1.000523
1.000393
1.000227
1.000104
1.000041
1.000015
1.000002
1.000000
1.000000
1.000000
1.000000
1.000000
1.000000
1.000000
1.000000
1.000000
1.000000
1.000000
1.000000
1.000000
1.000000
1.000000
1.000000
1.000000
1.000000
1.000000
1.000000
1.000003
1.000039
1.000208
1.000766
1.001962
1.003371
1.004466
1.005094
1.005381
1.005488
1.005525
1.005535
1.005507
1.005367
1.004857
1.003658
1.002165
1.001007
1.000378
1.000118
1.000033
1.000008
1.000000
1.000000
1.000000
1.000000
1.000000
1.000000
1.000000
1.000000
1.000000
1.000000
1.000000
1.000000
1.000000
1.000000
1.000000
1.000000
1.000000
1.000000
1.000006
1.000044
1.000276
1.001373
1.004970
1.012487
1.021272
1.028175
1.032260
1.034200
1.034970
1.035229
1.035283
1.035149
1.034364
1.031396
1.024139
1.014606
1.006909
1.002619
1.000819
1.000218
1.000051
1.000011
1.000000
1.000000
1.000000
1.000000
1.000000
1.000000
1.000000
1.000000
1.000000
1.000000
1.000000
1.000000
1.000000
1.000000
1.000000
1.000000
1.000000
1.000020
1.000189
1.001171
1.005640
1.019912
1.048540
1.081475
1.107821
1.124148
1.132425
1.135964
1.137262
1.137613
1.137255
1.134773
1.124961
1.099324
1.062308
1.030192
1.011572
1.003634
1.000964
1.000222
1.000046
1.000010
1.000000
1.000000
1.000000
1.000000
1.000000
1.000000
1.000000
1.000000
1.000000
1.000000
1.000000
1.000000
1.000000
1.000000
1.000000
1.000009
1.000054
1.000420
1.002580
1.012318
1.042862
1.102775
1.172009
1.229426
1.267268
1.288031
1.297745
1.301670
1.302948
1.302534
1.298062
1.279504
1.228115
1.147211
1.072294
1.027669
1.008619
1.002266
1.000516
1.000104
1.000022
1.000003
1.000000
1.000000
1.000000
1.000000
1.000000
1.000000
1.000000
1.000000
1.000000
1.000000
1.000000
1.000000
1.000000
1.000000
1.000013
1.000084
1.000639
1.003939
1.018771
1.065089
1.155647
1.262409
1.354883
1.419711
1.458023
1.477471
1.486036
1.489195
1.489155
1.483028
1.456229
1.378627
1.248284
1.122054
1.046150
1.014147
1.003664
1.000824
1.000166
1.000033
1.000005
1.000000
1.000000
1.000000
1.000000
1.000000
1.000000
1.000000
1.000000
1.000000
1.000000
1.000000
1.000000
1.000000
1.000000
1.000013
1.000104
1.000790
1.004875
1.023303
1.081061
1.194949
1.332750
1.457236
1.549365
1.607309
1.638752
1.653588
1.659546
1.660360
1.653066
1.619307
1.518404
1.341717
1.166613
1.061888
1.018621
1.004748
1.001056
1.000210
1.000040
1.000006
1.000000
1.000000
1.000000
1.000000
1.000000
1.000000
1.000000
1.000000
1.000000
1.000000
1.000000
1.000000
1.000000
1.000000
1.000014
1.000116
1.000870
1.005379
1.025815
1.090268
1.218866
1.378291
1.527462
1.642738
1.718838
1.762289
1.783871
1.793059
1.795026
1.786977
1.747625
1.627638
1.412894
1.198831
1.072552
1.021476
1.005407
1.001191
1.000234
1.000043
1.000007
1.000000
1.000000
1.000000
1.000000
1.000000
1.000000
1.000000
1.000000
1.000000
1.000000
1.000000
1.000000
1.000000
1.000000
1.000014
1.000118
1.000903
1.005604
1.026967
1.094706
1.231202
1.403537
1.568995
1.700938
1.791129
1.844526
1.872021
1.884186
1.887299
1.878778
1.835187
1.700890
1.458673
1.218234
1.078527
1.022975
1.005736
1.001256
1.000246
1.000045
1.000007
1.000000
1.000000
1.000000
1.000000
1.000000
1.000000
1.000000
1.000000
1.000000
1.000000
1.000000
1.000000
1.000000
1.000000
1.000014
1.000119
1.000916
1.005691
1.027418
1.096545
1.236704
1.415706
1.590425
1.732630
1.832088
1.892385
1.924165
1.938568
1.942579
1.933763
1.887240
1.743353
1.483853
1.228163
1.081367
1.023643
1.005875
1.001281
1.000249
1.000045
1.000007
1.000000
1.000000
1.000000
1.000000
1.000000
1.000000
1.000000
1.000000
1.000000
1.000000
1.000000
1.000000
1.000000
1.000000
1.000014
1.000120
1.000919
1.005717
1.027570
1.097208
1.238852
1.420859
1.600147
1.747802
1.852471
1.916825
1.951213
1.967013
1.971597
1.962601
1.914277
1.764747
1.495818
1.232544
1.082531
1.023901
1.005926
1.001289
1.000250
1.000045
1.000007
1.000000
1.000000
1.000000
1.000000
1.000000
1.000000
1.000000
1.000000
1.000000
1.000000
1.000000
1.000000
1.000000
1.000000
1.000014
1.000120
1.000919
1.005723
1.027603
1.097382
1.239527
1.422697
1.603939
1.754097
1.861287
1.927678
1.963412
1.979947
1.984833
1.975731
1.926430
1.773991
1.500606
1.234121
1.082902
1.023973
1.005939
1.001291
1.000250
1.000045
1.000007
1.000000
1.000000
1.000000
1.000000
1.000000
1.000000
1.000000
1.000000
1.000000
1.000000
1.000000
1.000000
1.000000
1.000000
1.000014
1.000119
1.000914
1.005696
1.027487
1.097054
1.239002
1.422252
1.603975
1.754937
1.863031
1.930189
1.966442
1.983261
1.988255
1.979066
1.929230
1.775375
1.500375
1.233467
1.082538
1.023845
1.005901
1.001283
1.000248
1.000045
1.000007
1.000000
1.000000
1.000000
1.000000
1.000000
1.000000
1.000000
1.000000
1.000000
1.000000
1.000000
1.000000
1.000000
1.000000
1.000013
1.000113
1.000875
1.005486
1.026574
1.094298
1.233549
1.414274
1.594030
1.743550
1.850606
1.917042
1.952826
1.969369
1.974186
1.964742
1.914229
1.759357
1.486060
1.224998
1.079164
1.022816
1.005641
1.001225
1.000237
1.000043
1.000006
1.000000
1.000000
1.000000
1.000000
1.000000
1.000000
1.000000
1.000000
1.000000
1.000000
1.000000
1.000000
1.000000
1.000000
1.000011
1.000097
1.000734
1.004632
1.022730
1.082213
1.208276
1.375334
1.543102
1.682713
1.781991
1.842834
1.875057
1.889616
1.893374
1.883013
1.831022
1.676677
1.419264
1.188591
1.065321
1.018696
1.004607
1.000998
1.000194
1.000034
1.000005
1.000000
1.000000
1.000000
1.000000
1.000000
1.000000
1.000000
1.000000
1.000000
1.000000
1.000000
1.000000
1.000000
1.000000
1.000006
1.000062
1.000497
1.003181
1.015897
1.059088
1.154866
1.285889
1.418946
1.528769
1.605002
1.650065
1.672901
1.682631
1.684219
1.673209
1.623835
1.487980
1.286698
1.124479
1.042551
1.012145
1.002990
1.000646
1.000124
1.000020
1.000002
1.000000
1.000000
1.000000
1.000000
1.000000
1.000000
1.000000
1.000000
1.000000
1.000000
1.000000
1.000000
1.000000
1.000000
1.000000
1.000033
1.000271
1.001750
1.008880
1.033771
1.091009
1.170811
1.251290
1.315652
1.358114
1.381676
1.392811
1.397130
1.397015
1.388332
1.353172
1.264769
1.149124
1.063620
1.021750
1.006239
1.001543
1.000334
1.000063
1.000009
1.000000
1.000000
1.000000
1.000000
1.000000
1.000000
1.000000
1.000000
1.000000
1.000000
1.000000
1.000000
1.000000
1.000000
1.000000
1.000000
1.000014
1.000118
1.000780
1.004009
1.015462
1.042257
1.079435
1.115750
1.143238
1.160142
1.168826
1.172615
1.173923
1.173485
1.168921
1.151584
1.110674
1.061236
1.026132
1.009009
1.002605
1.000647
1.000140
1.000026
1.000003
1.000000
1.000000
1.000000
1.000000
1.000000
1.000000
1.000000
1.000000
1.000000
1.000000
1.000000
1.000000
1.000000
1.000000
1.000000
1.000000
1.000001
1.000041
1.000289
1.001498
1.005820
1.015968
1.029772
1.042677
1.051858
1.057113
1.059616
1.060629
1.060938
1.060697
1.058951
1.052544
1.037923
1.020918
1.008986
1.003127
1.000911
1.000227
1.000047
1.000008
1.000000
1.000000
1.000000
1.000000
1.000000
1.000000
1.000000
1.000000
1.000000
1.000000
1.000000
1.000000
1.000000
1.000000
1.000000
1.000000
1.000000
1.000000
1.000014
1.000091
1.000474
1.001851
1.005073
1.009356
1.013193
1.015775
1.017163
1.017782
1.018018
1.018081
1.017994
1.017456
1.015513
1.011148
1.006158
1.002662
1.000933
1.000273
1.000067
1.000013
1.000000
1.000000
1.000000
1.000000
1.000000
1.000000
1.000000
1.000000
1.000000
1.000000
1.000000
1.000000
1.000000
1.000000
1.000000
1.000000
1.000000
1.000000
1.000000
1.000001
1.000022
1.000129
1.000507
1.001389
1.002538
1.003530
1.004168
1.004494
1.004631
1.004681
1.004696
1.004669
1.004525
1.004017
1.002881
1.001595
1.000692
1.000243
1.000070
1.000017
1.000001
1.000000
1.000000
1.000000
1.000000
1.000000
1.000000
1.000000
1.000000
1.000000
1.000000
1.000000
1.000000
1.000000
1.000000
1.000000
1.000000
1.000000
1.000000
1.000000
1.000000
1.000004
1.000028
1.000121
1.000334
1.000605
1.000834
1.000974
1.001042
1.001072
1.001083
1.001085
1.001078
1.001044
1.000926
1.000664
1.000367
1.000159
1.000056
1.000014
1.000001
1.000000
1.000000
1.000000
1.000000
1.000000
1.000000
1.000000
1.000000
1.000000
1.000000
1.000000
1.000000
1.000000
1.000000
1.000000
1.000000
1.000000
1.000000
1.000000
1.000000
1.000000
1.000000
1.000005
1.000023
1.000069
1.000127
1.000173
1.000202
1.000218
1.000223
1.000224
1.000224
1.000223
1.000216
1.000191
1.000137
1.000075
1.000032
1.000009
1.000000
1.000000
1.000000
1.000000
1.000000
1.000000
1.000000
1.000000
1.000000
1.000000
1.000000
1.000000
1.000000
1.000000
1.000000
1.000000
1.000000
1.000000
1.000000
1.000000
1.000000
1.000000
1.000000
1.000000
1.000000
1.000003
1.000011
1.000023
1.000033
1.000038
1.000040
1.000041
1.000041
1.000041
1.000040
1.000039
1.000034
1.000023
1.000010
1.000003
1.000000
1.000000
1.000000
1.000000
1.000000
1.000000
1.000000
1.000000
1.000000
1.000000
1.000000
1.000000
1.000000
1.000000
1.000000
1.000000
1.000000
1.000000
1.000000
1.000000
1.000000
1.000000
1.000000
1.000000
1.000000
1.000000
1.000000
1.000000
1.000002
1.000004
1.000004
1.000005
1.000005
1.000005
1.000005
1.000005
1.000005
1.000004
1.000002
1.000000
1.000000
1.000000
1.000000
1.000000
1.000000
1.000000
1.000000
1.000000
1.000000
1.000000
1.000000
1.000000
1.000000
1.000000
1.000000
1.000000
1.000000
1.000000
1.000000
1.000000
1.000000
1.000000
1.000000
1.000000
1.000000
1.000000
1.000000
1.000000
1.000000
1.000000
1.000000
1.000000
1.000000
1.000000
1.000000
1.000000
1.000000
1.000000
1.000000
1.000000
1.000000
1.000000
1.000000
1.000000
1.000000
1.000000
1.000000
1.000000
1.000000
1.000000
1.000000
1.000000
1.000000
1.000000
1.000000
1.000000
1.000000
1.000000
1.000000
1.000000
1.000000
1.000000
1.000000
1.000000
1.000000
1.000000
1.000000
1.000000
1.000000
1.000000
1.000000
1.000000
1.000000
1.000000
1.000000
1.000000
1.000000
1.000000
1.000000
1.000000
1.000000
1.000000
1.000000
1.000000
1.000000
1.000000
1.000000
1.000000
1.000000
1.000000
1.000000
1.000000
1.000000
1.000000
1.000000
1.000000
1.000000
1.000000
1.000000
1.000000
1.000000
1.000000
1.000000
1.000000
1.000000
1.000000
1.000000
1.000000
1.000000
1.000000
1.000000
1.000000
1.000000
1.000000
1.000000
1.000000
1.000000
1.000000
1.000000
1.000000
1.000000
1.000000
1.000000
1.000000
1.000000
1.000000
1.000000
1.000000
1.000000
1.000000
1.000000
1.000000
1.000000
1.000000
1.000000
1.000000
1.000000
1.000000
1.000000
1.000000
1.000000
1.000000
1.000000
1.000000
1.000000
1.000000
1.000000
1.000000
1.000000
1.000000
1.000000
1.000000
1.000000
1.000000
1.000000
1.000000
1.000000
1.000000
1.000000
1.000000
1.000000
1.000000
1.000000
1.000000
1.000000
1.000000
1.000000
1.000000
1.000000
1.000000
1.000000
1.000000
1.000000
1.000000
1.000000
1.000000
1.000000
1.000000
1.000000
1.000000
1.000000
1.000000
1.000000
1.000000
1.000000
1.000000
1.000000
1.000000
1.000000
1.000000
1.000000
1.000000
1.000000
1.000000
1.000000
1.000000
1.000000
1.000000
1.000000
1.000000
1.000000
1.000000
1.000000
1.000000
1.000000
1.000000
1.000000
1.000000
1.000000
1.000000
1.000000
1.000000
1.000000
1.000000
1.000000
1.000000
1.000000
1.000000
1.000000
1.000000
1.000000
1.000000
1.000000
1.000000
1.000000
1.000000
1.000000
1.000000
1.000000
1.000000
1.000000
1.000000
1.000000
1.000000
1.000000
1.000000
1.000000
1.000000
1.000000
1.000000
1.000000
1.000000
1.000000
1.000000
1.000000
1.000000
1.000000
1.000000
1.000000
1.000000
1.000000
1.000000
1.000000
1.000000
1.000000
1.000000
1.000000
1.000000
1.000000
1.000000
1.000000
1.000000
1.000000
1.000000
1.000000
1.000000
1.000000
1.000000
1.000000
1.000000
1.000000
1.000000
1.000000
1.000000
1.000000
1.000000
1.000000
1.000000
1.000000
1.000000
1.000000
1.000000
1.000000
1.000000
1.000000
1.000000
1.000000
1.000000
1.000000
1.000000
1.000000
1.000000
1.000000
1.000000
1.000000
1.000000
1.000000
1.000000
1.000000
1.000000
1.000000
1.000000
1.000000
1.000000
1.000000
1.000000
1.000000
1.000000
1.000000
1.000000
1.000000
1.000000
1.000000
1.000000
1.000000
1.000000
1.000000
1.000000
1.000000
1.000000
1.000000
1.000000
1.000000
1.000000
1.000000
1.000000
1.000000
1.000000
1.000000
1.000000
1.000000
1.000000
1.000000
1.000000
1.000000
1.000000
1.000000
1.000000
1.000000
1.000000
1.000000
1.000000
1.000000
1.000000
1.000000
1.000000
1.000000
1.000000
1.000000
1.000000
1.000000
1.000000
1.000000
1.000000
1.000000
1.000000
1.000000
1.000000
1.000000
1.000000
1.000000
1.000000
1.000000
1.000000
1.000000
1.000000
1.000000
1.000000
1.000000
1.000000
1.000000
1.000000
1.000000
1.000000
1.000000
1.000000
1.000000
1.000000
1.000000
1.000000
1.000000
1.000000
1.000000
1.000000
1.000000
1.000000
1.000000
