1.000000
1.000000
1.000000
1.000000
1.000000
1.000000
1.000000
1.000000
1.000000
1.000000
1.000000
1.000000
1.000000
1.000000
1.000000
1.000000
1.000000
1.000000
1.000000
1.000000
1.000000
1.000000
1.000000
1.000000
1.000000
1.000000
1.000000
1.000000
1.000000
1.000000
1.000000
1.000000
1.000000
1.000000
1.000000
1.000000
1.000000
1.000000
1.000000
1.000000
1.000000
1.000000
1.000000
1.000000
1.000000
1.000000
1.000000
1.000000
1.000000
1.000000
1.000000
1.000000
1.000000
1.000000
1.000000
1.000000
1.000000
1.000000
1.000000
1.000000
1.000000
1.000000
1.000000
1.000000
1.000000
1.000000
1.000000
1.000000
1.000000
1.000000
1.000000
1.000000
1.000000
1.000000
1.000000
1.000000
1.000000
1.000000
1.000000
1.000000
1.000000
1.000000
1.000000
1.000000
1.000000
1.000000
1.000000
1.000000
1.000000
1.000000
1.000000
1.000000
1.000000
1.000000
1.000000
1.000000
1.000000
1.000000
1.000000
1.000000
1.000000
1.000000
1.000000
1.000000
1.000000
1.000000
1.000000
1.000000
1.000000
1.000000
1.000000
1.000000
1.000000
1.000000
1.000000
1.000000
1.000000
1.000000
1.000000
1.000000
1.000000
1.000000
1.000000
1.000000
1.000000
1.000000
1.000000
1.000000
1.000000
1.000000
1.000000
1.000000
1.000000
1.000000
1.000000
1.000000
1.000000
1.000000
1.000000
1.000000
1.000000
1.000000
1.000000
1.000000
1.000000
1.000000
1.000000
1.000000
1.000000
1.000000
1.000000
1.000000
1.000000
1.000000
1.000000
1.000000
1.000000
1.000000
1.000000
1.000000
1.000000
1.000000
1.000000
1.000000
1.000000
1.000000
1.000000
1.000000
1.000000
1.000000
1.000000
1.000000
1.000000
1.000000
1.000000
1.000000
1.000000
1.000000
1.000000
1.000000
1.000000
1.000000
1.000000
1.000000
1.000000
1.000000
1.000000
1.000000
1.000000
1.000000
1.000000
1.000000
1.000000
1.000000
1.000000
1.000000
1.000000
1.000000
1.000000
1.000000
1.000000
1.000000
1.000000
1.000000
1.000000
1.000000
1.000000
1.000000
1.000000
1.000000
1.000000
1.000000
1.000000
1.000000
1.000000
1.000000
1.000000
1.000000
1.000000
1.000001
1.000001
1.000001
1.000001
1.000001
1.000000
1.000000
1.000000
1.000000
1.000000
1.000000
1.000000
1.000000
1.000000
1.000000
1.000000
1.000000
1.000000
1.000000
1.000000
1.000000
1.000000
1.000000
1.000000
1.000000
1.000000
1.000000
1.000000
1.000000
1.000000
1.000000
1.000000
1.000000
1.000000
1.000000
1.000000
1.000010
1.000013
1.000027
1.000040
1.000059
1.000067
1.000068
1.000068
1.000068
1.000068
1.000067
1.000060
1.000046
1.000033
1.000018
1.000004
1.000000
1.000000
1.000000
1.000000
1.000000
1.000000
1.000000
1.000000
1.000000
1.000000
1.000000
1.000000
1.000000
1.000000
1.000000
1.000000
1.000000
1.000000
1.000000
1.000000
1.000000
1.000000
1.000000
1.000000
1.000013
1.000085
1.000216
1.000384
1.000522
1.000618
1.000665
1.000685
1.000697
1.000699
1.000695
1.000677
1.000611
1.000484
1.000314
1.000168
1.000072
1.000029
1.000012
1.000000
1.000000
1.000000
1.000000
1.000000
1.000000
1.000000
1.000000
1.000000
1.000000
1.000000
1.000000
1.000000
1.000000
1.000000
1.000000
1.000000
1.000000
1.000000
1.000000
1.000013
1.000052
1.000218
1.000711
1.001690
1.002918
1.003995
1.004712
1.005096
1.005268
1.005332
1.005352
1.005326
1.005187
1.004749
1.003792
1.002503
1.001348
1.000600
1.000225
1.000071
1.000020
1.000004
1.000000
1.000000
1.000000
1.000000
1.000000
1.000000
1.000000
1.000000
1.000000
1.000000
1.000000
1.000000
1.000000
1.000000
1.000000
1.000000
1.000000
1.000013
1.000057
1.000299
1.001246
1.003967
1.009257
1.015831
1.021624
1.025555
1.027724
1.028732
1.029133
1.029248
1.029138
1.028481
1.026297
1.021359
1.014394
1.007887
1.003544
1.001332
1.000428
1.000120
1.000027
1.000009
1.000000
1.000000
1.000000
1.000000
1.000000
1.000000
1.000000
1.000000
1.000000
1.000000
1.000000
1.000000
1.000000
1.000000
1.000000
1.000000
1.000030
1.000215
1.001127
1.004634
1.014444
1.032928
1.055514
1.075539
1.089532
1.097627
1.101615
1.103312
1.103880
1.103656
1.101761
1.095132
1.079250
1.055064
1.030912
1.014084
1.005326
1.001712
1.000477
1.000117
1.000026
1.000008
1.000000
1.000000
1.000000
1.000000
1.000000
1.000000
1.000000
1.000000
1.000000
1.000000
1.000000
1.000000
1.000000
1.000000
1.000013
1.000077
1.000496
1.002564
1.010435
1.032027
1.071812
1.120182
1.163909
1.195796
1.215383
1.225760
1.230554
1.232393
1.232330
1.228968
1.216395
1.184471
1.131872
1.075552
1.034670
1.013083
1.004183
1.001160
1.000283
1.000064
1.000016
1.000001
1.000000
1.000000
1.000000
1.000000
1.000000
1.000000
1.000000
1.000000
1.000000
1.000000
1.000000
1.000000
1.000000
1.000017
1.000128
1.000810
1.004165
1.016875
1.051446
1.114633
1.192121
1.264256
1.319422
1.355465
1.375968
1.386217
1.390599
1.391319
1.386849
1.368523
1.319519
1.233199
1.135186
1.061912
1.023122
1.007300
1.001999
1.000487
1.000108
1.000025
1.000005
1.000000
1.000000
1.000000
1.000000
1.000000
1.000000
1.000000
1.000000
1.000000
1.000000
1.000000
1.000000
1.000000
1.000022
1.000169
1.001059
1.005467
1.022169
1.067595
1.150913
1.254887
1.354914
1.435016
1.490373
1.523916
1.541858
1.550195
1.552499
1.547521
1.524356
1.459604
1.339572
1.197431
1.089545
1.032913
1.010226
1.002766
1.000667
1.000146
1.000032
1.000006
1.000000
1.000000
1.000000
1.000000
1.000000
1.000000
1.000000
1.000000
1.000000
1.000000
1.000000
1.000000
1.000000
1.000024
1.000193
1.001220
1.006305
1.025637
1.078471
1.176274
1.300801
1.424397
1.527467
1.602165
1.649858
1.676814
1.690149
1.694729
1.689801
1.662771
1.584418
1.433993
1.251358
1.112418
1.040600
1.012416
1.003315
1.000790
1.000171
1.000036
1.000007
1.000000
1.000000
1.000000
1.000000
1.000000
1.000000
1.000000
1.000000
1.000000
1.000000
1.000000
1.000000
1.000000
1.000027
1.000207
1.001306
1.006751
1.027534
1.084646
1.191431
1.329866
1.470886
1.592403
1.683865
1.744708
1.780595
1.799190
1.806347
1.801830
1.771778
1.682225
1.506672
1.291232
1.128372
1.045646
1.013778
1.003643
1.000861
1.000185
1.000038
1.000007
1.000000
1.000000
1.000000
1.000000
1.000000
1.000000
1.000000
1.000000
1.000000
1.000000
1.000000
1.000000
1.000000
1.000027
1.000213
1.001341
1.006953
1.028423
1.087678
1.199337
1.346046
1.498398
1.632898
1.737006
1.808392
1.851836
1.875095
1.884653
1.880663
1.848315
1.750103
1.555652
1.316745
1.137935
1.048480
1.014501
1.003809
1.000895
1.000191
1.000039
1.000007
1.000000
1.000000
1.000000
1.000000
1.000000
1.000000
1.000000
1.000000
1.000000
1.000000
1.000000
1.000000
1.000000
1.000027
1.000214
1.001356
1.007035
1.028786
1.088986
1.202979
1.354043
1.512898
1.655432
1.767878
1.846597
1.895537
1.922321
1.933753
1.930217
1.896223
1.791877
1.584674
1.330994
1.142921
1.049865
1.014836
1.003883
1.000910
1.000193
1.000039
1.000007
1.000000
1.000000
1.000000
1.000000
1.000000
1.000000
1.000000
1.000000
1.000000
1.000000
1.000000
1.000000
1.000000
1.000027
1.000214
1.001359
1.007059
1.028906
1.089452
1.204415
1.357495
1.519646
1.666558
1.783824
1.866986
1.919386
1.948453
1.961126
1.957893
1.922807
1.814541
1.599684
1.337855
1.145132
1.050430
1.014961
1.003909
1.000915
1.000194
1.000039
1.000007
1.000000
1.000000
1.000000
1.000000
1.000000
1.000000
1.000000
1.000000
1.000000
1.000000
1.000000
1.000000
1.000000
1.000027
1.000213
1.001353
1.007036
1.028822
1.089301
1.204387
1.358089
1.521564
1.670468
1.790095
1.875540
1.929776
1.960082
1.973430
1.970325
1.934518
1.823888
1.604914
1.339484
1.145310
1.050364
1.014919
1.003892
1.000908
1.000192
1.000039
1.000007
1.000000
1.000000
1.000000
1.000000
1.000000
1.000000
1.000000
1.000000
1.000000
1.000000
1.000000
1.000000
1.000000
1.000025
1.000204
1.001311
1.006832
1.028082
1.087377
1.200926
1.353369
1.516168
1.664968
1.784874
1.870748
1.925370
1.955932
1.969371
1.966086
1.929456
1.816888
1.596015
1.331811
1.141107
1.048717
1.014399
1.003751
1.000876
1.000185
1.000037
1.000006
1.000000
1.000000
1.000000
1.000000
1.000000
1.000000
1.000000
1.000000
1.000000
1.000000
1.000000
1.000000
1.000000
1.000021
1.000184
1.001158
1.006073
1.025230
1.079616
1.185994
1.331177
1.487777
1.631563
1.747461
1.830194
1.882490
1.911464
1.923833
1.919497
1.880968
1.765656
1.546941
1.297055
1.124080
1.042427
1.012480
1.003243
1.000756
1.000160
1.000031
1.000005
1.000000
1.000000
1.000000
1.000000
1.000000
1.000000
1.000000
1.000000
1.000000
1.000000
1.000000
1.000000
1.000000
1.000016
1.000137
1.000874
1.004637
1.019580
1.063225
1.151760
1.276228
1.412817
1.538838
1.639809
1.710807
1.754684
1.778238
1.787368
1.780793
1.740211
1.626658
1.428820
1.223528
1.091205
1.030902
1.009063
1.002352
1.000547
1.000115
1.000021
1.000002
1.000000
1.000000
1.000000
1.000000
1.000000
1.000000
1.000000
1.000000
1.000000
1.000000
1.000000
1.000000
1.000000
1.000010
1.000083
1.000550
1.002951
1.012666
1.041858
1.103296
1.192188
1.290941
1.381541
1.452547
1.500732
1.529178
1.543550
1.547968
1.539977
1.503399
1.410598
1.267391
1.134529
1.054193
1.018354
1.005399
1.001404
1.000324
1.000067
1.000011
1.000000
1.000000
1.000000
1.000000
1.000000
1.000000
1.000000
1.000000
1.000000
1.000000
1.000000
1.000000
1.000000
1.000000
1.000002
1.000042
1.000290
1.001564
1.006795
1.022839
1.057419
1.108057
1.163902
1.213745
1.251096
1.275032
1.288270
1.294417
1.295525
1.289255
1.265247
1.209494
1.131967
1.065410
1.026391
1.009004
1.002667
1.000696
1.000160
1.000034
1.000005
1.000000
1.000000
1.000000
1.000000
1.000000
1.000000
1.000000
1.000000
1.000000
1.000000
1.000000
1.000000
1.000000
1.000000
1.000000
1.000018
1.000127
1.000697
1.003060
1.010387
1.026329
1.049538
1.074471
1.095737
1.110752
1.119744
1.124371
1.126324
1.126338
1.123048
1.111608
1.086525
1.053769
1.026655
1.010848
1.003737
1.001115
1.000292
1.000065
1.000013
1.000000
1.000000
1.000000
1.000000
1.000000
1.000000
1.000000
1.000000
1.000000
1.000000
1.000000
1.000000
1.000000
1.000000
1.000000
1.000000
1.000005
1.000046
1.000266
1.001177
1.004016
1.010196
1.019055
1.028255
1.035721
1.040683
1.043467
1.044805
1.045316
1.045210
1.043905
1.039595
1.030439
1.018862
1.009400
1.003861
1.001341
1.000402
1.000105
1.000023
1.000003
1.000000
1.000000
1.000000
1.000000
1.000000
1.000000
1.000000
1.000000
1.000000
1.000000
1.000000
1.000000
1.000000
1.000000
1.000000
1.000000
1.000000
1.000015
1.000088
1.000392
1.001346
1.003413
1.006323
1.009249
1.011519
1.012949
1.013707
1.014051
1.014171
1.014115
1.013685
1.012307
1.009429
1.005845
1.002928
1.001211
1.000423
1.000127
1.000032
1.000006
1.000000
1.000000
1.000000
1.000000
1.000000
1.000000
1.000000
1.000000
1.000000
1.000000
1.000000
1.000000
1.000000
1.000000
1.000000
1.000000
1.000000
1.000000
1.000002
1.000022
1.000114
1.000397
1.001005
1.001848
1.002672
1.003286
1.003658
1.003845
1.003926
1.003955
1.003935
1.003810
1.003421
1.002617
1.001624
1.000816
1.000339
1.000118
1.000034
1.000008
1.000000
1.000000
1.000000
1.000000
1.000000
1.000000
1.000000
1.000000
1.000000
1.000000
1.000000
1.000000
1.000000
1.000000
1.000000
1.000000
1.000000
1.000000
1.000000
1.000000
1.000004
1.000026
1.000103
1.000263
1.000481
1.000690
1.000841
1.000929
1.000972
1.000991
1.000997
1.000991
1.000959
1.000860
1.000657
1.000408
1.000205
1.000084
1.000028
1.000007
1.000000
1.000000
1.000000
1.000000
1.000000
1.000000
1.000000
1.000000
1.000000
1.000000
1.000000
1.000000
1.000000
1.000000
1.000000
1.000000
1.000000
1.000000
1.000000
1.000000
1.000000
1.000000
1.000005
1.000021
1.000061
1.000111
1.000159
1.000193
1.000213
1.000224
1.000227
1.000228
1.000226
1.000219
1.000197
1.000149
1.000093
1.000046
1.000017
1.000003
1.000000
1.000000
1.000000
1.000000
1.000000
1.000000
1.000000
1.000000
1.000000
1.000000
1.000000
1.000000
1.000000
1.000000
1.000000
1.000000
1.000000
1.000000
1.000000
1.000000
1.000000
1.000000
1.000000
1.000000
1.000003
1.000011
1.000021
1.000033
1.000040
1.000044
1.000046
1.000046
1.000046
1.000046
1.000044
1.000039
1.000028
1.000015
1.000006
1.000001
1.000000
1.000000
1.000000
1.000000
1.000000
1.000000
1.000000
1.000000
1.000000
1.000000
1.000000
1.000000
1.000000
1.000000
1.000000
1.000000
1.000000
1.000000
1.000000
1.000000
1.000000
1.000000
1.000000
1.000000
1.000000
1.000000
1.000000
1.000003
1.000005
1.000005
1.000006
1.000006
1.000006
1.000006
1.000006
1.000006
1.000005
1.000003
1.000000
1.000000
1.000000
1.000000
1.000000
1.000000
1.000000
1.000000
1.000000
1.000000
1.000000
1.000000
1.000000
1.000000
1.000000
1.000000
1.000000
1.000000
1.000000
1.000000
1.000000
1.000000
1.000000
1.000000
1.000000
1.000000
1.000000
1.000000
1.000000
1.000000
1.000000
1.000000
1.000000
1.000000
1.000000
1.000000
1.000000
1.000000
1.000000
1.000000
1.000000
1.000000
1.000000
1.000000
1.000000
1.000000
1.000000
1.000000
1.000000
1.000000
1.000000
1.000000
1.000000
1.000000
1.000000
1.000000
1.000000
1.000000
1.000000
1.000000
1.000000
1.000000
1.000000
1.000000
1.000000
1.000000
1.000000
1.000000
1.000000
1.000000
1.000000
1.000000
1.000000
1.000000
1.000000
1.000000
1.000000
1.000000
1.000000
1.000000
1.000000
1.000000
1.000000
1.000000
1.000000
1.000000
1.000000
1.000000
1.000000
1.000000
1.000000
1.000000
1.000000
1.000000
1.000000
1.000000
1.000000
1.000000
1.000000
1.000000
1.000000
1.000000
1.000000
1.000000
1.000000
1.000000
1.000000
1.000000
1.000000
1.000000
1.000000
1.000000
1.000000
1.000000
1.000000
1.000000
1.000000
1.000000
1.000000
1.000000
1.000000
1.000000
1.000000
1.000000
1.000000
1.000000
1.000000
1.000000
1.000000
1.000000
1.000000
1.000000
1.000000
1.000000
1.000000
1.000000
1.000000
1.000000
1.000000
1.000000
1.000000
1.000000
1.000000
1.000000
1.000000
1.000000
1.000000
1.000000
1.000000
1.000000
1.000000
1.000000
1.000000
1.000000
1.000000
1.000000
1.000000
1.000000
1.000000
1.000000
1.000000
1.000000
1.000000
1.000000
1.000000
1.000000
1.000000
1.000000
1.000000
1.000000
1.000000
1.000000
1.000000
1.000000
1.000000
1.000000
1.000000
1.000000
1.000000
1.000000
1.000000
1.000000
1.000000
1.000000
1.000000
1.000000
1.000000
1.000000
1.000000
1.000000
1.000000
1.000000
1.000000
1.000000
1.000000
1.000000
1.000000
1.000000
1.000000
1.000000
1.000000
1.000000
1.000000
1.000000
1.000000
1.000000
1.000000
1.000000
1.000000
1.000000
1.000000
1.000000
1.000000
1.000000
1.000000
1.000000
1.000000
1.000000
1.000000
1.000000
1.000000
1.000000
1.000000
1.000000
1.000000
1.000000
1.000000
1.000000
1.000000
1.000000
1.000000
1.000000
1.000000
1.000000
1.000000
1.000000
1.000000
1.000000
1.000000
1.000000
1.000000
1.000000
1.000000
1.000000
1.000000
1.000000
1.000000
1.000000
1.000000
1.000000
1.000000
1.000000
1.000000
1.000000
1.000000
1.000000
1.000000
1.000000
1.000000
1.000000
1.000000
1.000000
1.000000
1.000000
1.000000
1.000000
1.000000
1.000000
1.000000
1.000000
1.000000
1.000000
1.000000
1.000000
1.000000
1.000000
1.000000
1.000000
1.000000
1.000000
1.000000
1.000000
1.000000
1.000000
1.000000
1.000000
1.000000
1.000000
1.000000
1.000000
1.000000
1.000000
1.000000
1.000000
1.000000
1.000000
1.000000
1.000000
1.000000
1.000000
1.000000
1.000000
1.000000
1.000000
1.000000
1.000000
1.000000
1.000000
1.000000
1.000000
1.000000
1.000000
1.000000
1.000000
1.000000
1.000000
1.000000
1.000000
1.000000
1.000000
1.000000
1.000000
1.000000
1.000000
1.000000
1.000000
1.000000
1.000000
1.000000
1.000000
1.000000
1.000000
1.000000
1.000000
1.000000
1.000000
1.000000
1.000000
1.000000
1.000000
1.000000
1.000000
1.000000
1.000000
1.000000
1.000000
1.000000
