1.000000
1.000000
1.000000
1.000000
1.000000
1.000000
1.000000
1.000000
1.000000
1.000000
1.000000
1.000000
1.000000
1.000000
1.000000
1.000000
1.000000
1.000000
1.000000
1.000000
1.000000
1.000000
1.000000
1.000000
1.000000
1.000000
1.000000
1.000000
1.000000
1.000000
1.000000
1.000000
1.000000
1.000000
1.000000
1.000000
1.000000
1.000000
1.000000
1.000000
1.000000
1.000000
1.000000
1.000000
1.000000
1.000000
1.000000
1.000000
1.000000
1.000000
1.000000
1.000000
1.000000
1.000000
1.000000
1.000000
1.000000
1.000000
1.000000
1.000000
1.000000
1.000000
1.000000
1.000000
1.000000
1.000000
1.000000
1.000000
1.000000
1.000000
1.000000
1.000000
1.000000
1.000000
1.000000
1.000000
1.000000
1.000000
1.000000
1.000000
1.000000
1.000000
1.000000
1.000000
1.000000
1.000000
1.000000
1.000000
1.000000
1.000000
1.000000
1.000000
1.000000
1.000000
1.000000
1.000000
1.000000
1.000000
1.000000
1.000000
1.000000
1.000000
1.000000
1.000000
1.000000
1.000000
1.000000
1.000000
1.000000
1.000000
1.000000
1.000000
1.000000
1.000000
1.000000
1.000000
1.000000
1.000000
1.000000
1.000000
1.000000
1.000000
1.000000
1.000000
1.000000
1.000000
1.000000
1.000000
1.000000
1.000000
1.000000
1.000000
1.000000
1.000000
1.000000
1.000000
1.000000
1.000000
1.000000
1.000000
1.000000
1.000000
1.000000
1.000000
1.000000
1.000000
1.000000
1.000000
1.000000
1.000000
1.000000
1.000000
1.000000
1.000000
1.000000
1.000000
1.000000
1.000000
1.000000
1.000000
1.000000
1.000000
1.000000
1.000000
1.000000
1.000000
1.000000
1.000000
1.000000
1.000000
1.000000
1.000000
1.000000
1.000000
1.000000
1.000000
1.000000
1.000000
1.000000
1.000000
1.000000
1.000000
1.000000
1.000000
1.000000
1.000000
1.000000
1.000000
1.000000
1.000000
1.000000
1.000000
1.000000
1.000000
1.000000
1.000000
1.000000
1.000000
1.000000
1.000000
1.000000
1.000000
1.000000
1.000000
1.000000
1.000000
1.000000
1.000000
1.000000
1.000000
1.000000
1.000000
1.000000
1.000000
1.000000
1.000000
1.000000
1.000000
1.000000
1.000000
1.000000
1.000000
1.000000
1.000000
1.000000
1.000000
1.000000
1.000000
1.000000
1.000000
1.000000
1.000000
1.000000
1.000000
1.000000
1.000000
1.000000
1.000000
1.000000
1.000000
1.000000
1.000000
1.000000
1.000000
1.000000
1.000000
1.000000
1.000000
1.000000
1.000000
1.000000
1.000000
1.000000
1.000000
1.000000
1.000010
1.000013
1.000027
1.000040
1.000052
1.000055
1.000056
1.000056
1.000056
1.000056
1.000054
1.000046
1.000036
1.000022
1.000010
1.000000
1.000000
1.000000
1.000000
1.000000
1.000000
1.000000
1.000000
1.000000
1.000000
1.000000
1.000000
1.000000
1.000000
1.000000
1.000000
1.000000
1.000000
1.000000
1.000000
1.000000
1.000000
1.000000
1.000000
1.000000
1.000013
1.000085
1.000214
1.000379
1.000509
1.000585
1.000622
1.000636
1.000642
1.000643
1.000639
1.000624
1.000560
1.000428
1.000259
1.000127
1.000052
1.000019
1.000005
1.000000
1.000000
1.000000
1.000000
1.000000
1.000000
1.000000
1.000000
1.000000
1.000000
1.000000
1.000000
1.000000
1.000000
1.000000
1.000000
1.000000
1.000000
1.000000
1.000000
1.000006
1.000044
1.000214
1.000753
1.001873
1.003227
1.004327
1.004997
1.005322
1.005452
1.005496
1.005510
1.005481
1.005340
1.004853
1.003741
1.002310
1.001137
1.000456
1.000152
1.000045
1.000012
1.000000
1.000000
1.000000
1.000000
1.000000
1.000000
1.000000
1.000000
1.000000
1.000000
1.000000
1.000000
1.000000
1.000000
1.000000
1.000000
1.000000
1.000000
1.000010
1.000050
1.000287
1.001338
1.004609
1.011248
1.019201
1.025734
1.029807
1.031856
1.032717
1.033027
1.033101
1.032971
1.032227
1.029556
1.023226
1.014662
1.007341
1.002969
1.000996
1.000284
1.000069
1.000016
1.000002
1.000000
1.000000
1.000000
1.000000
1.000000
1.000000
1.000000
1.000000
1.000000
1.000000
1.000000
1.000000
1.000000
1.000000
1.000000
1.000000
1.000023
1.000201
1.001165
1.005286
1.017781
1.042213
1.071005
1.094965
1.110508
1.118793
1.122531
1.123981
1.124407
1.124090
1.121821
1.113285
1.091742
1.059925
1.030744
1.012587
1.004241
1.001209
1.000299
1.000064
1.000016
1.000001
1.000000
1.000000
1.000000
1.000000
1.000000
1.000000
1.000000
1.000000
1.000000
1.000000
1.000000
1.000000
1.000000
1.000000
1.000013
1.000064
1.000454
1.002604
1.011690
1.038735
1.090433
1.151384
1.203627
1.239412
1.259909
1.269964
1.274240
1.275723
1.275425
1.271355
1.255192
1.211956
1.142496
1.074317
1.030484
1.010209
1.002888
1.000707
1.000154
1.000033
1.000007
1.000000
1.000000
1.000000
1.000000
1.000000
1.000000
1.000000
1.000000
1.000000
1.000000
1.000000
1.000000
1.000000
1.000000
1.000013
1.000102
1.000706
1.004068
1.018217
1.060071
1.139669
1.234985
1.319868
1.381398
1.419196
1.439249
1.448523
1.452144
1.452365
1.446833
1.423407
1.357697
1.244909
1.128412
1.052222
1.017239
1.004809
1.001163
1.000251
1.000050
1.000009
1.000000
1.000000
1.000000
1.000000
1.000000
1.000000
1.000000
1.000000
1.000000
1.000000
1.000000
1.000000
1.000000
1.000000
1.000015
1.000125
1.000891
1.005145
1.023084
1.076279
1.178123
1.302908
1.418442
1.506623
1.564172
1.596783
1.612944
1.619816
1.621150
1.614678
1.585099
1.499079
1.344518
1.179898
1.072046
1.023354
1.006410
1.001532
1.000327
1.000065
1.000012
1.000000
1.000000
1.000000
1.000000
1.000000
1.000000
1.000000
1.000000
1.000000
1.000000
1.000000
1.000000
1.000000
1.000000
1.000017
1.000142
1.000999
1.005765
1.025957
1.086190
1.202787
1.348973
1.489009
1.600551
1.676976
1.722595
1.746441
1.757211
1.760088
1.753122
1.718557
1.615470
1.425175
1.219876
1.086558
1.027576
1.007463
1.001765
1.000373
1.000072
1.000013
1.000000
1.000000
1.000000
1.000000
1.000000
1.000000
1.000000
1.000000
1.000000
1.000000
1.000000
1.000000
1.000000
1.000000
1.000018
1.000148
1.001046
1.006059
1.027366
1.091273
1.216241
1.375836
1.532780
1.661894
1.753640
1.810554
1.841484
1.856050
1.860544
1.853366
1.814923
1.698488
1.480871
1.245952
1.095398
1.029989
1.008033
1.001888
1.000396
1.000076
1.000013
1.000000
1.000000
1.000000
1.000000
1.000000
1.000000
1.000000
1.000000
1.000000
1.000000
1.000000
1.000000
1.000000
1.000000
1.000018
1.000150
1.001064
1.006179
1.027956
1.093520
1.222609
1.389519
1.556591
1.697114
1.799502
1.864720
1.901116
1.918732
1.924583
1.917325
1.876065
1.750127
1.514028
1.260488
1.099983
1.031161
1.008296
1.001940
1.000405
1.000077
1.000013
1.000000
1.000000
1.000000
1.000000
1.000000
1.000000
1.000000
1.000000
1.000000
1.000000
1.000000
1.000000
1.000000
1.000000
1.000018
1.000150
1.001071
1.006220
1.028171
1.094387
1.225256
1.395665
1.568036
1.714989
1.823750
1.894185
1.934148
1.953816
1.960605
1.953308
1.910198
1.778236
1.531177
1.267499
1.102040
1.031655
1.008401
1.001959
1.000408
1.000077
1.000013
1.000000
1.000000
1.000000
1.000000
1.000000
1.000000
1.000000
1.000000
1.000000
1.000000
1.000000
1.000000
1.000000
1.000000
1.000018
1.000150
1.001072
1.006232
1.028227
1.094645
1.226167
1.398028
1.572819
1.722928
1.834992
1.908247
1.950199
1.971038
1.978368
1.971041
1.926844
1.791506
1.538766
1.270334
1.102792
1.031817
1.008431
1.001965
1.000409
1.000077
1.000013
1.000000
1.000000
1.000000
1.000000
1.000000
1.000000
1.000000
1.000000
1.000000
1.000000
1.000000
1.000000
1.000000
1.000000
1.000018
1.000149
1.001067
1.006204
1.028116
1.094368
1.225799
1.397917
1.573466
1.724766
1.838192
1.912667
1.955503
1.976866
1.984431
1.977047
1.932214
1.795088
1.539866
1.270107
1.102480
1.031677
1.008388
1.001952
1.000406
1.000076
1.000013
1.000000
1.000000
1.000000
1.000000
1.000000
1.000000
1.000000
1.000000
1.000000
1.000000
1.000000
1.000000
1.000000
1.000000
1.000017
1.000143
1.001026
1.005991
1.027261
1.091926
1.221128
1.391224
1.565301
1.715641
1.828465
1.902557
1.945142
1.966340
1.973769
1.966120
1.920529
1.781984
1.527009
1.261555
1.098699
1.030422
1.008043
1.001871
1.000390
1.000073
1.000013
1.000000
1.000000
1.000000
1.000000
1.000000
1.000000
1.000000
1.000000
1.000000
1.000000
1.000000
1.000000
1.000000
1.000000
1.000015
1.000124
1.000877
1.005166
1.023787
1.081600
1.200226
1.359429
1.523993
1.666450
1.772960
1.842302
1.881661
1.900912
1.907207
1.898542
1.851195
1.711462
1.466147
1.225032
1.083505
1.025536
1.006726
1.001562
1.000324
1.000059
1.000010
1.000000
1.000000
1.000000
1.000000
1.000000
1.000000
1.000000
1.000000
1.000000
1.000000
1.000000
1.000000
1.000000
1.000000
1.000010
1.000084
1.000620
1.003699
1.017338
1.061034
1.154554
1.284095
1.419935
1.537267
1.623568
1.678231
1.708169
1.722130
1.725754
1.715733
1.668789
1.539811
1.336273
1.156182
1.056975
1.017339
1.004561
1.001056
1.000218
1.000041
1.000005
1.000000
1.000000
1.000000
1.000000
1.000000
1.000000
1.000000
1.000000
1.000000
1.000000
1.000000
1.000000
1.000000
1.000000
1.000003
1.000046
1.000359
1.002153
1.010252
1.036938
1.096205
1.180262
1.268526
1.343181
1.395951
1.427644
1.443963
1.450981
1.451854
1.442863
1.406260
1.314614
1.187111
1.084819
1.030822
1.009413
1.002487
1.000577
1.000118
1.000022
1.000002
1.000000
1.000000
1.000000
1.000000
1.000000
1.000000
1.000000
1.000000
1.000000
1.000000
1.000000
1.000000
1.000000
1.000000
1.000000
1.000022
1.000169
1.001025
1.004943
1.018083
1.047849
1.090141
1.133554
1.168647
1.191963
1.205003
1.211229
1.213643
1.213422
1.208051
1.188049
1.141461
1.082178
1.037089
1.013570
1.004179
1.001111
1.000258
1.000052
1.000008
1.000000
1.000000
1.000000
1.000000
1.000000
1.000000
1.000000
1.000000
1.000000
1.000000
1.000000
1.000000
1.000000
1.000000
1.000000
1.000000
1.000008
1.000062
1.000407
1.001981
1.007310
1.019447
1.036437
1.053226
1.066045
1.073998
1.078128
1.079958
1.080591
1.080340
1.078061
1.069978
1.051910
1.029966
1.013594
1.005022
1.001560
1.000416
1.000096
1.000019
1.000002
1.000000
1.000000
1.000000
1.000000
1.000000
1.000000
1.000000
1.000000
1.000000
1.000000
1.000000
1.000000
1.000000
1.000000
1.000000
1.000000
1.000000
1.000020
1.000138
1.000675
1.002502
1.006654
1.012348
1.017753
1.021661
1.023939
1.025047
1.025506
1.025648
1.025535
1.024769
1.022119
1.016317
1.009422
1.004302
1.001602
1.000501
1.000133
1.000030
1.000004
1.000000
1.000000
1.000000
1.000000
1.000000
1.000000
1.000000
1.000000
1.000000
1.000000
1.000000
1.000000
1.000000
1.000000
1.000000
1.000000
1.000000
1.000000
1.000004
1.000038
1.000198
1.000740
1.001964
1.003611
1.005120
1.006162
1.006739
1.007003
1.007107
1.007138
1.007100
1.006881
1.006134
1.004515
1.002612
1.001198
1.000448
1.000140
1.000037
1.000008
1.000000
1.000000
1.000000
1.000000
1.000000
1.000000
1.000000
1.000000
1.000000
1.000000
1.000000
1.000000
1.000000
1.000000
1.000000
1.000000
1.000000
1.000000
1.000000
1.000000
1.000009
1.000051
1.000191
1.000510
1.000929
1.001304
1.001552
1.001684
1.001741
1.001764
1.001771
1.001758
1.001704
1.001518
1.001116
1.000646
1.000296
1.000111
1.000034
1.000008
1.000000
1.000000
1.000000
1.000000
1.000000
1.000000
1.000000
1.000000
1.000000
1.000000
1.000000
1.000000
1.000000
1.000000
1.000000
1.000000
1.000000
1.000000
1.000000
1.000000
1.000000
1.000000
1.000009
1.000043
1.000116
1.000212
1.000296
1.000348
1.000377
1.000391
1.000394
1.000395
1.000392
1.000379
1.000338
1.000249
1.000143
1.000065
1.000022
1.000005
1.000000
1.000000
1.000000
1.000000
1.000000
1.000000
1.000000
1.000000
1.000000
1.000000
1.000000
1.000000
1.000000
1.000000
1.000000
1.000000
1.000000
1.000000
1.000000
1.000000
1.000000
1.000000
1.000000
1.000000
1.000006
1.000022
1.000042
1.000059
1.000071
1.000076
1.000078
1.000079
1.000079
1.000078
1.000076
1.000067
1.000049
1.000027
1.000010
1.000002
1.000000
1.000000
1.000000
1.000000
1.000000
1.000000
1.000000
1.000000
1.000000
1.000000
1.000000
1.000000
1.000000
1.000000
1.000000
1.000000
1.000000
1.000000
1.000000
1.000000
1.000000
1.000000
1.000000
1.000000
1.000000
1.000000
1.000003
1.000006
1.000009
1.000010
1.000011
1.000011
1.000011
1.000011
1.000011
1.000011
1.000010
1.000006
1.000003
1.000000
1.000000
1.000000
1.000000
1.000000
1.000000
1.000000
1.000000
1.000000
1.000000
1.000000
1.000000
1.000000
1.000000
1.000000
1.000000
1.000000
1.000000
1.000000
1.000000
1.000000
1.000000
1.000000
1.000000
1.000000
1.000000
1.000000
1.000000
1.000000
1.000000
1.000000
1.000000
1.000000
1.000000
1.000000
1.000000
1.000000
1.000000
1.000000
1.000000
1.000000
1.000000
1.000000
1.000000
1.000000
1.000000
1.000000
1.000000
1.000000
1.000000
1.000000
1.000000
1.000000
1.000000
1.000000
1.000000
1.000000
1.000000
1.000000
1.000000
1.000000
1.000000
1.000000
1.000000
1.000000
1.000000
1.000000
1.000000
1.000000
1.000000
1.000000
1.000000
1.000000
1.000000
1.000000
1.000000
1.000000
1.000000
1.000000
1.000000
1.000000
1.000000
1.000000
1.000000
1.000000
1.000000
1.000000
1.000000
1.000000
1.000000
1.000000
1.000000
1.000000
1.000000
1.000000
1.000000
1.000000
1.000000
1.000000
1.000000
1.000000
1.000000
1.000000
1.000000
1.000000
1.000000
1.000000
1.000000
1.000000
1.000000
1.000000
1.000000
1.000000
1.000000
1.000000
1.000000
1.000000
1.000000
1.000000
1.000000
1.000000
1.000000
1.000000
1.000000
1.000000
1.000000
1.000000
1.000000
1.000000
1.000000
1.000000
1.000000
1.000000
1.000000
1.000000
1.000000
1.000000
1.000000
1.000000
1.000000
1.000000
1.000000
1.000000
1.000000
1.000000
1.000000
1.000000
1.000000
1.000000
1.000000
1.000000
1.000000
1.000000
1.000000
1.000000
1.000000
1.000000
1.000000
1.000000
1.000000
1.000000
1.000000
1.000000
1.000000
1.000000
1.000000
1.000000
1.000000
1.000000
1.000000
1.000000
1.000000
1.000000
1.000000
1.000000
1.000000
1.000000
1.000000
1.000000
1.000000
1.000000
1.000000
1.000000
1.000000
1.000000
1.000000
1.000000
1.000000
1.000000
1.000000
1.000000
1.000000
1.000000
1.000000
1.000000
1.000000
1.000000
1.000000
1.000000
1.000000
1.000000
1.000000
1.000000
1.000000
1.000000
1.000000
1.000000
1.000000
1.000000
1.000000
1.000000
1.000000
1.000000
1.000000
1.000000
1.000000
1.000000
1.000000
1.000000
1.000000
1.000000
1.000000
1.000000
1.000000
1.000000
1.000000
1.000000
1.000000
1.000000
1.000000
1.000000
1.000000
1.000000
1.000000
1.000000
1.000000
1.000000
1.000000
1.000000
1.000000
1.000000
1.000000
1.000000
1.000000
1.000000
1.000000
1.000000
1.000000
1.000000
1.000000
1.000000
1.000000
1.000000
1.000000
1.000000
1.000000
1.000000
1.000000
1.000000
1.000000
1.000000
1.000000
1.000000
1.000000
1.000000
1.000000
1.000000
1.000000
1.000000
1.000000
1.000000
1.000000
1.000000
1.000000
1.000000
1.000000
1.000000
1.000000
1.000000
1.000000
1.000000
1.000000
1.000000
1.000000
1.000000
1.000000
1.000000
1.000000
1.000000
1.000000
1.000000
1.000000
1.000000
1.000000
1.000000
1.000000
1.000000
1.000000
1.000000
1.000000
1.000000
1.000000
1.000000
1.000000
1.000000
1.000000
1.000000
1.000000
1.000000
1.000000
1.000000
1.000000
1.000000
1.000000
1.000000
1.000000
1.000000
1.000000
1.000000
1.000000
1.000000
1.000000
1.000000
1.000000
1.000000
1.000000
1.000000
1.000000
1.000000
1.000000
1.000000
1.000000
1.000000
1.000000
1.000000
1.000000
1.000000
1.000000
1.000000
1.000000
1.000000
1.000000
1.000000
1.000000
1.000000
1.000000
1.000000
1.000000
1.000000
1.000000
1.000000
1.000000
1.000000
1.000000
1.000000
1.000000
1.000000
1.000000
1.000000
1.000000
1.000000
1.000000
1.000000
1.000000
1.000000
1.000000
1.000000
1.000000
1.000000
1.000000
1.000000
1.000000
1.000000
1.000000
1.000000
1.000000
1.000000
1.000000
1.000000
1.000000
1.000000
1.000000
1.000000
1.000000
1.000000
1.000000
1.000000
