1.000000
1.000000
1.000000
1.000000
1.000000
1.000000
1.000000
1.000000
1.000000
1.000000
1.000000
1.000000
1.000000
1.000000
1.000000
1.000000
1.000000
1.000000
1.000000
1.000000
1.000000
1.000000
1.000000
1.000000
1.000000
1.000000
1.000000
1.000000
1.000000
1.000000
1.000000
1.000000
1.000000
1.000000
1.000000
1.000000
1.000000
1.000000
1.000000
1.000000
1.000000
1.000000
1.000000
1.000000
1.000000
1.000000
1.000000
1.000000
1.000000
1.000000
1.000000
1.000000
1.000000
1.000000
1.000000
1.000000
1.000000
1.000000
1.000000
1.000000
1.000000
1.000000
1.000000
1.000000
1.000000
1.000000
1.000000
1.000000
1.000000
1.000000
1.000000
1.000000
1.000000
1.000000
1.000000
1.000000
1.000000
1.000000
1.000000
1.000000
1.000000
1.000000
1.000000
1.000000
1.000000
1.000000
1.000000
1.000000
1.000000
1.000000
1.000000
1.000000
1.000000
1.000000
1.000000
1.000000
1.000000
1.000000
1.000000
1.000000
1.000000
1.000000
1.000000
1.000000
1.000000
1.000000
1.000000
1.000000
1.000000
1.000000
1.000000
1.000000
1.000000
1.000000
1.000000
1.000000
1.000000
1.000000
1.000000
1.000000
1.000000
1.000000
1.000000
1.000000
1.000000
1.000000
1.000000
1.000000
1.000000
1.000000
1.000000
1.000000
1.000000
1.000000
1.000000
1.000000
1.000000
1.000000
1.000000
1.000000
1.000000
1.000000
1.000000
1.000000
1.000000
1.000000
1.000000
1.000000
1.000000
1.000000
1.000000
1.000000
1.000000
1.000000
1.000000
1.000000
1.000000
1.000000
1.000000
1.000000
1.000000
1.000000
1.000000
1.000000
1.000000
1.000000
1.000000
1.000000
1.000000
1.000000
1.000000
1.000000
1.000000
1.000000
1.000000
1.000000
1.000000
1.000000
1.000000
1.000000
1.000000
1.000000
1.000000
1.000000
1.000000
1.000000
1.000000
1.000000
1.000000
1.000000
1.000000
1.000000
1.000000
1.000000
1.000000
1.000000
1.000000
1.000000
1.000000
1.000000
1.000000
1.000000
1.000000
1.000000
1.000000
1.000000
1.000000
1.000000
1.000000
1.000000
1.000000
1.000000
1.000000
1.000000
1.000000
1.000000
1.000000
1.000000
1.000000
1.000001
1.000001
1.000001
1.000001
1.000001
1.000001
1.000000
1.000000
1.000000
1.000000
1.000000
1.000000
1.000000
1.000000
1.000000
1.000000
1.000000
1.000000
1.000000
1.000000
1.000000
1.000000
1.000000
1.000000
1.000000
1.000000
1.000000
1.000000
1.000000
1.000000
1.000000
1.000000
1.000000
1.000000
1.000000
1.000000
1.000010
1.000013
1.000027
1.000040
1.000060
1.000068
1.000068
1.000068
1.000068
1.000068
1.000067
1.000060
1.000047
1.000034
1.000018
1.000005
1.000000
1.000000
1.000000
1.000000
1.000000
1.000000
1.000000
1.000000
1.000000
1.000000
1.000000
1.000000
1.000000
1.000000
1.000000
1.000000
1.000000
1.000000
1.000000
1.000000
1.000000
1.000000
1.000000
1.000000
1.000013
1.000085
1.000216
1.000384
1.000522
1.000619
1.000666
1.000687
1.000699
1.000701
1.000697
1.000679
1.000613
1.000486
1.000317
1.000171
1.000073
1.000030
1.000012
1.000000
1.000000
1.000000
1.000000
1.000000
1.000000
1.000000
1.000000
1.000000
1.000000
1.000000
1.000000
1.000000
1.000000
1.000000
1.000000
1.000000
1.000000
1.000000
1.000000
1.000013
1.000052
1.000217
1.000708
1.001680
1.002901
1.003976
1.004694
1.005080
1.005255
1.005320
1.005341
1.005314
1.005175
1.004740
1.003791
1.002511
1.001358
1.000607
1.000229
1.000073
1.000021
1.000005
1.000000
1.000000
1.000000
1.000000
1.000000
1.000000
1.000000
1.000000
1.000000
1.000000
1.000000
1.000000
1.000000
1.000000
1.000000
1.000000
1.000000
1.000013
1.000057
1.000299
1.001240
1.003934
1.009161
1.015668
1.021421
1.025341
1.027514
1.028528
1.028934
1.029051
1.028943
1.028290
1.026130
1.021256
1.014369
1.007908
1.003572
1.001349
1.000436
1.000123
1.000028
1.000009
1.000000
1.000000
1.000000
1.000000
1.000000
1.000000
1.000000
1.000000
1.000000
1.000000
1.000000
1.000000
1.000000
1.000000
1.000000
1.000000
1.000030
1.000216
1.001125
1.004600
1.014286
1.032505
1.054806
1.074638
1.088548
1.096626
1.100623
1.102332
1.102907
1.102689
1.100812
1.094271
1.078637
1.054796
1.030894
1.014150
1.005381
1.001740
1.000488
1.000121
1.000027
1.000008
1.000000
1.000000
1.000000
1.000000
1.000000
1.000000
1.000000
1.000000
1.000000
1.000000
1.000000
1.000000
1.000000
1.000000
1.000013
1.000078
1.000497
1.002559
1.010367
1.031702
1.070950
1.118735
1.162046
1.193726
1.213254
1.223637
1.228455
1.230312
1.230261
1.226936
1.214528
1.183099
1.131264
1.075539
1.034854
1.013230
1.004255
1.001187
1.000292
1.000066
1.000017
1.000002
1.000000
1.000000
1.000000
1.000000
1.000000
1.000000
1.000000
1.000000
1.000000
1.000000
1.000000
1.000000
1.000000
1.000018
1.000130
1.000814
1.004165
1.016795
1.051013
1.113444
1.190089
1.261594
1.316421
1.352348
1.372856
1.383144
1.387563
1.388310
1.383894
1.365803
1.317536
1.232430
1.135380
1.062361
1.023433
1.007444
1.002051
1.000503
1.000112
1.000026
1.000005
1.000000
1.000000
1.000000
1.000000
1.000000
1.000000
1.000000
1.000000
1.000000
1.000000
1.000000
1.000000
1.000000
1.000022
1.000171
1.001067
1.005478
1.022105
1.067143
1.149591
1.252564
1.351811
1.431470
1.486672
1.520227
1.538241
1.546646
1.549001
1.544099
1.521234
1.457430
1.339010
1.198109
1.090404
1.033438
1.010454
1.002844
1.000690
1.000152
1.000033
1.000006
1.000000
1.000000
1.000000
1.000000
1.000000
1.000000
1.000000
1.000000
1.000000
1.000000
1.000000
1.000000
1.000000
1.000025
1.000196
1.001231
1.006328
1.025602
1.078059
1.174966
1.298436
1.421187
1.523771
1.598314
1.646056
1.673140
1.686595
1.691263
1.686442
1.659769
1.582533
1.434019
1.252733
1.113752
1.041343
1.012721
1.003417
1.000820
1.000178
1.000038
1.000007
1.000000
1.000000
1.000000
1.000000
1.000000
1.000000
1.000000
1.000000
1.000000
1.000000
1.000000
1.000000
1.000000
1.000027
1.000210
1.001319
1.006782
1.027524
1.084287
1.190201
1.327591
1.467775
1.588828
1.680183
1.741150
1.777249
1.796036
1.803334
1.798960
1.769313
1.680999
1.507521
1.293363
1.130145
1.046567
1.014141
1.003761
1.000895
1.000194
1.000041
1.000007
1.000000
1.000000
1.000000
1.000000
1.000000
1.000000
1.000000
1.000000
1.000000
1.000000
1.000000
1.000000
1.000000
1.000028
1.000216
1.001356
1.006989
1.028430
1.087362
1.198185
1.343892
1.495457
1.629557
1.733644
1.805257
1.849015
1.872553
1.882311
1.878503
1.846597
1.749687
1.557345
1.319533
1.140041
1.049522
1.014900
1.003937
1.000931
1.000200
1.000041
1.000007
1.000000
1.000000
1.000000
1.000000
1.000000
1.000000
1.000000
1.000000
1.000000
1.000000
1.000000
1.000000
1.000000
1.000028
1.000217
1.001371
1.007074
1.028803
1.088695
1.201881
1.351986
1.510112
1.652322
1.764842
1.843894
1.893251
1.920398
1.932088
1.928768
1.895238
1.792207
1.587062
1.334255
1.145239
1.050977
1.015254
1.004015
1.000946
1.000202
1.000041
1.000007
1.000000
1.000000
1.000000
1.000000
1.000000
1.000000
1.000000
1.000000
1.000000
1.000000
1.000000
1.000000
1.000000
1.000028
1.000217
1.001375
1.007100
1.028926
1.089174
1.203348
1.355500
1.516966
1.663619
1.781038
1.864623
1.917524
1.947023
1.960001
1.957010
1.922396
1.815430
1.602546
1.341401
1.147565
1.051576
1.015388
1.004043
1.000952
1.000203
1.000041
1.000007
1.000000
1.000000
1.000000
1.000000
1.000000
1.000000
1.000000
1.000000
1.000000
1.000000
1.000000
1.000000
1.000000
1.000028
1.000216
1.001369
1.007076
1.028845
1.089030
1.203340
1.356135
1.518957
1.667646
1.787482
1.873413
1.928210
1.958995
1.972679
1.969833
1.934499
1.825145
1.608062
1.343178
1.147791
1.051521
1.015347
1.004027
1.000945
1.000201
1.000041
1.000007
1.000000
1.000000
1.000000
1.000000
1.000000
1.000000
1.000000
1.000000
1.000000
1.000000
1.000000
1.000000
1.000000
1.000026
1.000208
1.001326
1.006873
1.028112
1.087132
1.199936
1.351507
1.513693
1.662322
1.782487
1.868894
1.924120
1.955192
1.968987
1.965970
1.929812
1.818500
1.599421
1.335596
1.143582
1.049856
1.014817
1.003882
1.000911
1.000193
1.000039
1.000007
1.000000
1.000000
1.000000
1.000000
1.000000
1.000000
1.000000
1.000000
1.000000
1.000000
1.000000
1.000000
1.000000
1.000022
1.000187
1.001173
1.006118
1.025290
1.079487
1.185263
1.329726
1.485854
1.629595
1.745860
1.829211
1.882167
1.911680
1.924416
1.920351
1.882298
1.768196
1.550987
1.301003
1.126487
1.043494
1.012865
1.003361
1.000789
1.000168
1.000033
1.000005
1.000000
1.000000
1.000000
1.000000
1.000000
1.000000
1.000000
1.000000
1.000000
1.000000
1.000000
1.000000
1.000000
1.000017
1.000140
1.000888
1.004685
1.019684
1.063297
1.151548
1.275686
1.412189
1.538505
1.640108
1.711896
1.756515
1.780626
1.790109
1.783774
1.743584
1.630914
1.433684
1.227384
1.093310
1.031787
1.009373
1.002446
1.000572
1.000122
1.000022
1.000003
1.000000
1.000000
1.000000
1.000000
1.000000
1.000000
1.000000
1.000000
1.000000
1.000000
1.000000
1.000000
1.000000
1.000010
1.000085
1.000561
1.002995
1.012788
1.042085
1.103587
1.192637
1.291808
1.383125
1.455030
1.504104
1.533265
1.548111
1.552787
1.544914
1.508436
1.415745
1.271963
1.137559
1.055703
1.018962
1.005608
1.001466
1.000340
1.000071
1.000012
1.000000
1.000000
1.000000
1.000000
1.000000
1.000000
1.000000
1.000000
1.000000
1.000000
1.000000
1.000000
1.000000
1.000000
1.000003
1.000044
1.000297
1.001595
1.006896
1.023084
1.057892
1.108926
1.165386
1.216007
1.254156
1.278763
1.292471
1.298891
1.300116
1.293832
1.269660
1.213492
1.135029
1.067244
1.027263
1.009348
1.002783
1.000730
1.000169
1.000036
1.000005
1.000000
1.000000
1.000000
1.000000
1.000000
1.000000
1.000000
1.000000
1.000000
1.000000
1.000000
1.000000
1.000000
1.000000
1.000000
1.000019
1.000132
1.000715
1.003123
1.010560
1.026704
1.050249
1.075639
1.097408
1.112874
1.122201
1.127036
1.129096
1.129141
1.125802
1.114181
1.088712
1.055328
1.027548
1.011265
1.003901
1.001170
1.000308
1.000070
1.000014
1.000000
1.000000
1.000000
1.000000
1.000000
1.000000
1.000000
1.000000
1.000000
1.000000
1.000000
1.000000
1.000000
1.000000
1.000000
1.000000
1.000006
1.000047
1.000275
1.001208
1.004108
1.010406
1.019451
1.028885
1.036582
1.041733
1.044642
1.046050
1.046594
1.046492
1.045155
1.040745
1.031386
1.019515
1.009766
1.004031
1.001408
1.000424
1.000112
1.000025
1.000003
1.000000
1.000000
1.000000
1.000000
1.000000
1.000000
1.000000
1.000000
1.000000
1.000000
1.000000
1.000000
1.000000
1.000000
1.000000
1.000000
1.000000
1.000016
1.000092
1.000406
1.001385
1.003505
1.006496
1.009516
1.011872
1.013366
1.014162
1.014527
1.014656
1.014600
1.014156
1.012736
1.009777
1.006081
1.003060
1.001271
1.000446
1.000135
1.000035
1.000007
1.000000
1.000000
1.000000
1.000000
1.000000
1.000000
1.000000
1.000000
1.000000
1.000000
1.000000
1.000000
1.000000
1.000000
1.000000
1.000000
1.000000
1.000000
1.000003
1.000023
1.000118
1.000411
1.001039
1.001910
1.002766
1.003409
1.003799
1.003997
1.004083
1.004114
1.004094
1.003964
1.003561
1.002729
1.001700
1.000858
1.000358
1.000125
1.000037
1.000009
1.000000
1.000000
1.000000
1.000000
1.000000
1.000000
1.000000
1.000000
1.000000
1.000000
1.000000
1.000000
1.000000
1.000000
1.000000
1.000000
1.000000
1.000000
1.000000
1.000000
1.000005
1.000028
1.000107
1.000273
1.000501
1.000719
1.000877
1.000971
1.001016
1.001036
1.001043
1.001037
1.001004
1.000901
1.000689
1.000429
1.000216
1.000089
1.000030
1.000008
1.000000
1.000000
1.000000
1.000000
1.000000
1.000000
1.000000
1.000000
1.000000
1.000000
1.000000
1.000000
1.000000
1.000000
1.000000
1.000000
1.000000
1.000000
1.000000
1.000000
1.000000
1.000000
1.000005
1.000022
1.000064
1.000117
1.000167
1.000203
1.000224
1.000235
1.000239
1.000240
1.000238
1.000231
1.000207
1.000158
1.000098
1.000050
1.000018
1.000004
1.000000
1.000000
1.000000
1.000000
1.000000
1.000000
1.000000
1.000000
1.000000
1.000000
1.000000
1.000000
1.000000
1.000000
1.000000
1.000000
1.000000
1.000000
1.000000
1.000000
1.000000
1.000000
1.000000
1.000000
1.000003
1.000012
1.000023
1.000035
1.000043
1.000047
1.000048
1.000049
1.000049
1.000049
1.000047
1.000042
1.000030
1.000016
1.000006
1.000001
1.000000
1.000000
1.000000
1.000000
1.000000
1.000000
1.000000
1.000000
1.000000
1.000000
1.000000
1.000000
1.000000
1.000000
1.000000
1.000000
1.000000
1.000000
1.000000
1.000000
1.000000
1.000000
1.000000
1.000000
1.000000
1.000000
1.000000
1.000003
1.000005
1.000006
1.000006
1.000007
1.000007
1.000007
1.000007
1.000006
1.000005
1.000004
1.000001
1.000000
1.000000
1.000000
1.000000
1.000000
1.000000
1.000000
1.000000
1.000000
1.000000
1.000000
1.000000
1.000000
1.000000
1.000000
1.000000
1.000000
1.000000
1.000000
1.000000
1.000000
1.000000
1.000000
1.000000
1.000000
1.000000
1.000000
1.000000
1.000000
1.000000
1.000000
1.000000
1.000000
1.000000
1.000000
1.000000
1.000000
1.000000
1.000000
1.000000
1.000000
1.000000
1.000000
1.000000
1.000000
1.000000
1.000000
1.000000
1.000000
1.000000
1.000000
1.000000
1.000000
1.000000
1.000000
1.000000
1.000000
1.000000
1.000000
1.000000
1.000000
1.000000
1.000000
1.000000
1.000000
1.000000
1.000000
1.000000
1.000000
1.000000
1.000000
1.000000
1.000000
1.000000
1.000000
1.000000
1.000000
1.000000
1.000000
1.000000
1.000000
1.000000
1.000000
1.000000
1.000000
1.000000
1.000000
1.000000
1.000000
1.000000
1.000000
1.000000
1.000000
1.000000
1.000000
1.000000
1.000000
1.000000
1.000000
1.000000
1.000000
1.000000
1.000000
1.000000
1.000000
1.000000
1.000000
1.000000
1.000000
1.000000
1.000000
1.000000
1.000000
1.000000
1.000000
1.000000
1.000000
1.000000
1.000000
1.000000
1.000000
1.000000
1.000000
1.000000
1.000000
1.000000
1.000000
1.000000
1.000000
1.000000
1.000000
1.000000
1.000000
1.000000
1.000000
1.000000
1.000000
1.000000
1.000000
1.000000
1.000000
1.000000
1.000000
1.000000
1.000000
1.000000
1.000000
1.000000
1.000000
1.000000
1.000000
1.000000
1.000000
1.000000
1.000000
1.000000
1.000000
1.000000
1.000000
1.000000
1.000000
1.000000
1.000000
1.000000
1.000000
1.000000
1.000000
1.000000
1.000000
1.000000
1.000000
1.000000
1.000000
1.000000
1.000000
1.000000
1.000000
1.000000
1.000000
1.000000
1.000000
1.000000
1.000000
1.000000
1.000000
1.000000
1.000000
1.000000
1.000000
1.000000
1.000000
1.000000
1.000000
1.000000
1.000000
1.000000
1.000000
1.000000
1.000000
1.000000
1.000000
1.000000
1.000000
1.000000
1.000000
1.000000
1.000000
1.000000
1.000000
1.000000
1.000000
1.000000
1.000000
1.000000
1.000000
1.000000
1.000000
1.000000
1.000000
1.000000
1.000000
1.000000
1.000000
1.000000
1.000000
1.000000
1.000000
1.000000
1.000000
1.000000
1.000000
1.000000
1.000000
1.000000
1.000000
1.000000
1.000000
1.000000
1.000000
1.000000
1.000000
1.000000
1.000000
1.000000
1.000000
1.000000
1.000000
1.000000
1.000000
1.000000
1.000000
1.000000
1.000000
1.000000
1.000000
1.000000
1.000000
1.000000
1.000000
1.000000
1.000000
1.000000
1.000000
1.000000
1.000000
1.000000
1.000000
1.000000
1.000000
1.000000
1.000000
1.000000
1.000000
1.000000
1.000000
1.000000
1.000000
1.000000
1.000000
1.000000
1.000000
1.000000
1.000000
1.000000
1.000000
1.000000
1.000000
1.000000
1.000000
1.000000
1.000000
1.000000
1.000000
1.000000
1.000000
1.000000
1.000000
1.000000
1.000000
1.000000
1.000000
1.000000
1.000000
1.000000
1.000000
1.000000
1.000000
1.000000
1.000000
1.000000
1.000000
1.000000
1.000000
1.000000
1.000000
1.000000
1.000000
1.000000
1.000000
1.000000
1.000000
1.000000
1.000000
1.000000
1.000000
1.000000
1.000000
1.000000
1.000000
1.000000
1.000000
1.000000
1.000000
1.000000
1.000000
1.000000
1.000000
1.000000
1.000000
1.000000
1.000000
1.000000
1.000000
1.000000
1.000000
1.000000
