1.000000
1.000000
1.000000
1.000000
1.000000
1.000000
1.000000
1.000000
1.000000
1.000000
1.000000
1.000000
1.000000
1.000000
1.000000
1.000000
1.000000
1.000000
1.000000
1.000000
1.000000
1.000000
1.000000
1.000000
1.000000
1.000000
1.000000
1.000000
1.000000
1.000000
1.000000
1.000000
1.000000
1.000000
1.000000
1.000000
1.000000
1.000000
1.000000
1.000000
1.000000
1.000000
1.000000
1.000000
1.000000
1.000000
1.000000
1.000000
1.000000
1.000000
1.000000
1.000000
1.000000
1.000000
1.000000
1.000000
1.000000
1.000000
1.000000
1.000000
1.000000
1.000000
1.000000
1.000000
1.000000
1.000000
1.000000
1.000000
1.000000
1.000000
1.000000
1.000000
1.000000
1.000000
1.000000
1.000000
1.000000
1.000000
1.000000
1.000000
1.000000
1.000000
1.000000
1.000000
1.000000
1.000000
1.000000
1.000000
1.000000
1.000000
1.000000
1.000000
1.000000
1.000000
1.000000
1.000000
1.000000
1.000000
1.000000
1.000000
1.000000
1.000000
1.000000
1.000000
1.000000
1.000000
1.000000
1.000000
1.000000
1.000000
1.000000
1.000000
1.000000
1.000000
1.000000
1.000000
1.000000
1.000000
1.000000
1.000000
1.000000
1.000000
1.000000
1.000000
1.000000
1.000000
1.000000
1.000000
1.000000
1.000000
1.000000
1.000000
1.000000
1.000000
1.000000
1.000000
1.000000
1.000000
1.000000
1.000000
1.000000
1.000000
1.000000
1.000000
1.000000
1.000000
1.000000
1.000000
1.000000
1.000000
1.000000
1.000000
1.000000
1.000000
1.000000
1.000000
1.000000
1.000000
1.000000
1.000000
1.000000
1.000000
1.000000
1.000000
1.000000
1.000000
1.000000
1.000000
1.000000
1.000000
1.000000
1.000000
1.000000
1.000000
1.000000
1.000000
1.000000
1.000000
1.000000
1.000000
1.000000
1.000000
1.000000
1.000000
1.000000
1.000000
1.000000
1.000000
1.000000
1.000000
1.000000
1.000000
1.000000
1.000000
1.000000
1.000000
1.000000
1.000000
1.000000
1.000000
1.000000
1.000000
1.000000
1.000000
1.000000
1.000000
1.000000
1.000000
1.000000
1.000000
1.000000
1.000000
1.000000
1.000000
1.000000
1.000000
1.000000
1.000000
1.000000
1.000000
1.000000
1.000000
1.000000
1.000000
1.000000
1.000000
1.000000
1.000000
1.000000
1.000000
1.000000
1.000000
1.000000
1.000000
1.000000
1.000000
1.000000
1.000000
1.000000
1.000000
1.000000
1.000000
1.000000
1.000000
1.000000
1.000000
1.000000
1.000000
1.000000
1.000000
1.000000
1.000000
1.000000
1.000000
1.000000
1.000010
1.000013
1.000027
1.000040
1.000052
1.000055
1.000056
1.000057
1.000057
1.000056
1.000055
1.000047
1.000037
1.000023
1.000010
1.000000
1.000000
1.000000
1.000000
1.000000
1.000000
1.000000
1.000000
1.000000
1.000000
1.000000
1.000000
1.000000
1.000000
1.000000
1.000000
1.000000
1.000000
1.000000
1.000000
1.000000
1.000000
1.000000
1.000000
1.000000
1.000013
1.000085
1.000214
1.000380
1.000509
1.000586
1.000624
1.000638
1.000644
1.000646
1.000642
1.000626
1.000562
1.000430
1.000261
1.000128
1.000053
1.000019
1.000005
1.000000
1.000000
1.000000
1.000000
1.000000
1.000000
1.000000
1.000000
1.000000
1.000000
1.000000
1.000000
1.000000
1.000000
1.000000
1.000000
1.000000
1.000000
1.000000
1.000000
1.000007
1.000045
1.000214
1.000752
1.001866
1.003216
1.004316
1.004989
1.005316
1.005448
1.005492
1.005507
1.005478
1.005336
1.004851
1.003745
1.002318
1.001146
1.000461
1.000154
1.000046
1.000012
1.000000
1.000000
1.000000
1.000000
1.000000
1.000000
1.000000
1.000000
1.000000
1.000000
1.000000
1.000000
1.000000
1.000000
1.000000
1.000000
1.000000
1.000000
1.000010
1.000050
1.000288
1.001335
1.004586
1.011170
1.019070
1.025577
1.029647
1.031702
1.032569
1.032883
1.032958
1.032829
1.032088
1.029435
1.023162
1.014660
1.007366
1.002992
1.001007
1.000289
1.000071
1.000016
1.000003
1.000000
1.000000
1.000000
1.000000
1.000000
1.000000
1.000000
1.000000
1.000000
1.000000
1.000000
1.000000
1.000000
1.000000
1.000000
1.000000
1.000024
1.000202
1.001165
1.005263
1.017649
1.041829
1.070368
1.094176
1.109665
1.117947
1.121696
1.123156
1.123587
1.123274
1.121018
1.112560
1.091259
1.059759
1.030768
1.012650
1.004281
1.001226
1.000304
1.000066
1.000016
1.000002
1.000000
1.000000
1.000000
1.000000
1.000000
1.000000
1.000000
1.000000
1.000000
1.000000
1.000000
1.000000
1.000000
1.000000
1.000013
1.000064
1.000456
1.002604
1.011647
1.038473
1.089676
1.150117
1.202030
1.237675
1.258149
1.268222
1.272520
1.274016
1.273726
1.269682
1.253666
1.210913
1.142151
1.074415
1.030658
1.010314
1.002931
1.000721
1.000158
1.000034
1.000007
1.000000
1.000000
1.000000
1.000000
1.000000
1.000000
1.000000
1.000000
1.000000
1.000000
1.000000
1.000000
1.000000
1.000000
1.000013
1.000103
1.000710
1.004075
1.018175
1.059746
1.138673
1.233278
1.317673
1.378978
1.416729
1.436812
1.446128
1.449780
1.450018
1.444526
1.421307
1.356306
1.244598
1.128764
1.052608
1.017449
1.004891
1.001189
1.000258
1.000052
1.000010
1.000000
1.000000
1.000000
1.000000
1.000000
1.000000
1.000000
1.000000
1.000000
1.000000
1.000000
1.000000
1.000000
1.000000
1.000016
1.000127
1.000898
1.005161
1.023061
1.075962
1.177061
1.301028
1.415980
1.503883
1.561383
1.594054
1.610294
1.617224
1.618593
1.612175
1.582855
1.497729
1.344551
1.180687
1.072710
1.023682
1.006531
1.001569
1.000336
1.000067
1.000013
1.000000
1.000000
1.000000
1.000000
1.000000
1.000000
1.000000
1.000000
1.000000
1.000000
1.000000
1.000000
1.000000
1.000000
1.000018
1.000143
1.001008
1.005788
1.025958
1.085916
1.201766
1.347111
1.486543
1.597810
1.674220
1.719955
1.743937
1.754809
1.757747
1.750854
1.716588
1.614528
1.425791
1.221183
1.087497
1.028008
1.007614
1.001809
1.000384
1.000075
1.000014
1.000000
1.000000
1.000000
1.000000
1.000000
1.000000
1.000000
1.000000
1.000000
1.000000
1.000000
1.000000
1.000000
1.000000
1.000018
1.000150
1.001055
1.006088
1.027385
1.091041
1.215289
1.374071
1.530442
1.659330
1.751131
1.808242
1.839383
1.854105
1.858694
1.851609
1.813492
1.698153
1.482136
1.247729
1.096553
1.030493
1.008205
1.001936
1.000408
1.000078
1.000014
1.000000
1.000000
1.000000
1.000000
1.000000
1.000000
1.000000
1.000000
1.000000
1.000000
1.000000
1.000000
1.000000
1.000000
1.000018
1.000152
1.001074
1.006210
1.027985
1.093315
1.221713
1.387851
1.554402
1.694768
1.797296
1.862801
1.899486
1.917313
1.923293
1.916145
1.875224
1.750400
1.515846
1.262606
1.101276
1.031707
1.008478
1.001991
1.000418
1.000079
1.000014
1.000000
1.000000
1.000000
1.000000
1.000000
1.000000
1.000000
1.000000
1.000000
1.000000
1.000000
1.000000
1.000000
1.000000
1.000018
1.000152
1.001081
1.006252
1.028204
1.094196
1.224396
1.394063
1.565961
1.712819
1.821796
1.892595
1.932915
1.952843
1.959788
1.952613
1.909843
1.778977
1.533374
1.269823
1.103407
1.032221
1.008589
1.002012
1.000421
1.000080
1.000014
1.000000
1.000000
1.000000
1.000000
1.000000
1.000000
1.000000
1.000000
1.000000
1.000000
1.000000
1.000000
1.000000
1.000000
1.000018
1.000152
1.001082
1.006264
1.028262
1.094460
1.225324
1.396462
1.570812
1.720870
1.833203
1.906879
1.949234
1.970366
1.977871
1.970674
1.926813
1.792543
1.541179
1.272762
1.104192
1.032392
1.008621
1.002018
1.000422
1.000080
1.000014
1.000000
1.000000
1.000000
1.000000
1.000000
1.000000
1.000000
1.000000
1.000000
1.000000
1.000000
1.000000
1.000000
1.000000
1.000018
1.000151
1.001077
1.006236
1.028151
1.094188
1.224966
1.396376
1.571502
1.722779
1.836507
1.911435
1.954702
1.976378
1.984130
1.976879
1.932374
1.796293
1.542388
1.272575
1.103888
1.032251
1.008577
1.002005
1.000418
1.000079
1.000014
1.000000
1.000000
1.000000
1.000000
1.000000
1.000000
1.000000
1.000000
1.000000
1.000000
1.000000
1.000000
1.000000
1.000000
1.000017
1.000144
1.001036
1.006024
1.027300
1.091765
1.220343
1.389762
1.563447
1.713795
1.826952
1.901523
1.944556
1.966077
1.973697
1.966182
1.920915
1.783392
1.529645
1.264030
1.100083
1.030981
1.008226
1.001921
1.000402
1.000075
1.000013
1.000000
1.000000
1.000000
1.000000
1.000000
1.000000
1.000000
1.000000
1.000000
1.000000
1.000000
1.000000
1.000000
1.000000
1.000015
1.000126
1.000887
1.005200
1.023850
1.081546
1.199699
1.358384
1.522702
1.665289
1.772223
1.842101
1.881935
1.901516
1.908000
1.899463
1.852429
1.713631
1.469192
1.227527
1.084807
1.026044
1.006889
1.001606
1.000335
1.000062
1.000010
1.000000
1.000000
1.000000
1.000000
1.000000
1.000000
1.000000
1.000000
1.000000
1.000000
1.000000
1.000000
1.000000
1.000000
1.000010
1.000085
1.000629
1.003734
1.017428
1.061142
1.154499
1.283904
1.419863
1.537618
1.624538
1.679827
1.710255
1.724524
1.728307
1.718373
1.671620
1.543144
1.339600
1.158414
1.058033
1.017733
1.004684
1.001089
1.000226
1.000043
1.000006
1.000000
1.000000
1.000000
1.000000
1.000000
1.000000
1.000000
1.000000
1.000000
1.000000
1.000000
1.000000
1.000000
1.000000
1.000004
1.000047
1.000365
1.002181
1.010342
1.037136
1.096515
1.180812
1.269541
1.344845
1.398298
1.430560
1.447262
1.454491
1.455450
1.446458
1.409795
1.317999
1.189782
1.086367
1.031507
1.009661
1.002563
1.000597
1.000123
1.000023
1.000002
1.000000
1.000000
1.000000
1.000000
1.000000
1.000000
1.000000
1.000000
1.000000
1.000000
1.000000
1.000000
1.000000
1.000000
1.000000
1.000022
1.000173
1.001043
1.005007
1.018257
1.048213
1.090831
1.134711
1.170326
1.194103
1.207473
1.213892
1.216399
1.216202
1.210783
1.190613
1.143660
1.083714
1.037917
1.013926
1.004306
1.001149
1.000268
1.000054
1.000008
1.000000
1.000000
1.000000
1.000000
1.000000
1.000000
1.000000
1.000000
1.000000
1.000000
1.000000
1.000000
1.000000
1.000000
1.000000
1.000000
1.000009
1.000064
1.000416
1.002016
1.007414
1.019685
1.036893
1.053956
1.067042
1.075201
1.079462
1.081360
1.082022
1.081773
1.079457
1.071257
1.052951
1.030654
1.013954
1.005175
1.001614
1.000433
1.000100
1.000020
1.000002
1.000000
1.000000
1.000000
1.000000
1.000000
1.000000
1.000000
1.000000
1.000000
1.000000
1.000000
1.000000
1.000000
1.000000
1.000000
1.000000
1.000000
1.000021
1.000141
1.000690
1.002550
1.006768
1.012563
1.018084
1.022095
1.024444
1.025593
1.026072
1.026221
1.026107
1.025324
1.022622
1.016716
1.009679
1.004434
1.001658
1.000520
1.000139
1.000032
1.000005
1.000000
1.000000
1.000000
1.000000
1.000000
1.000000
1.000000
1.000000
1.000000
1.000000
1.000000
1.000000
1.000000
1.000000
1.000000
1.000000
1.000000
1.000000
1.000005
1.000039
1.000203
1.000757
1.002008
1.003692
1.005241
1.006316
1.006913
1.007189
1.007297
1.007330
1.007291
1.007066
1.006301
1.004645
1.002695
1.001240
1.000466
1.000146
1.000039
1.000008
1.000000
1.000000
1.000000
1.000000
1.000000
1.000000
1.000000
1.000000
1.000000
1.000000
1.000000
1.000000
1.000000
1.000000
1.000000
1.000000
1.000000
1.000000
1.000000
1.000000
1.000009
1.000052
1.000197
1.000523
1.000954
1.001341
1.001598
1.001736
1.001796
1.001820
1.001827
1.001814
1.001758
1.001566
1.001153
1.000669
1.000308
1.000116
1.000036
1.000008
1.000000
1.000000
1.000000
1.000000
1.000000
1.000000
1.000000
1.000000
1.000000
1.000000
1.000000
1.000000
1.000000
1.000000
1.000000
1.000000
1.000000
1.000000
1.000000
1.000000
1.000000
1.000000
1.000010
1.000045
1.000120
1.000219
1.000306
1.000360
1.000390
1.000405
1.000409
1.000409
1.000407
1.000393
1.000351
1.000258
1.000149
1.000068
1.000024
1.000006
1.000000
1.000000
1.000000
1.000000
1.000000
1.000000
1.000000
1.000000
1.000000
1.000000
1.000000
1.000000
1.000000
1.000000
1.000000
1.000000
1.000000
1.000000
1.000000
1.000000
1.000000
1.000000
1.000000
1.000000
1.000006
1.000023
1.000043
1.000061
1.000074
1.000079
1.000081
1.000082
1.000082
1.000081
1.000079
1.000069
1.000052
1.000029
1.000011
1.000002
1.000000
1.000000
1.000000
1.000000
1.000000
1.000000
1.000000
1.000000
1.000000
1.000000
1.000000
1.000000
1.000000
1.000000
1.000000
1.000000
1.000000
1.000000
1.000000
1.000000
1.000000
1.000000
1.000000
1.000000
1.000000
1.000000
1.000003
1.000006
1.000010
1.000011
1.000012
1.000012
1.000012
1.000012
1.000012
1.000011
1.000010
1.000007
1.000003
1.000000
1.000000
1.000000
1.000000
1.000000
1.000000
1.000000
1.000000
1.000000
1.000000
1.000000
1.000000
1.000000
1.000000
1.000000
1.000000
1.000000
1.000000
1.000000
1.000000
1.000000
1.000000
1.000000
1.000000
1.000000
1.000000
1.000000
1.000000
1.000000
1.000000
1.000000
1.000000
1.000000
1.000000
1.000000
1.000000
1.000000
1.000000
1.000000
1.000000
1.000000
1.000000
1.000000
1.000000
1.000000
1.000000
1.000000
1.000000
1.000000
1.000000
1.000000
1.000000
1.000000
1.000000
1.000000
1.000000
1.000000
1.000000
1.000000
1.000000
1.000000
1.000000
1.000000
1.000000
1.000000
1.000000
1.000000
1.000000
1.000000
1.000000
1.000000
1.000000
1.000000
1.000000
1.000000
1.000000
1.000000
1.000000
1.000000
1.000000
1.000000
1.000000
1.000000
1.000000
1.000000
1.000000
1.000000
1.000000
1.000000
1.000000
1.000000
1.000000
1.000000
1.000000
1.000000
1.000000
1.000000
1.000000
1.000000
1.000000
1.000000
1.000000
1.000000
1.000000
1.000000
1.000000
1.000000
1.000000
1.000000
1.000000
1.000000
1.000000
1.000000
1.000000
1.000000
1.000000
1.000000
1.000000
1.000000
1.000000
1.000000
1.000000
1.000000
1.000000
1.000000
1.000000
1.000000
1.000000
1.000000
1.000000
1.000000
1.000000
1.000000
1.000000
1.000000
1.000000
1.000000
1.000000
1.000000
1.000000
1.000000
1.000000
1.000000
1.000000
1.000000
1.000000
1.000000
1.000000
1.000000
1.000000
1.000000
1.000000
1.000000
1.000000
1.000000
1.000000
1.000000
1.000000
1.000000
1.000000
1.000000
1.000000
1.000000
1.000000
1.000000
1.000000
1.000000
1.000000
1.000000
1.000000
1.000000
1.000000
1.000000
1.000000
1.000000
1.000000
1.000000
1.000000
1.000000
1.000000
1.000000
1.000000
1.000000
1.000000
1.000000
1.000000
1.000000
1.000000
1.000000
1.000000
1.000000
1.000000
1.000000
1.000000
1.000000
1.000000
1.000000
1.000000
1.000000
1.000000
1.000000
1.000000
1.000000
1.000000
1.000000
1.000000
1.000000
1.000000
1.000000
1.000000
1.000000
1.000000
1.000000
1.000000
1.000000
1.000000
1.000000
1.000000
1.000000
1.000000
1.000000
1.000000
1.000000
1.000000
1.000000
1.000000
1.000000
1.000000
1.000000
1.000000
1.000000
1.000000
1.000000
1.000000
1.000000
1.000000
1.000000
1.000000
1.000000
1.000000
1.000000
1.000000
1.000000
1.000000
1.000000
1.000000
1.000000
1.000000
1.000000
1.000000
1.000000
1.000000
1.000000
1.000000
1.000000
1.000000
1.000000
1.000000
1.000000
1.000000
1.000000
1.000000
1.000000
1.000000
1.000000
1.000000
1.000000
1.000000
1.000000
1.000000
1.000000
1.000000
1.000000
1.000000
1.000000
1.000000
1.000000
1.000000
1.000000
1.000000
1.000000
1.000000
1.000000
1.000000
1.000000
1.000000
1.000000
1.000000
1.000000
1.000000
1.000000
1.000000
1.000000
1.000000
1.000000
1.000000
1.000000
1.000000
1.000000
1.000000
1.000000
1.000000
1.000000
1.000000
1.000000
1.000000
1.000000
1.000000
1.000000
1.000000
1.000000
1.000000
1.000000
1.000000
1.000000
1.000000
1.000000
1.000000
1.000000
1.000000
1.000000
1.000000
1.000000
1.000000
1.000000
1.000000
1.000000
1.000000
1.000000
1.000000
1.000000
1.000000
1.000000
1.000000
1.000000
1.000000
1.000000
1.000000
1.000000
1.000000
1.000000
1.000000
1.000000
1.000000
1.000000
1.000000
1.000000
1.000000
1.000000
1.000000
1.000000
1.000000
1.000000
1.000000
1.000000
1.000000
1.000000
1.000000
1.000000
1.000000
1.000000
1.000000
1.000000
1.000000
1.000000
1.000000
1.000000
1.000000
1.000000
1.000000
1.000000
1.000000
1.000000
1.000000
1.000000
1.000000
1.000000
1.000000
1.000000
1.000000
1.000000
1.000000
1.000000
1.000000
1.000000
1.000000
1.000000
