1.000000
1.000000
1.000000
1.000000
1.000000
1.000000
1.000000
1.000000
1.000000
1.000000
1.000000
1.000000
1.000000
1.000000
1.000000
1.000000
1.000000
1.000000
1.000000
1.000000
1.000000
1.000000
1.000000
1.000000
1.000000
1.000000
1.000000
1.000000
1.000000
1.000000
1.000000
1.000000
1.000000
1.000000
1.000000
1.000000
1.000000
1.000000
1.000000
1.000000
1.000000
1.000000
1.000000
1.000000
1.000000
1.000000
1.000000
1.000000
1.000000
1.000000
1.000000
1.000000
1.000000
1.000000
1.000000
1.000000
1.000000
1.000000
1.000000
1.000000
1.000000
1.000000
1.000000
1.000000
1.000000
1.000000
1.000000
1.000000
1.000000
1.000000
1.000000
1.000000
1.000000
1.000000
1.000000
1.000000
1.000000
1.000000
1.000000
1.000000
1.000000
1.000000
1.000000
1.000000
1.000000
1.000000
1.000000
1.000000
1.000000
1.000000
1.000000
1.000000
1.000000
1.000000
1.000000
1.000000
1.000000
1.000000
1.000000
1.000000
1.000000
1.000000
1.000000
1.000000
1.000000
1.000000
1.000000
1.000000
1.000000
1.000000
1.000000
1.000000
1.000000
1.000000
1.000000
1.000000
1.000000
1.000000
1.000000
1.000000
1.000000
1.000000
1.000000
1.000000
1.000000
1.000000
1.000000
1.000000
1.000000
1.000000
1.000000
1.000000
1.000000
1.000000
1.000000
1.000000
1.000000
1.000000
1.000000
1.000000
1.000000
1.000000
1.000000
1.000000
1.000000
1.000000
1.000000
1.000000
1.000000
1.000000
1.000000
1.000000
1.000000
1.000000
1.000000
1.000000
1.000000
1.000000
1.000000
1.000000
1.000000
1.000000
1.000000
1.000000
1.000000
1.000000
1.000000
1.000000
1.000000
1.000000
1.000000
1.000000
1.000000
1.000000
1.000000
1.000000
1.000000
1.000000
1.000000
1.000000
1.000000
1.000000
1.000000
1.000000
1.000000
1.000000
1.000000
1.000000
1.000000
1.000000
1.000000
1.000000
1.000000
1.000000
1.000000
1.000000
1.000000
1.000000
1.000000
1.000000
1.000000
1.000000
1.000000
1.000000
1.000000
1.000000
1.000000
1.000000
1.000000
1.000000
1.000000
1.000000
1.000000
1.000000
1.000000
1.000000
1.000000
1.000000
1.000000
1.000000
1.000000
1.000000
1.000000
1.000000
1.000000
1.000000
1.000000
1.000000
1.000000
1.000000
1.000000
1.000000
1.000000
1.000000
1.000000
1.000000
1.000000
1.000000
1.000000
1.000000
1.000000
1.000000
1.000000
1.000000
1.000000
1.000000
1.000000
1.000000
1.000000
1.000000
1.000000
1.000000
1.000000
1.000000
1.000000
1.000010
1.000013
1.000027
1.000040
1.000059
1.000067
1.000067
1.000067
1.000067
1.000067
1.000066
1.000058
1.000045
1.000031
1.000017
1.000004
1.000000
1.000000
1.000000
1.000000
1.000000
1.000000
1.000000
1.000000
1.000000
1.000000
1.000000
1.000000
1.000000
1.000000
1.000000
1.000000
1.000000
1.000000
1.000000
1.000000
1.000000
1.000000
1.000000
1.000000
1.000013
1.000085
1.000216
1.000384
1.000521
1.000616
1.000661
1.000680
1.000692
1.000694
1.000690
1.000672
1.000605
1.000477
1.000308
1.000163
1.000070
1.000027
1.000011
1.000000
1.000000
1.000000
1.000000
1.000000
1.000000
1.000000
1.000000
1.000000
1.000000
1.000000
1.000000
1.000000
1.000000
1.000000
1.000000
1.000000
1.000000
1.000000
1.000000
1.000012
1.000051
1.000218
1.000718
1.001713
1.002958
1.004040
1.004753
1.005130
1.005298
1.005359
1.005378
1.005351
1.005212
1.004767
1.003792
1.002484
1.001324
1.000583
1.000215
1.000067
1.000019
1.000003
1.000000
1.000000
1.000000
1.000000
1.000000
1.000000
1.000000
1.000000
1.000000
1.000000
1.000000
1.000000
1.000000
1.000000
1.000000
1.000000
1.000000
1.000013
1.000056
1.000299
1.001259
1.004044
1.009485
1.016219
1.022105
1.026061
1.028220
1.029212
1.029601
1.029711
1.029599
1.028930
1.026690
1.021599
1.014449
1.007837
1.003479
1.001290
1.000409
1.000113
1.000025
1.000008
1.000000
1.000000
1.000000
1.000000
1.000000
1.000000
1.000000
1.000000
1.000000
1.000000
1.000000
1.000000
1.000000
1.000000
1.000000
1.000000
1.000029
1.000214
1.001133
1.004714
1.014821
1.033940
1.057210
1.077691
1.091880
1.100011
1.103975
1.105645
1.106194
1.105958
1.104018
1.097180
1.080701
1.055687
1.030944
1.013926
1.005195
1.001647
1.000453
1.000108
1.000024
1.000007
1.000000
1.000000
1.000000
1.000000
1.000000
1.000000
1.000000
1.000000
1.000000
1.000000
1.000000
1.000000
1.000000
1.000000
1.000013
1.000076
1.000493
1.002574
1.010594
1.032799
1.073873
1.123639
1.168351
1.200722
1.220445
1.230801
1.235541
1.237337
1.237244
1.233797
1.220829
1.187712
1.133282
1.075553
1.034226
1.012737
1.004014
1.001097
1.000264
1.000059
1.000014
1.000000
1.000000
1.000000
1.000000
1.000000
1.000000
1.000000
1.000000
1.000000
1.000000
1.000000
1.000000
1.000000
1.000000
1.000016
1.000125
1.000799
1.004161
1.017058
1.052467
1.117465
1.196959
1.270585
1.326546
1.362849
1.383337
1.393487
1.397782
1.398440
1.393843
1.374952
1.324174
1.234949
1.134670
1.060835
1.022394
1.006968
1.001880
1.000452
1.000099
1.000022
1.000004
1.000000
1.000000
1.000000
1.000000
1.000000
1.000000
1.000000
1.000000
1.000000
1.000000
1.000000
1.000000
1.000000
1.000021
1.000165
1.001039
1.005438
1.022312
1.068654
1.154048
1.260398
1.362267
1.443400
1.499108
1.532610
1.550376
1.558548
1.560735
1.555575
1.531696
1.464667
1.340780
1.195749
1.087507
1.031690
1.009703
1.002586
1.000615
1.000133
1.000029
1.000005
1.000000
1.000000
1.000000
1.000000
1.000000
1.000000
1.000000
1.000000
1.000000
1.000000
1.000000
1.000000
1.000000
1.000023
1.000186
1.001194
1.006250
1.025713
1.079434
1.179366
1.306399
1.431984
1.536177
1.611219
1.658774
1.685419
1.698466
1.702838
1.697659
1.669780
1.588745
1.433773
1.248023
1.109276
1.038881
1.011719
1.003085
1.000725
1.000154
1.000032
1.000006
1.000000
1.000000
1.000000
1.000000
1.000000
1.000000
1.000000
1.000000
1.000000
1.000000
1.000000
1.000000
1.000000
1.000025
1.000200
1.001274
1.006676
1.027549
1.085482
1.194338
1.335243
1.478226
1.600807
1.692487
1.753008
1.788382
1.806516
1.813344
1.808492
1.777476
1.684963
1.504493
1.286133
1.124227
1.043526
1.012953
1.003376
1.000787
1.000168
1.000034
1.000006
1.000000
1.000000
1.000000
1.000000
1.000000
1.000000
1.000000
1.000000
1.000000
1.000000
1.000000
1.000000
1.000000
1.000025
1.000204
1.001307
1.006866
1.028399
1.088416
1.202060
1.351137
1.505329
1.640735
1.744853
1.815671
1.858358
1.880955
1.890045
1.885631
1.852237
1.750923
1.551492
1.310136
1.133039
1.046091
1.013597
1.003523
1.000816
1.000172
1.000035
1.000006
1.000000
1.000000
1.000000
1.000000
1.000000
1.000000
1.000000
1.000000
1.000000
1.000000
1.000000
1.000000
1.000000
1.000025
1.000205
1.001321
1.006942
1.028741
1.089665
1.205575
1.358905
1.519464
1.662722
1.774954
1.852852
1.900794
1.926721
1.937552
1.933515
1.898428
1.790954
1.578912
1.323315
1.137553
1.047322
1.013890
1.003586
1.000829
1.000173
1.000035
1.000006
1.000000
1.000000
1.000000
1.000000
1.000000
1.000000
1.000000
1.000000
1.000000
1.000000
1.000000
1.000000
1.000000
1.000025
1.000206
1.001324
1.006965
1.028852
1.090102
1.206940
1.362215
1.525962
1.673450
1.790313
1.872447
1.923651
1.951704
1.963671
1.959880
1.923686
1.812332
1.592845
1.329538
1.139513
1.047813
1.013996
1.003608
1.000833
1.000174
1.000035
1.000006
1.000000
1.000000
1.000000
1.000000
1.000000
1.000000
1.000000
1.000000
1.000000
1.000000
1.000000
1.000000
1.000000
1.000025
1.000204
1.001318
1.006940
1.028764
1.089932
1.206866
1.362716
1.527713
1.677090
1.796182
1.880455
1.933358
1.962542
1.975113
1.971415
1.934501
1.820841
1.597432
1.330841
1.139590
1.047728
1.013953
1.003592
1.000827
1.000172
1.000035
1.000006
1.000000
1.000000
1.000000
1.000000
1.000000
1.000000
1.000000
1.000000
1.000000
1.000000
1.000000
1.000000
1.000000
1.000024
1.000197
1.001275
1.006734
1.028008
1.087949
1.203269
1.357774
1.522004
1.671172
1.790431
1.875020
1.928214
1.957585
1.970206
1.966310
1.928572
1.813026
1.587951
1.322977
1.135407
1.046123
1.013455
1.003459
1.000797
1.000166
1.000033
1.000005
1.000000
1.000000
1.000000
1.000000
1.000000
1.000000
1.000000
1.000000
1.000000
1.000000
1.000000
1.000000
1.000000
1.000020
1.000176
1.001122
1.005967
1.025084
1.079910
1.187713
1.334588
1.492277
1.636128
1.751119
1.832369
1.883111
1.910830
1.922358
1.917402
1.877766
1.759592
1.537382
1.287868
1.118552
1.040003
1.011616
1.002979
1.000686
1.000143
1.000027
1.000004
1.000000
1.000000
1.000000
1.000000
1.000000
1.000000
1.000000
1.000000
1.000000
1.000000
1.000000
1.000000
1.000000
1.000015
1.000130
1.000841
1.004523
1.019332
1.063040
1.152234
1.277454
1.414201
1.539471
1.638907
1.708025
1.750165
1.772430
1.780758
1.773642
1.732165
1.616567
1.417415
1.214616
1.086398
1.028904
1.008370
1.002143
1.000492
1.000102
1.000018
1.000002
1.000000
1.000000
1.000000
1.000000
1.000000
1.000000
1.000000
1.000000
1.000000
1.000000
1.000000
1.000000
1.000000
1.000009
1.000078
1.000524
1.002850
1.012378
1.041315
1.102583
1.191070
1.288791
1.377665
1.446535
1.492638
1.519437
1.532732
1.536574
1.528333
1.491563
1.398569
1.256812
1.127601
1.050775
1.016989
1.004935
1.001266
1.000288
1.000059
1.000009
1.000000
1.000000
1.000000
1.000000
1.000000
1.000000
1.000000
1.000000
1.000000
1.000000
1.000000
1.000000
1.000000
1.000000
1.000002
1.000038
1.000273
1.001491
1.006559
1.022262
1.056298
1.105992
1.160377
1.208393
1.243893
1.266292
1.278472
1.284014
1.284868
1.278646
1.255045
1.200297
1.124975
1.061261
1.024436
1.008239
1.002409
1.000621
1.000140
1.000029
1.000004
1.000000
1.000000
1.000000
1.000000
1.000000
1.000000
1.000000
1.000000
1.000000
1.000000
1.000000
1.000000
1.000000
1.000000
1.000000
1.000017
1.000118
1.000656
1.002914
1.009986
1.025453
1.047880
1.071752
1.091862
1.105852
1.114093
1.118259
1.119979
1.119927
1.116755
1.105739
1.081557
1.050249
1.024655
1.009922
1.003378
1.000995
1.000256
1.000057
1.000011
1.000000
1.000000
1.000000
1.000000
1.000000
1.000000
1.000000
1.000000
1.000000
1.000000
1.000000
1.000000
1.000000
1.000000
1.000000
1.000000
1.000003
1.000042
1.000247
1.001105
1.003806
1.009715
1.018144
1.026811
1.033751
1.038295
1.040802
1.041985
1.042427
1.042313
1.041081
1.037000
1.028311
1.017402
1.008585
1.003487
1.001197
1.000354
1.000091
1.000019
1.000002
1.000000
1.000000
1.000000
1.000000
1.000000
1.000000
1.000000
1.000000
1.000000
1.000000
1.000000
1.000000
1.000000
1.000000
1.000000
1.000000
1.000000
1.000015
1.000081
1.000363
1.001257
1.003204
1.005932
1.008646
1.010723
1.012012
1.012684
1.012984
1.013086
1.013031
1.012633
1.011347
1.008654
1.005323
1.002640
1.001079
1.000372
1.000110
1.000027
1.000005
1.000000
1.000000
1.000000
1.000000
1.000000
1.000000
1.000000
1.000000
1.000000
1.000000
1.000000
1.000000
1.000000
1.000000
1.000000
1.000000
1.000000
1.000000
1.000001
1.000020
1.000104
1.000365
1.000930
1.001708
1.002461
1.003015
1.003344
1.003508
1.003578
1.003602
1.003583
1.003469
1.003112
1.002370
1.001459
1.000726
1.000298
1.000102
1.000029
1.000007
1.000000
1.000000
1.000000
1.000000
1.000000
1.000000
1.000000
1.000000
1.000000
1.000000
1.000000
1.000000
1.000000
1.000000
1.000000
1.000000
1.000000
1.000000
1.000000
1.000000
1.000004
1.000024
1.000093
1.000240
1.000438
1.000626
1.000760
1.000837
1.000874
1.000890
1.000895
1.000890
1.000861
1.000771
1.000587
1.000361
1.000180
1.000073
1.000023
1.000005
1.000000
1.000000
1.000000
1.000000
1.000000
1.000000
1.000000
1.000000
1.000000
1.000000
1.000000
1.000000
1.000000
1.000000
1.000000
1.000000
1.000000
1.000000
1.000000
1.000000
1.000000
1.000000
1.000004
1.000019
1.000054
1.000100
1.000142
1.000171
1.000189
1.000198
1.000201
1.000201
1.000200
1.000194
1.000174
1.000131
1.000081
1.000039
1.000014
1.000003
1.000000
1.000000
1.000000
1.000000
1.000000
1.000000
1.000000
1.000000
1.000000
1.000000
1.000000
1.000000
1.000000
1.000000
1.000000
1.000000
1.000000
1.000000
1.000000
1.000000
1.000000
1.000000
1.000000
1.000000
1.000002
1.000009
1.000018
1.000029
1.000035
1.000038
1.000039
1.000040
1.000040
1.000040
1.000038
1.000034
1.000024
1.000012
1.000005
1.000000
1.000000
1.000000
1.000000
1.000000
1.000000
1.000000
1.000000
1.000000
1.000000
1.000000
1.000000
1.000000
1.000000
1.000000
1.000000
1.000000
1.000000
1.000000
1.000000
1.000000
1.000000
1.000000
1.000000
1.000000
1.000000
1.000000
1.000000
1.000002
1.000004
1.000005
1.000005
1.000005
1.000005
1.000005
1.000005
1.000005
1.000004
1.000003
1.000000
1.000000
1.000000
1.000000
1.000000
1.000000
1.000000
1.000000
1.000000
1.000000
1.000000
1.000000
1.000000
1.000000
1.000000
1.000000
1.000000
1.000000
1.000000
1.000000
1.000000
1.000000
1.000000
1.000000
1.000000
1.000000
1.000000
1.000000
1.000000
1.000000
1.000000
1.000000
1.000000
1.000000
1.000000
1.000000
1.000000
1.000000
1.000000
1.000000
1.000000
1.000000
1.000000
1.000000
1.000000
1.000000
1.000000
1.000000
1.000000
1.000000
1.000000
1.000000
1.000000
1.000000
1.000000
1.000000
1.000000
1.000000
1.000000
1.000000
1.000000
1.000000
1.000000
1.000000
1.000000
1.000000
1.000000
1.000000
1.000000
1.000000
1.000000
1.000000
1.000000
1.000000
1.000000
1.000000
1.000000
1.000000
1.000000
1.000000
1.000000
1.000000
1.000000
1.000000
1.000000
1.000000
1.000000
1.000000
1.000000
1.000000
1.000000
1.000000
1.000000
1.000000
1.000000
1.000000
1.000000
1.000000
1.000000
1.000000
1.000000
1.000000
1.000000
1.000000
1.000000
1.000000
1.000000
1.000000
1.000000
1.000000
1.000000
1.000000
1.000000
1.000000
1.000000
1.000000
1.000000
1.000000
1.000000
1.000000
1.000000
1.000000
1.000000
1.000000
1.000000
1.000000
1.000000
1.000000
1.000000
1.000000
1.000000
1.000000
1.000000
1.000000
1.000000
1.000000
1.000000
1.000000
1.000000
1.000000
1.000000
1.000000
1.000000
1.000000
1.000000
1.000000
1.000000
1.000000
1.000000
1.000000
1.000000
1.000000
1.000000
1.000000
1.000000
1.000000
1.000000
1.000000
1.000000
1.000000
1.000000
1.000000
1.000000
1.000000
1.000000
1.000000
1.000000
1.000000
1.000000
1.000000
1.000000
1.000000
1.000000
1.000000
1.000000
1.000000
1.000000
1.000000
1.000000
1.000000
1.000000
1.000000
1.000000
1.000000
1.000000
1.000000
1.000000
1.000000
1.000000
1.000000
1.000000
1.000000
1.000000
1.000000
1.000000
1.000000
1.000000
1.000000
1.000000
1.000000
1.000000
1.000000
1.000000
1.000000
1.000000
1.000000
1.000000
1.000000
1.000000
1.000000
1.000000
1.000000
1.000000
1.000000
1.000000
1.000000
1.000000
1.000000
1.000000
1.000000
1.000000
1.000000
1.000000
1.000000
1.000000
1.000000
1.000000
1.000000
1.000000
1.000000
1.000000
1.000000
1.000000
1.000000
1.000000
1.000000
1.000000
1.000000
1.000000
1.000000
1.000000
1.000000
1.000000
1.000000
1.000000
1.000000
1.000000
1.000000
1.000000
1.000000
1.000000
1.000000
1.000000
1.000000
1.000000
1.000000
1.000000
1.000000
1.000000
1.000000
1.000000
1.000000
1.000000
1.000000
1.000000
1.000000
1.000000
1.000000
1.000000
1.000000
1.000000
1.000000
1.000000
1.000000
1.000000
1.000000
1.000000
1.000000
1.000000
1.000000
1.000000
1.000000
1.000000
1.000000
1.000000
1.000000
1.000000
1.000000
1.000000
1.000000
1.000000
1.000000
1.000000
1.000000
1.000000
1.000000
1.000000
1.000000
1.000000
1.000000
1.000000
1.000000
1.000000
1.000000
1.000000
1.000000
1.000000
1.000000
1.000000
1.000000
1.000000
1.000000
1.000000
1.000000
1.000000
1.000000
1.000000
1.000000
1.000000
1.000000
1.000000
1.000000
1.000000
1.000000
1.000000
1.000000
1.000000
1.000000
1.000000
1.000000
1.000000
1.000000
1.000000
1.000000
1.000000
1.000000
1.000000
1.000000
1.000000
1.000000
1.000000
1.000000
1.000000
1.000000
1.000000
1.000000
1.000000
