1.000000
1.000000
1.000000
1.000000
1.000000
1.000000
1.000000
1.000000
1.000000
1.000000
1.000000
1.000000
1.000000
1.000000
1.000000
1.000000
1.000000
1.000000
1.000000
1.000000
1.000000
1.000000
1.000000
1.000000
1.000000
1.000000
1.000000
1.000000
1.000000
1.000000
1.000000
1.000000
1.000000
1.000000
1.000000
1.000000
1.000000
1.000000
1.000000
1.000000
1.000000
1.000000
1.000000
1.000000
1.000000
1.000000
1.000000
1.000000
1.000000
1.000000
1.000000
1.000000
1.000000
1.000000
1.000000
1.000000
1.000000
1.000000
1.000000
1.000000
1.000000
1.000000
1.000000
1.000000
1.000000
1.000000
1.000000
1.000000
1.000000
1.000000
1.000000
1.000000
1.000000
1.000000
1.000000
1.000000
1.000000
1.000000
1.000000
1.000000
1.000000
1.000000
1.000000
1.000000
1.000000
1.000000
1.000000
1.000000
1.000000
1.000000
1.000000
1.000000
1.000000
1.000000
1.000000
1.000000
1.000000
1.000000
1.000000
1.000000
1.000000
1.000000
1.000000
1.000000
1.000000
1.000000
1.000000
1.000000
1.000000
1.000000
1.000000
1.000000
1.000000
1.000000
1.000000
1.000000
1.000000
1.000000
1.000000
1.000000
1.000000
1.000000
1.000000
1.000000
1.000000
1.000000
1.000000
1.000000
1.000000
1.000000
1.000000
1.000000
1.000000
1.000000
1.000000
1.000000
1.000000
1.000000
1.000000
1.000000
1.000000
1.000000
1.000000
1.000000
1.000000
1.000000
1.000000
1.000000
1.000000
1.000000
1.000000
1.000000
1.000000
1.000000
1.000000
1.000000
1.000000
1.000000
1.000000
1.000000
1.000000
1.000000
1.000000
1.000000
1.000000
1.000000
1.000000
1.000000
1.000000
1.000000
1.000000
1.000000
1.000000
1.000000
1.000000
1.000000
1.000000
1.000000
1.000000
1.000000
1.000000
1.000000
1.000000
1.000000
1.000000
1.000000
1.000000
1.000000
1.000000
1.000000
1.000000
1.000000
1.000000
1.000000
1.000000
1.000000
1.000000
1.000000
1.000000
1.000000
1.000000
1.000000
1.000000
1.000000
1.000000
1.000000
1.000000
1.000000
1.000000
1.000000
1.000000
1.000000
1.000000
1.000000
1.000000
1.000000
1.000000
1.000000
1.000000
1.000000
1.000000
1.000000
1.000000
1.000000
1.000000
1.000000
1.000000
1.000000
1.000000
1.000000
1.000000
1.000000
1.000000
1.000000
1.000000
1.000000
1.000000
1.000000
1.000000
1.000000
1.000000
1.000000
1.000000
1.000000
1.000000
1.000000
1.000000
1.000000
1.000000
1.000000
1.000000
1.000000
1.000000
1.000000
1.000000
1.000010
1.000013
1.000027
1.000040
1.000053
1.000056
1.000057
1.000057
1.000057
1.000057
1.000055
1.000047
1.000038
1.000023
1.000011
1.000000
1.000000
1.000000
1.000000
1.000000
1.000000
1.000000
1.000000
1.000000
1.000000
1.000000
1.000000
1.000000
1.000000
1.000000
1.000000
1.000000
1.000000
1.000000
1.000000
1.000000
1.000000
1.000000
1.000000
1.000000
1.000013
1.000085
1.000214
1.000381
1.000510
1.000589
1.000627
1.000641
1.000648
1.000649
1.000645
1.000629
1.000565
1.000433
1.000264
1.000131
1.000054
1.000019
1.000006
1.000000
1.000000
1.000000
1.000000
1.000000
1.000000
1.000000
1.000000
1.000000
1.000000
1.000000
1.000000
1.000000
1.000000
1.000000
1.000000
1.000000
1.000000
1.000000
1.000000
1.000007
1.000045
1.000214
1.000751
1.001857
1.003201
1.004300
1.004976
1.005307
1.005441
1.005486
1.005502
1.005472
1.005331
1.004848
1.003751
1.002331
1.001158
1.000469
1.000158
1.000047
1.000012
1.000000
1.000000
1.000000
1.000000
1.000000
1.000000
1.000000
1.000000
1.000000
1.000000
1.000000
1.000000
1.000000
1.000000
1.000000
1.000000
1.000000
1.000000
1.000011
1.000050
1.000289
1.001331
1.004550
1.011054
1.018874
1.025342
1.029409
1.031472
1.032349
1.032667
1.032744
1.032616
1.031879
1.029255
1.023066
1.014656
1.007403
1.003025
1.001025
1.000296
1.000073
1.000016
1.000003
1.000000
1.000000
1.000000
1.000000
1.000000
1.000000
1.000000
1.000000
1.000000
1.000000
1.000000
1.000000
1.000000
1.000000
1.000000
1.000000
1.000024
1.000203
1.001163
1.005228
1.017451
1.041262
1.069424
1.093007
1.108414
1.116692
1.120458
1.121933
1.122371
1.122062
1.119827
1.111485
1.090541
1.059508
1.030801
1.012742
1.004341
1.001252
1.000312
1.000068
1.000016
1.000002
1.000000
1.000000
1.000000
1.000000
1.000000
1.000000
1.000000
1.000000
1.000000
1.000000
1.000000
1.000000
1.000000
1.000000
1.000013
1.000065
1.000458
1.002605
1.011581
1.038084
1.088554
1.148239
1.199662
1.235098
1.255534
1.265634
1.269963
1.271480
1.271201
1.267197
1.251398
1.209357
1.141627
1.074553
1.030916
1.010472
1.002997
1.000742
1.000163
1.000035
1.000008
1.000000
1.000000
1.000000
1.000000
1.000000
1.000000
1.000000
1.000000
1.000000
1.000000
1.000000
1.000000
1.000000
1.000000
1.000013
1.000105
1.000716
1.004084
1.018111
1.059261
1.137195
1.230743
1.314411
1.375378
1.413056
1.433182
1.442561
1.446257
1.446521
1.441088
1.418176
1.354221
1.244115
1.129277
1.053182
1.017763
1.005014
1.001227
1.000268
1.000054
1.000011
1.000000
1.000000
1.000000
1.000000
1.000000
1.000000
1.000000
1.000000
1.000000
1.000000
1.000000
1.000000
1.000000
1.000000
1.000016
1.000129
1.000907
1.005183
1.023026
1.075488
1.175483
1.298233
1.412314
1.499800
1.557220
1.589977
1.606333
1.613349
1.614771
1.608435
1.579499
1.495692
1.344569
1.181848
1.073702
1.024177
1.006714
1.001624
1.000351
1.000070
1.000013
1.000000
1.000000
1.000000
1.000000
1.000000
1.000000
1.000000
1.000000
1.000000
1.000000
1.000000
1.000000
1.000000
1.000000
1.000018
1.000146
1.001020
1.005823
1.025958
1.085503
1.200244
1.344339
1.482867
1.593716
1.670097
1.715999
1.740182
1.751204
1.754234
1.747452
1.713630
1.613087
1.426671
1.223119
1.088906
1.028660
1.007846
1.001877
1.000401
1.000079
1.000014
1.000000
1.000000
1.000000
1.000000
1.000000
1.000000
1.000000
1.000000
1.000000
1.000000
1.000000
1.000000
1.000000
1.000000
1.000018
1.000153
1.001070
1.006130
1.027410
1.090690
1.213871
1.371441
1.526954
1.655494
1.747368
1.804767
1.836219
1.851172
1.855904
1.848958
1.811328
1.697614
1.483985
1.250374
1.098291
1.031256
1.008467
1.002011
1.000426
1.000082
1.000015
1.000001
1.000000
1.000000
1.000000
1.000000
1.000000
1.000000
1.000000
1.000000
1.000000
1.000000
1.000000
1.000000
1.000000
1.000018
1.000155
1.001089
1.006255
1.028025
1.093006
1.220381
1.385366
1.551135
1.691254
1.793981
1.859907
1.897020
1.915165
1.921338
1.914356
1.873941
1.750768
1.518527
1.265772
1.103226
1.032536
1.008757
1.002071
1.000438
1.000084
1.000015
1.000001
1.000000
1.000000
1.000000
1.000000
1.000000
1.000000
1.000000
1.000000
1.000000
1.000000
1.000000
1.000000
1.000000
1.000018
1.000155
1.001097
1.006299
1.028252
1.093909
1.223115
1.391678
1.562864
1.709570
1.818857
1.890194
1.931043
1.951361
1.958542
1.951553
1.909291
1.780052
1.536631
1.273306
1.105472
1.033082
1.008875
1.002092
1.000441
1.000084
1.000015
1.000001
1.000000
1.000000
1.000000
1.000000
1.000000
1.000000
1.000000
1.000000
1.000000
1.000000
1.000000
1.000000
1.000000
1.000018
1.000155
1.001097
1.006312
1.028312
1.094184
1.224068
1.394133
1.567817
1.717789
1.830514
1.904811
1.947767
1.969340
1.977111
1.970111
1.926751
1.794068
1.544766
1.276405
1.106309
1.033266
1.008910
1.002099
1.000442
1.000084
1.000015
1.000001
1.000000
1.000000
1.000000
1.000000
1.000000
1.000000
1.000000
1.000000
1.000000
1.000000
1.000000
1.000000
1.000000
1.000018
1.000154
1.001092
1.006284
1.028202
1.093917
1.223728
1.394081
1.568571
1.719803
1.833973
1.909573
1.953484
1.975631
1.983666
1.976617
1.932605
1.798076
1.546144
1.276282
1.106017
1.033125
1.008866
1.002086
1.000438
1.000083
1.000015
1.000001
1.000000
1.000000
1.000000
1.000000
1.000000
1.000000
1.000000
1.000000
1.000000
1.000000
1.000000
1.000000
1.000000
1.000018
1.000148
1.001051
1.006072
1.027357
1.091524
1.219177
1.387585
1.560680
1.711030
1.824675
1.899956
1.943661
1.965668
1.973578
1.966266
1.921486
1.785481
1.533575
1.267751
1.102177
1.031833
1.008506
1.002000
1.000422
1.000080
1.000014
1.000000
1.000000
1.000000
1.000000
1.000000
1.000000
1.000000
1.000000
1.000000
1.000000
1.000000
1.000000
1.000000
1.000000
1.000015
1.000129
1.000902
1.005252
1.023943
1.081462
1.198911
1.356822
1.520763
1.663531
1.771089
1.841764
1.882311
1.902389
1.909160
1.900820
1.854255
1.716850
1.473739
1.231284
1.086781
1.026819
1.007139
1.001675
1.000352
1.000065
1.000011
1.000000
1.000000
1.000000
1.000000
1.000000
1.000000
1.000000
1.000000
1.000000
1.000000
1.000000
1.000000
1.000000
1.000000
1.000010
1.000088
1.000642
1.003785
1.017562
1.061301
1.154410
1.283603
1.419724
1.538099
1.625933
1.682157
1.713322
1.728060
1.732086
1.722289
1.675827
1.548113
1.344592
1.161789
1.059641
1.018335
1.004874
1.001141
1.000238
1.000046
1.000006
1.000000
1.000000
1.000000
1.000000
1.000000
1.000000
1.000000
1.000000
1.000000
1.000000
1.000000
1.000000
1.000000
1.000000
1.000004
1.000049
1.000374
1.002222
1.010476
1.037430
1.096973
1.181619
1.271032
1.347299
1.401776
1.434897
1.452181
1.459734
1.460828
1.451838
1.415093
1.323087
1.193820
1.088720
1.032555
1.010041
1.002680
1.000629
1.000130
1.000025
1.000003
1.000000
1.000000
1.000000
1.000000
1.000000
1.000000
1.000000
1.000000
1.000000
1.000000
1.000000
1.000000
1.000000
1.000000
1.000000
1.000023
1.000178
1.001070
1.005104
1.018518
1.048755
1.091861
1.136439
1.172839
1.197314
1.211186
1.217904
1.220555
1.220397
1.214907
1.194488
1.146992
1.086052
1.039184
1.014472
1.004501
1.001209
1.000284
1.000058
1.000009
1.000000
1.000000
1.000000
1.000000
1.000000
1.000000
1.000000
1.000000
1.000000
1.000000
1.000000
1.000000
1.000000
1.000000
1.000000
1.000000
1.000009
1.000067
1.000429
1.002069
1.007571
1.020045
1.037580
1.055056
1.068547
1.077022
1.081485
1.083490
1.084198
1.083951
1.081581
1.073206
1.054537
1.031707
1.014508
1.005410
1.001697
1.000458
1.000107
1.000021
1.000002
1.000000
1.000000
1.000000
1.000000
1.000000
1.000000
1.000000
1.000000
1.000000
1.000000
1.000000
1.000000
1.000000
1.000000
1.000000
1.000000
1.000000
1.000022
1.000146
1.000713
1.002622
1.006940
1.012889
1.018588
1.022755
1.025215
1.026427
1.026937
1.027097
1.026982
1.026173
1.023392
1.017327
1.010075
1.004639
1.001744
1.000551
1.000148
1.000034
1.000005
1.000000
1.000000
1.000000
1.000000
1.000000
1.000000
1.000000
1.000000
1.000000
1.000000
1.000000
1.000000
1.000000
1.000000
1.000000
1.000000
1.000000
1.000000
1.000005
1.000041
1.000211
1.000784
1.002074
1.003815
1.005425
1.006551
1.007180
1.007474
1.007590
1.007626
1.007586
1.007351
1.006558
1.004846
1.002823
1.001306
1.000493
1.000156
1.000042
1.000009
1.000000
1.000000
1.000000
1.000000
1.000000
1.000000
1.000000
1.000000
1.000000
1.000000
1.000000
1.000000
1.000000
1.000000
1.000000
1.000000
1.000000
1.000000
1.000000
1.000000
1.000010
1.000055
1.000206
1.000545
1.000993
1.001398
1.001669
1.001815
1.001880
1.001906
1.001914
1.001900
1.001841
1.001641
1.001212
1.000706
1.000327
1.000124
1.000039
1.000009
1.000000
1.000000
1.000000
1.000000
1.000000
1.000000
1.000000
1.000000
1.000000
1.000000
1.000000
1.000000
1.000000
1.000000
1.000000
1.000000
1.000000
1.000000
1.000000
1.000000
1.000000
1.000000
1.000011
1.000047
1.000125
1.000229
1.000321
1.000379
1.000411
1.000426
1.000431
1.000432
1.000429
1.000414
1.000370
1.000273
1.000158
1.000072
1.000026
1.000006
1.000000
1.000000
1.000000
1.000000
1.000000
1.000000
1.000000
1.000000
1.000000
1.000000
1.000000
1.000000
1.000000
1.000000
1.000000
1.000000
1.000000
1.000000
1.000000
1.000000
1.000000
1.000000
1.000000
1.000000
1.000007
1.000024
1.000046
1.000065
1.000078
1.000084
1.000087
1.000087
1.000087
1.000087
1.000084
1.000074
1.000055
1.000031
1.000012
1.000003
1.000000
1.000000
1.000000
1.000000
1.000000
1.000000
1.000000
1.000000
1.000000
1.000000
1.000000
1.000000
1.000000
1.000000
1.000000
1.000000
1.000000
1.000000
1.000000
1.000000
1.000000
1.000000
1.000000
1.000000
1.000000
1.000000
1.000003
1.000007
1.000010
1.000012
1.000013
1.000013
1.000013
1.000013
1.000013
1.000013
1.000011
1.000007
1.000003
1.000000
1.000000
1.000000
1.000000
1.000000
1.000000
1.000000
1.000000
1.000000
1.000000
1.000000
1.000000
1.000000
1.000000
1.000000
1.000000
1.000000
1.000000
1.000000
1.000000
1.000000
1.000000
1.000000
1.000000
1.000000
1.000000
1.000000
1.000000
1.000000
1.000000
1.000000
1.000000
1.000000
1.000000
1.000000
1.000000
1.000000
1.000000
1.000000
1.000000
1.000000
1.000000
1.000000
1.000000
1.000000
1.000000
1.000000
1.000000
1.000000
1.000000
1.000000
1.000000
1.000000
1.000000
1.000000
1.000000
1.000000
1.000000
1.000000
1.000000
1.000000
1.000000
1.000000
1.000000
1.000000
1.000000
1.000000
1.000000
1.000000
1.000000
1.000000
1.000000
1.000000
1.000000
1.000000
1.000000
1.000000
1.000000
1.000000
1.000000
1.000000
1.000000
1.000000
1.000000
1.000000
1.000000
1.000000
1.000000
1.000000
1.000000
1.000000
1.000000
1.000000
1.000000
1.000000
1.000000
1.000000
1.000000
1.000000
1.000000
1.000000
1.000000
1.000000
1.000000
1.000000
1.000000
1.000000
1.000000
1.000000
1.000000
1.000000
1.000000
1.000000
1.000000
1.000000
1.000000
1.000000
1.000000
1.000000
1.000000
1.000000
1.000000
1.000000
1.000000
1.000000
1.000000
1.000000
1.000000
1.000000
1.000000
1.000000
1.000000
1.000000
1.000000
1.000000
1.000000
1.000000
1.000000
1.000000
1.000000
1.000000
1.000000
1.000000
1.000000
1.000000
1.000000
1.000000
1.000000
1.000000
1.000000
1.000000
1.000000
1.000000
1.000000
1.000000
1.000000
1.000000
1.000000
1.000000
1.000000
1.000000
1.000000
1.000000
1.000000
1.000000
1.000000
1.000000
1.000000
1.000000
1.000000
1.000000
1.000000
1.000000
1.000000
1.000000
1.000000
1.000000
1.000000
1.000000
1.000000
1.000000
1.000000
1.000000
1.000000
1.000000
1.000000
1.000000
1.000000
1.000000
1.000000
1.000000
1.000000
1.000000
1.000000
1.000000
1.000000
1.000000
1.000000
1.000000
1.000000
1.000000
1.000000
1.000000
1.000000
1.000000
1.000000
1.000000
1.000000
1.000000
1.000000
1.000000
1.000000
1.000000
1.000000
1.000000
1.000000
1.000000
1.000000
1.000000
1.000000
1.000000
1.000000
1.000000
1.000000
1.000000
1.000000
1.000000
1.000000
1.000000
1.000000
1.000000
1.000000
1.000000
1.000000
1.000000
1.000000
1.000000
1.000000
1.000000
1.000000
1.000000
1.000000
1.000000
1.000000
1.000000
1.000000
1.000000
1.000000
1.000000
1.000000
1.000000
1.000000
1.000000
1.000000
1.000000
1.000000
1.000000
1.000000
1.000000
1.000000
1.000000
1.000000
1.000000
1.000000
1.000000
1.000000
1.000000
1.000000
1.000000
1.000000
1.000000
1.000000
1.000000
1.000000
1.000000
1.000000
1.000000
1.000000
1.000000
1.000000
1.000000
1.000000
1.000000
1.000000
1.000000
1.000000
1.000000
1.000000
1.000000
1.000000
1.000000
1.000000
1.000000
1.000000
1.000000
1.000000
1.000000
1.000000
1.000000
1.000000
1.000000
1.000000
1.000000
1.000000
1.000000
1.000000
1.000000
1.000000
1.000000
1.000000
1.000000
1.000000
1.000000
1.000000
1.000000
1.000000
1.000000
1.000000
1.000000
1.000000
1.000000
1.000000
1.000000
1.000000
1.000000
1.000000
1.000000
1.000000
1.000000
1.000000
1.000000
1.000000
1.000000
1.000000
1.000000
1.000000
1.000000
1.000000
1.000000
1.000000
1.000000
1.000000
1.000000
1.000000
1.000000
1.000000
1.000000
1.000000
1.000000
1.000000
1.000000
1.000000
1.000000
1.000000
1.000000
1.000000
1.000000
1.000000
1.000000
1.000000
1.000000
1.000000
1.000000
1.000000
1.000000
1.000000
1.000000
1.000000
1.000000
1.000000
1.000000
1.000000
1.000000
1.000000
1.000000
1.000000
1.000000
1.000000
1.000000
1.000000
1.000000
1.000000
1.000000
1.000000
1.000000
1.000000
1.000000
