1.000000
1.000000
1.000000
1.000000
1.000000
1.000000
1.000000
1.000000
1.000000
1.000000
1.000000
1.000000
1.000000
1.000000
1.000000
1.000000
1.000000
1.000000
1.000000
1.000000
1.000000
1.000000
1.000000
1.000000
1.000000
1.000000
1.000000
1.000000
1.000000
1.000000
1.000000
1.000000
1.000000
1.000000
1.000000
1.000000
1.000000
1.000000
1.000000
1.000000
1.000000
1.000000
1.000000
1.000000
1.000000
1.000000
1.000000
1.000000
1.000000
1.000000
1.000000
1.000000
1.000000
1.000000
1.000000
1.000000
1.000000
1.000000
1.000000
1.000000
1.000000
1.000000
1.000000
1.000000
1.000000
1.000000
1.000000
1.000000
1.000000
1.000000
1.000000
1.000000
1.000000
1.000000
1.000000
1.000000
1.000000
1.000000
1.000000
1.000000
1.000000
1.000000
1.000000
1.000000
1.000000
1.000000
1.000000
1.000000
1.000000
1.000000
1.000000
1.000000
1.000000
1.000000
1.000000
1.000000
1.000000
1.000000
1.000000
1.000000
1.000000
1.000000
1.000000
1.000000
1.000000
1.000000
1.000000
1.000000
1.000000
1.000000
1.000000
1.000000
1.000000
1.000000
1.000000
1.000000
1.000000
1.000000
1.000000
1.000000
1.000000
1.000000
1.000000
1.000000
1.000000
1.000000
1.000000
1.000000
1.000000
1.000000
1.000000
1.000000
1.000000
1.000000
1.000000
1.000000
1.000000
1.000000
1.000000
1.000000
1.000000
1.000000
1.000000
1.000000
1.000000
1.000000
1.000000
1.000000
1.000000
1.000000
1.000000
1.000000
1.000000
1.000000
1.000000
1.000000
1.000000
1.000000
1.000000
1.000000
1.000000
1.000000
1.000000
1.000000
1.000000
1.000000
1.000000
1.000000
1.000000
1.000000
1.000000
1.000000
1.000000
1.000000
1.000000
1.000000
1.000000
1.000000
1.000000
1.000000
1.000000
1.000000
1.000000
1.000000
1.000000
1.000000
1.000000
1.000000
1.000000
1.000000
1.000000
1.000000
1.000000
1.000000
1.000000
1.000000
1.000000
1.000000
1.000000
1.000000
1.000000
1.000000
1.000000
1.000000
1.000000
1.000000
1.000000
1.000000
1.000000
1.000000
1.000000
1.000000
1.000000
1.000000
1.000000
1.000000
1.000000
1.000000
1.000000
1.000001
1.000001
1.000001
1.000001
1.000001
1.000000
1.000000
1.000000
1.000000
1.000000
1.000000
1.000000
1.000000
1.000000
1.000000
1.000000
1.000000
1.000000
1.000000
1.000000
1.000000
1.000000
1.000000
1.000000
1.000000
1.000000
1.000000
1.000000
1.000000
1.000000
1.000000
1.000000
1.000000
1.000000
1.000000
1.000000
1.000010
1.000013
1.000027
1.000040
1.000059
1.000067
1.000068
1.000068
1.000068
1.000068
1.000067
1.000060
1.000046
1.000033
1.000018
1.000005
1.000000
1.000000
1.000000
1.000000
1.000000
1.000000
1.000000
1.000000
1.000000
1.000000
1.000000
1.000000
1.000000
1.000000
1.000000
1.000000
1.000000
1.000000
1.000000
1.000000
1.000000
1.000000
1.000000
1.000000
1.000013
1.000085
1.000216
1.000384
1.000522
1.000619
1.000665
1.000686
1.000698
1.000700
1.000696
1.000678
1.000612
1.000485
1.000315
1.000169
1.000073
1.000029
1.000012
1.000000
1.000000
1.000000
1.000000
1.000000
1.000000
1.000000
1.000000
1.000000
1.000000
1.000000
1.000000
1.000000
1.000000
1.000000
1.000000
1.000000
1.000000
1.000000
1.000000
1.000013
1.000052
1.000218
1.000710
1.001687
1.002913
1.003989
1.004706
1.005091
1.005264
1.005328
1.005348
1.005322
1.005183
1.004746
1.003792
1.002506
1.001351
1.000602
1.000226
1.000072
1.000021
1.000004
1.000000
1.000000
1.000000
1.000000
1.000000
1.000000
1.000000
1.000000
1.000000
1.000000
1.000000
1.000000
1.000000
1.000000
1.000000
1.000000
1.000000
1.000013
1.000057
1.000299
1.001244
1.003956
1.009225
1.015777
1.021556
1.025484
1.027654
1.028664
1.029066
1.029182
1.029073
1.028417
1.026241
1.021325
1.014386
1.007894
1.003554
1.001338
1.000431
1.000121
1.000027
1.000009
1.000000
1.000000
1.000000
1.000000
1.000000
1.000000
1.000000
1.000000
1.000000
1.000000
1.000000
1.000000
1.000000
1.000000
1.000000
1.000000
1.000030
1.000215
1.001126
1.004623
1.014391
1.032786
1.055277
1.075237
1.089203
1.097292
1.101283
1.102984
1.103554
1.103332
1.101443
1.094844
1.079045
1.054975
1.030907
1.014106
1.005344
1.001722
1.000481
1.000118
1.000026
1.000008
1.000000
1.000000
1.000000
1.000000
1.000000
1.000000
1.000000
1.000000
1.000000
1.000000
1.000000
1.000000
1.000000
1.000000
1.000013
1.000078
1.000497
1.002562
1.010412
1.031919
1.071523
1.119697
1.163285
1.195103
1.214671
1.225050
1.229852
1.231697
1.231638
1.228288
1.215770
1.184012
1.131670
1.075548
1.034732
1.013133
1.004207
1.001169
1.000286
1.000065
1.000016
1.000001
1.000000
1.000000
1.000000
1.000000
1.000000
1.000000
1.000000
1.000000
1.000000
1.000000
1.000000
1.000000
1.000000
1.000017
1.000129
1.000811
1.004165
1.016849
1.051301
1.114235
1.191441
1.263366
1.318419
1.354423
1.374928
1.385190
1.389584
1.390313
1.385861
1.367614
1.318857
1.232944
1.135253
1.062063
1.023226
1.007348
1.002016
1.000492
1.000109
1.000025
1.000005
1.000000
1.000000
1.000000
1.000000
1.000000
1.000000
1.000000
1.000000
1.000000
1.000000
1.000000
1.000000
1.000000
1.000022
1.000170
1.001061
1.005471
1.022148
1.067444
1.150471
1.254110
1.353876
1.433831
1.489137
1.522684
1.540650
1.549010
1.551331
1.546378
1.523314
1.458880
1.339387
1.197660
1.089833
1.033088
1.010302
1.002792
1.000674
1.000148
1.000032
1.000006
1.000000
1.000000
1.000000
1.000000
1.000000
1.000000
1.000000
1.000000
1.000000
1.000000
1.000000
1.000000
1.000000
1.000025
1.000194
1.001223
1.006313
1.025626
1.078333
1.175837
1.300010
1.423324
1.526232
1.600879
1.648589
1.675589
1.688964
1.693573
1.688681
1.661771
1.583792
1.434006
1.251820
1.112863
1.040847
1.012517
1.003349
1.000800
1.000173
1.000037
1.000007
1.000000
1.000000
1.000000
1.000000
1.000000
1.000000
1.000000
1.000000
1.000000
1.000000
1.000000
1.000000
1.000000
1.000027
1.000208
1.001311
1.006762
1.027531
1.084526
1.191020
1.329105
1.469847
1.591210
1.682636
1.743522
1.779480
1.798139
1.805344
1.800874
1.770958
1.681820
1.506961
1.291946
1.128964
1.045952
1.013898
1.003682
1.000872
1.000188
1.000039
1.000007
1.000000
1.000000
1.000000
1.000000
1.000000
1.000000
1.000000
1.000000
1.000000
1.000000
1.000000
1.000000
1.000000
1.000027
1.000214
1.001346
1.006965
1.028425
1.087573
1.198952
1.345326
1.497416
1.631783
1.735885
1.807348
1.850897
1.874250
1.883875
1.879945
1.847745
1.749969
1.556222
1.317678
1.138636
1.048826
1.014633
1.003851
1.000907
1.000194
1.000040
1.000007
1.000000
1.000000
1.000000
1.000000
1.000000
1.000000
1.000000
1.000000
1.000000
1.000000
1.000000
1.000000
1.000000
1.000027
1.000215
1.001361
1.007048
1.028792
1.088889
1.202612
1.353355
1.511968
1.654394
1.766866
1.845697
1.894777
1.921683
1.933201
1.929736
1.895897
1.791992
1.585476
1.332083
1.143693
1.050234
1.014974
1.003926
1.000922
1.000196
1.000040
1.000007
1.000000
1.000000
1.000000
1.000000
1.000000
1.000000
1.000000
1.000000
1.000000
1.000000
1.000000
1.000000
1.000000
1.000027
1.000215
1.001364
1.007073
1.028913
1.089359
1.204059
1.356828
1.518751
1.665577
1.782895
1.866200
1.918767
1.947979
1.960753
1.957601
1.922672
1.814841
1.600643
1.339039
1.145941
1.050810
1.015102
1.003953
1.000927
1.000197
1.000040
1.000007
1.000000
1.000000
1.000000
1.000000
1.000000
1.000000
1.000000
1.000000
1.000000
1.000000
1.000000
1.000000
1.000000
1.000027
1.000214
1.001359
1.007049
1.028830
1.089210
1.204037
1.357436
1.520693
1.669526
1.789224
1.874833
1.929256
1.959722
1.973182
1.970163
1.934513
1.824310
1.605967
1.340716
1.146135
1.050748
1.015061
1.003937
1.000920
1.000195
1.000040
1.000007
1.000000
1.000000
1.000000
1.000000
1.000000
1.000000
1.000000
1.000000
1.000000
1.000000
1.000000
1.000000
1.000000
1.000026
1.000206
1.001316
1.006846
1.028092
1.087295
1.200595
1.352747
1.515342
1.664085
1.784079
1.870131
1.924955
1.955687
1.969245
1.966049
1.929576
1.817428
1.597154
1.333073
1.141930
1.049094
1.014537
1.003794
1.000888
1.000188
1.000038
1.000006
1.000000
1.000000
1.000000
1.000000
1.000000
1.000000
1.000000
1.000000
1.000000
1.000000
1.000000
1.000000
1.000000
1.000021
1.000185
1.001163
1.006088
1.025251
1.079573
1.185750
1.330693
1.487136
1.630908
1.746929
1.829870
1.882386
1.911540
1.924031
1.919784
1.881414
1.766507
1.548293
1.298371
1.124879
1.042781
1.012608
1.003282
1.000767
1.000163
1.000032
1.000005
1.000000
1.000000
1.000000
1.000000
1.000000
1.000000
1.000000
1.000000
1.000000
1.000000
1.000000
1.000000
1.000000
1.000016
1.000138
1.000879
1.004653
1.019615
1.063249
1.151690
1.276049
1.412610
1.538731
1.639914
1.711177
1.755302
1.779040
1.788288
1.781792
1.741340
1.628081
1.430443
1.224811
1.091904
1.031195
1.009166
1.002383
1.000556
1.000117
1.000021
1.000003
1.000000
1.000000
1.000000
1.000000
1.000000
1.000000
1.000000
1.000000
1.000000
1.000000
1.000000
1.000000
1.000000
1.000010
1.000084
1.000553
1.002966
1.012706
1.041934
1.103393
1.192340
1.291233
1.382074
1.453381
1.501862
1.530546
1.545076
1.549578
1.541626
1.505081
1.412314
1.268913
1.135535
1.054693
1.018555
1.005468
1.001425
1.000329
1.000069
1.000011
1.000000
1.000000
1.000000
1.000000
1.000000
1.000000
1.000000
1.000000
1.000000
1.000000
1.000000
1.000000
1.000000
1.000000
1.000003
1.000043
1.000292
1.001574
1.006829
1.022920
1.057577
1.108348
1.164398
1.214501
1.252118
1.276277
1.289670
1.295908
1.297054
1.290779
1.266715
1.210823
1.132983
1.066018
1.026680
1.009118
1.002705
1.000707
1.000163
1.000035
1.000005
1.000000
1.000000
1.000000
1.000000
1.000000
1.000000
1.000000
1.000000
1.000000
1.000000
1.000000
1.000000
1.000000
1.000000
1.000000
1.000019
1.000129
1.000703
1.003081
1.010445
1.026454
1.049775
1.074860
1.096294
1.111458
1.120561
1.125257
1.127245
1.127268
1.123962
1.112462
1.087250
1.054285
1.026950
1.010986
1.003791
1.001133
1.000297
1.000067
1.000014
1.000000
1.000000
1.000000
1.000000
1.000000
1.000000
1.000000
1.000000
1.000000
1.000000
1.000000
1.000000
1.000000
1.000000
1.000000
1.000000
1.000005
1.000046
1.000269
1.001187
1.004046
1.010266
1.019187
1.028464
1.036007
1.041031
1.043857
1.045218
1.045740
1.045635
1.044319
1.039975
1.030753
1.019078
1.009521
1.003917
1.001363
1.000409
1.000107
1.000024
1.000003
1.000000
1.000000
1.000000
1.000000
1.000000
1.000000
1.000000
1.000000
1.000000
1.000000
1.000000
1.000000
1.000000
1.000000
1.000000
1.000000
1.000000
1.000016
1.000089
1.000397
1.001359
1.003443
1.006381
1.009338
1.011636
1.013087
1.013857
1.014208
1.014331
1.014275
1.013841
1.012449
1.009544
1.005923
1.002972
1.001230
1.000431
1.000129
1.000033
1.000006
1.000000
1.000000
1.000000
1.000000
1.000000
1.000000
1.000000
1.000000
1.000000
1.000000
1.000000
1.000000
1.000000
1.000000
1.000000
1.000000
1.000000
1.000000
1.000002
1.000022
1.000116
1.000401
1.001016
1.001868
1.002703
1.003327
1.003705
1.003896
1.003978
1.004007
1.003987
1.003861
1.003467
1.002654
1.001649
1.000830
1.000345
1.000120
1.000035
1.000009
1.000000
1.000000
1.000000
1.000000
1.000000
1.000000
1.000000
1.000000
1.000000
1.000000
1.000000
1.000000
1.000000
1.000000
1.000000
1.000000
1.000000
1.000000
1.000000
1.000000
1.000005
1.000027
1.000104
1.000266
1.000488
1.000700
1.000853
1.000943
1.000987
1.001006
1.001012
1.001006
1.000974
1.000873
1.000667
1.000415
1.000208
1.000085
1.000028
1.000007
1.000000
1.000000
1.000000
1.000000
1.000000
1.000000
1.000000
1.000000
1.000000
1.000000
1.000000
1.000000
1.000000
1.000000
1.000000
1.000000
1.000000
1.000000
1.000000
1.000000
1.000000
1.000000
1.000005
1.000021
1.000062
1.000113
1.000161
1.000196
1.000217
1.000227
1.000231
1.000232
1.000230
1.000223
1.000200
1.000152
1.000094
1.000048
1.000017
1.000003
1.000000
1.000000
1.000000
1.000000
1.000000
1.000000
1.000000
1.000000
1.000000
1.000000
1.000000
1.000000
1.000000
1.000000
1.000000
1.000000
1.000000
1.000000
1.000000
1.000000
1.000000
1.000000
1.000000
1.000000
1.000003
1.000011
1.000022
1.000034
1.000041
1.000045
1.000046
1.000047
1.000047
1.000047
1.000045
1.000040
1.000029
1.000015
1.000006
1.000001
1.000000
1.000000
1.000000
1.000000
1.000000
1.000000
1.000000
1.000000
1.000000
1.000000
1.000000
1.000000
1.000000
1.000000
1.000000
1.000000
1.000000
1.000000
1.000000
1.000000
1.000000
1.000000
1.000000
1.000000
1.000000
1.000000
1.000000
1.000003
1.000005
1.000006
1.000006
1.000006
1.000006
1.000006
1.000006
1.000006
1.000005
1.000003
1.000000
1.000000
1.000000
1.000000
1.000000
1.000000
1.000000
1.000000
1.000000
1.000000
1.000000
1.000000
1.000000
1.000000
1.000000
1.000000
1.000000
1.000000
1.000000
1.000000
1.000000
1.000000
1.000000
1.000000
1.000000
1.000000
1.000000
1.000000
1.000000
1.000000
1.000000
1.000000
1.000000
1.000000
1.000000
1.000000
1.000000
1.000000
1.000000
1.000000
1.000000
1.000000
1.000000
1.000000
1.000000
1.000000
1.000000
1.000000
1.000000
1.000000
1.000000
1.000000
1.000000
1.000000
1.000000
1.000000
1.000000
1.000000
1.000000
1.000000
1.000000
1.000000
1.000000
1.000000
1.000000
1.000000
1.000000
1.000000
1.000000
1.000000
1.000000
1.000000
1.000000
1.000000
1.000000
1.000000
1.000000
1.000000
1.000000
1.000000
1.000000
1.000000
1.000000
1.000000
1.000000
1.000000
1.000000
1.000000
1.000000
1.000000
1.000000
1.000000
1.000000
1.000000
1.000000
1.000000
1.000000
1.000000
1.000000
1.000000
1.000000
1.000000
1.000000
1.000000
1.000000
1.000000
1.000000
1.000000
1.000000
1.000000
1.000000
1.000000
1.000000
1.000000
1.000000
1.000000
1.000000
1.000000
1.000000
1.000000
1.000000
1.000000
1.000000
1.000000
1.000000
1.000000
1.000000
1.000000
1.000000
1.000000
1.000000
1.000000
1.000000
1.000000
1.000000
1.000000
1.000000
1.000000
1.000000
1.000000
1.000000
1.000000
1.000000
1.000000
1.000000
1.000000
1.000000
1.000000
1.000000
1.000000
1.000000
1.000000
1.000000
1.000000
1.000000
1.000000
1.000000
1.000000
1.000000
1.000000
1.000000
1.000000
1.000000
1.000000
1.000000
1.000000
1.000000
1.000000
1.000000
1.000000
1.000000
1.000000
1.000000
1.000000
1.000000
1.000000
1.000000
1.000000
1.000000
1.000000
1.000000
1.000000
1.000000
1.000000
1.000000
1.000000
1.000000
1.000000
1.000000
1.000000
1.000000
1.000000
1.000000
1.000000
1.000000
1.000000
1.000000
1.000000
1.000000
1.000000
1.000000
1.000000
1.000000
1.000000
1.000000
1.000000
1.000000
1.000000
1.000000
1.000000
1.000000
1.000000
1.000000
1.000000
1.000000
1.000000
1.000000
1.000000
1.000000
1.000000
1.000000
1.000000
1.000000
1.000000
1.000000
1.000000
1.000000
1.000000
1.000000
1.000000
1.000000
1.000000
1.000000
1.000000
1.000000
1.000000
1.000000
1.000000
1.000000
1.000000
1.000000
1.000000
1.000000
1.000000
1.000000
1.000000
1.000000
1.000000
1.000000
1.000000
1.000000
1.000000
1.000000
1.000000
1.000000
1.000000
1.000000
1.000000
1.000000
1.000000
1.000000
1.000000
1.000000
1.000000
1.000000
1.000000
1.000000
1.000000
1.000000
1.000000
1.000000
1.000000
1.000000
1.000000
1.000000
1.000000
1.000000
1.000000
1.000000
1.000000
1.000000
1.000000
1.000000
1.000000
1.000000
1.000000
1.000000
1.000000
1.000000
1.000000
1.000000
1.000000
1.000000
1.000000
1.000000
1.000000
1.000000
1.000000
1.000000
1.000000
1.000000
1.000000
1.000000
1.000000
1.000000
1.000000
1.000000
1.000000
1.000000
1.000000
1.000000
1.000000
1.000000
1.000000
1.000000
1.000000
1.000000
1.000000
1.000000
1.000000
1.000000
1.000000
1.000000
1.000000
1.000000
1.000000
1.000000
1.000000
1.000000
1.000000
1.000000
1.000000
1.000000
1.000000
1.000000
1.000000
1.000000
1.000000
1.000000
1.000000
1.000000
1.000000
1.000000
1.000000
1.000000
1.000000
1.000000
