1.000000
1.000000
1.000000
1.000000
1.000000
1.000000
1.000000
1.000000
1.000000
1.000000
1.000000
1.000000
1.000000
1.000000
1.000000
1.000000
1.000000
1.000000
1.000000
1.000000
1.000000
1.000000
1.000000
1.000000
1.000000
1.000000
1.000000
1.000000
1.000000
1.000000
1.000000
1.000000
1.000000
1.000000
1.000000
1.000000
1.000000
1.000000
1.000000
1.000000
1.000000
1.000000
1.000000
1.000000
1.000000
1.000000
1.000000
1.000000
1.000000
1.000000
1.000000
1.000000
1.000000
1.000000
1.000000
1.000000
1.000000
1.000000
1.000000
1.000000
1.000000
1.000000
1.000000
1.000000
1.000000
1.000000
1.000000
1.000000
1.000000
1.000000
1.000000
1.000000
1.000000
1.000000
1.000000
1.000000
1.000000
1.000000
1.000000
1.000000
1.000000
1.000000
1.000000
1.000000
1.000000
1.000000
1.000000
1.000000
1.000000
1.000000
1.000000
1.000000
1.000000
1.000000
1.000000
1.000000
1.000000
1.000000
1.000000
1.000000
1.000000
1.000000
1.000000
1.000000
1.000000
1.000000
1.000000
1.000000
1.000000
1.000000
1.000000
1.000000
1.000000
1.000000
1.000000
1.000000
1.000000
1.000000
1.000000
1.000000
1.000000
1.000000
1.000000
1.000000
1.000000
1.000000
1.000000
1.000000
1.000000
1.000000
1.000000
1.000000
1.000000
1.000000
1.000000
1.000000
1.000000
1.000000
1.000000
1.000000
1.000000
1.000000
1.000000
1.000000
1.000000
1.000000
1.000000
1.000000
1.000000
1.000000
1.000000
1.000000
1.000000
1.000000
1.000000
1.000000
1.000000
1.000000
1.000000
1.000000
1.000000
1.000000
1.000000
1.000000
1.000000
1.000000
1.000000
1.000000
1.000000
1.000000
1.000000
1.000000
1.000000
1.000000
1.000000
1.000000
1.000000
1.000000
1.000000
1.000000
1.000000
1.000000
1.000000
1.000000
1.000000
1.000000
1.000000
1.000000
1.000000
1.000000
1.000000
1.000000
1.000000
1.000000
1.000000
1.000000
1.000000
1.000000
1.000000
1.000000
1.000000
1.000000
1.000000
1.000000
1.000000
1.000000
1.000000
1.000000
1.000000
1.000000
1.000000
1.000000
1.000000
1.000000
1.000000
1.000000
1.000000
1.000000
1.000000
1.000002
1.000003
1.000003
1.000003
1.000003
1.000002
1.000000
1.000000
1.000000
1.000000
1.000000
1.000000
1.000000
1.000000
1.000000
1.000000
1.000000
1.000000
1.000000
1.000000
1.000000
1.000000
1.000000
1.000000
1.000000
1.000000
1.000000
1.000000
1.000000
1.000000
1.000000
1.000000
1.000000
1.000000
1.000000
1.000000
1.000010
1.000013
1.000027
1.000040
1.000063
1.000071
1.000071
1.000072
1.000072
1.000071
1.000071
1.000067
1.000053
1.000040
1.000021
1.000008
1.000000
1.000000
1.000000
1.000000
1.000000
1.000000
1.000000
1.000000
1.000000
1.000000
1.000000
1.000000
1.000000
1.000000
1.000000
1.000000
1.000000
1.000000
1.000000
1.000000
1.000000
1.000000
1.000000
1.000000
1.000013
1.000085
1.000213
1.000379
1.000523
1.000625
1.000677
1.000702
1.000716
1.000720
1.000715
1.000697
1.000632
1.000508
1.000342
1.000191
1.000087
1.000036
1.000013
1.000000
1.000000
1.000000
1.000000
1.000000
1.000000
1.000000
1.000000
1.000000
1.000000
1.000000
1.000000
1.000000
1.000000
1.000000
1.000000
1.000000
1.000000
1.000000
1.000000
1.000013
1.000052
1.000214
1.000681
1.001586
1.002740
1.003788
1.004516
1.004926
1.005117
1.005193
1.005220
1.005194
1.005061
1.004650
1.003774
1.002571
1.001445
1.000675
1.000267
1.000090
1.000028
1.000008
1.000000
1.000000
1.000000
1.000000
1.000000
1.000000
1.000000
1.000000
1.000000
1.000000
1.000000
1.000000
1.000000
1.000000
1.000000
1.000000
1.000000
1.000013
1.000060
1.000299
1.001185
1.003636
1.008315
1.014224
1.019605
1.023409
1.025605
1.026675
1.027123
1.027263
1.027168
1.026561
1.024611
1.020292
1.014092
1.008058
1.003809
1.001513
1.000515
1.000152
1.000042
1.000013
1.000000
1.000000
1.000000
1.000000
1.000000
1.000000
1.000000
1.000000
1.000000
1.000000
1.000000
1.000000
1.000000
1.000000
1.000000
1.000001
1.000034
1.000221
1.001095
1.004290
1.012898
1.028862
1.048692
1.066810
1.079938
1.087842
1.091906
1.093717
1.094361
1.094195
1.092490
1.086706
1.073166
1.052289
1.030621
1.014689
1.005877
1.002005
1.000595
1.000156
1.000037
1.000012
1.000000
1.000000
1.000000
1.000000
1.000000
1.000000
1.000000
1.000000
1.000000
1.000000
1.000000
1.000000
1.000000
1.000000
1.000013
1.000082
1.000510
1.002507
1.009734
1.028826
1.063458
1.106164
1.145775
1.175557
1.194485
1.204893
1.209900
1.211916
1.211987
1.208988
1.198009
1.170773
1.125486
1.075095
1.036369
1.014552
1.004942
1.001457
1.000378
1.000089
1.000023
1.000005
1.000000
1.000000
1.000000
1.000000
1.000000
1.000000
1.000000
1.000000
1.000000
1.000000
1.000000
1.000000
1.000000
1.000021
1.000144
1.000852
1.004150
1.016030
1.047117
1.102984
1.172252
1.238125
1.289819
1.324605
1.345063
1.355673
1.360410
1.361402
1.357478
1.341433
1.299425
1.224774
1.136469
1.066183
1.026274
1.008824
1.002573
1.000666
1.000156
1.000038
1.000008
1.000000
1.000000
1.000000
1.000000
1.000000
1.000000
1.000000
1.000000
1.000000
1.000000
1.000000
1.000000
1.000000
1.000026
1.000191
1.001137
1.005556
1.021457
1.063017
1.137843
1.231984
1.324199
1.399738
1.453357
1.486872
1.505448
1.514444
1.517257
1.513055
1.492792
1.437067
1.332651
1.203236
1.097942
1.038337
1.012678
1.003647
1.000934
1.000217
1.000050
1.000010
1.000000
1.000000
1.000000
1.000000
1.000000
1.000000
1.000000
1.000000
1.000000
1.000000
1.000000
1.000000
1.000000
1.000032
1.000224
1.001329
1.006509
1.025200
1.074242
1.163259
1.277326
1.392389
1.490377
1.563232
1.611190
1.639281
1.653772
1.659236
1.655392
1.631840
1.564191
1.432423
1.264017
1.125779
1.048412
1.015751
1.004471
1.001132
1.000260
1.000057
1.000011
1.000000
1.000000
1.000000
1.000000
1.000000
1.000000
1.000000
1.000000
1.000000
1.000000
1.000000
1.000000
1.000000
1.000034
1.000241
1.001440
1.007046
1.027357
1.080941
1.179143
1.307194
1.439692
1.556253
1.646262
1.708035
1.745843
1.766304
1.774873
1.771825
1.745766
1.668145
1.513078
1.311634
1.146496
1.055487
1.017797
1.004996
1.001254
1.000285
1.000061
1.000012
1.000000
1.000000
1.000000
1.000000
1.000000
1.000000
1.000000
1.000000
1.000000
1.000000
1.000000
1.000000
1.000001
1.000034
1.000251
1.001489
1.007304
1.028427
1.084405
1.187828
1.324552
1.468831
1.598952
1.702389
1.775669
1.822034
1.848024
1.859621
1.857519
1.829571
1.744005
1.570626
1.344155
1.159816
1.059757
1.018964
1.005281
1.001316
1.000299
1.000062
1.000012
1.000000
1.000000
1.000000
1.000000
1.000000
1.000000
1.000000
1.000000
1.000000
1.000000
1.000000
1.000000
1.000001
1.000034
1.000252
1.001508
1.007412
1.028890
1.085982
1.192036
1.333537
1.484880
1.623762
1.736453
1.818113
1.871016
1.901406
1.915501
1.914244
1.884914
1.793450
1.606985
1.363653
1.167299
1.062006
1.019544
1.005417
1.001344
1.000303
1.000063
1.000012
1.000000
1.000000
1.000000
1.000000
1.000000
1.000000
1.000000
1.000000
1.000000
1.000000
1.000000
1.000000
1.000001
1.000034
1.000253
1.001516
1.007451
1.029054
1.086588
1.193801
1.337633
1.492734
1.636632
1.754949
1.841963
1.899217
1.932633
1.948492
1.947843
1.917552
1.822087
1.627212
1.373833
1.170920
1.063013
1.019785
1.005471
1.001357
1.000305
1.000063
1.000012
1.000000
1.000000
1.000000
1.000000
1.000000
1.000000
1.000000
1.000000
1.000000
1.000000
1.000000
1.000000
1.000000
1.000034
1.000252
1.001510
1.007431
1.028996
1.086523
1.193988
1.338655
1.495408
1.641761
1.763031
1.852997
1.912734
1.947924
1.964827
1.964512
1.933540
1.835508
1.635721
1.377276
1.171732
1.063099
1.019770
1.005458
1.001349
1.000303
1.000063
1.000012
1.000000
1.000000
1.000000
1.000000
1.000000
1.000000
1.000000
1.000000
1.000000
1.000000
1.000000
1.000000
1.000000
1.000033
1.000242
1.001467
1.007235
1.028323
1.084853
1.191087
1.334847
1.491314
1.638010
1.760066
1.850981
1.911575
1.947380
1.964608
1.964233
1.932463
1.832313
1.629708
1.370770
1.167587
1.061294
1.019153
1.005278
1.001304
1.000291
1.000060
1.000012
1.000000
1.000000
1.000000
1.000000
1.000000
1.000000
1.000000
1.000000
1.000000
1.000000
1.000000
1.000000
1.000000
1.000028
1.000220
1.001314
1.006521
1.025774
1.078200
1.178593
1.316514
1.468101
1.610983
1.730086
1.818715
1.877579
1.912137
1.928452
1.927096
1.893480
1.790247
1.587260
1.337996
1.150023
1.054297
1.016875
1.004636
1.001144
1.000257
1.000052
1.000009
1.000000
1.000000
1.000000
1.000000
1.000000
1.000000
1.000000
1.000000
1.000000
1.000000
1.000000
1.000000
1.000000
1.000020
1.000170
1.001023
1.005125
1.020576
1.063781
1.149330
1.270208
1.405433
1.533808
1.640594
1.719265
1.770648
1.800082
1.813095
1.809255
1.772902
1.668612
1.478231
1.264303
1.114286
1.040887
1.012653
1.003470
1.000855
1.000191
1.000039
1.000006
1.000000
1.000000
1.000000
1.000000
1.000000
1.000000
1.000000
1.000000
1.000000
1.000000
1.000000
1.000000
1.000000
1.000013
1.000108
1.000669
1.003402
1.013882
1.044026
1.105904
1.196004
1.298440
1.395736
1.475520
1.532732
1.568729
1.588331
1.595763
1.589330
1.554221
1.463331
1.315564
1.167546
1.071153
1.025369
1.007865
1.002162
1.000531
1.000118
1.000023
1.000003
1.000000
1.000000
1.000000
1.000000
1.000000
1.000000
1.000000
1.000000
1.000000
1.000000
1.000000
1.000000
1.000000
1.000006
1.000058
1.000371
1.001897
1.007840
1.025306
1.062089
1.116536
1.178422
1.236116
1.281780
1.312971
1.331487
1.340842
1.343449
1.337265
1.311867
1.252284
1.165495
1.086019
1.036437
1.013068
1.004079
1.001126
1.000277
1.000061
1.000010
1.000000
1.000000
1.000000
1.000000
1.000000
1.000000
1.000000
1.000000
1.000000
1.000000
1.000000
1.000000
1.000000
1.000000
1.000000
1.000026
1.000174
1.000895
1.003736
1.012194
1.030212
1.056853
1.086546
1.113192
1.133193
1.146022
1.153132
1.156422
1.156893
1.153159
1.139892
1.110815
1.071398
1.036970
1.015771
1.005713
1.001797
1.000499
1.000122
1.000027
1.000004
1.000000
1.000000
1.000000
1.000000
1.000000
1.000000
1.000000
1.000000
1.000000
1.000000
1.000000
1.000000
1.000000
1.000000
1.000000
1.000013
1.000066
1.000362
1.001526
1.005010
1.012444
1.023302
1.035049
1.045115
1.052246
1.056537
1.058758
1.059697
1.059676
1.058038
1.052644
1.041278
1.026454
1.013751
1.005921
1.002165
1.000686
1.000190
1.000046
1.000009
1.000000
1.000000
1.000000
1.000000
1.000000
1.000000
1.000000
1.000000
1.000000
1.000000
1.000000
1.000000
1.000000
1.000000
1.000000
1.000000
1.000000
1.000021
1.000128
1.000542
1.001786
1.004434
1.008239
1.012231
1.015504
1.017703
1.018953
1.019563
1.019798
1.019747
1.019164
1.017321
1.013521
1.008663
1.004526
1.001963
1.000723
1.000230
1.000063
1.000015
1.000000
1.000000
1.000000
1.000000
1.000000
1.000000
1.000000
1.000000
1.000000
1.000000
1.000000
1.000000
1.000000
1.000000
1.000000
1.000000
1.000000
1.000000
1.000006
1.000036
1.000169
1.000561
1.001391
1.002566
1.003765
1.004711
1.005319
1.005648
1.005802
1.005858
1.005834
1.005653
1.005100
1.003973
1.002547
1.001336
1.000582
1.000215
1.000068
1.000018
1.000001
1.000000
1.000000
1.000000
1.000000
1.000000
1.000000
1.000000
1.000000
1.000000
1.000000
1.000000
1.000000
1.000000
1.000000
1.000000
1.000000
1.000000
1.000000
1.000000
1.000009
1.000046
1.000156
1.000389
1.000713
1.001037
1.001284
1.001438
1.001517
1.001554
1.001568
1.001557
1.001509
1.001360
1.001058
1.000679
1.000356
1.000155
1.000057
1.000016
1.000002
1.000000
1.000000
1.000000
1.000000
1.000000
1.000000
1.000000
1.000000
1.000000
1.000000
1.000000
1.000000
1.000000
1.000000
1.000000
1.000000
1.000000
1.000000
1.000000
1.000000
1.000000
1.000009
1.000038
1.000096
1.000178
1.000257
1.000315
1.000352
1.000370
1.000379
1.000382
1.000379
1.000366
1.000330
1.000257
1.000164
1.000085
1.000037
1.000011
1.000001
1.000000
1.000000
1.000000
1.000000
1.000000
1.000000
1.000000
1.000000
1.000000
1.000000
1.000000
1.000000
1.000000
1.000000
1.000000
1.000000
1.000000
1.000000
1.000000
1.000000
1.000000
1.000000
1.000000
1.000007
1.000020
1.000038
1.000057
1.000071
1.000078
1.000082
1.000083
1.000084
1.000083
1.000080
1.000071
1.000056
1.000036
1.000015
1.000005
1.000000
1.000000
1.000000
1.000000
1.000000
1.000000
1.000000
1.000000
1.000000
1.000000
1.000000
1.000000
1.000000
1.000000
1.000000
1.000000
1.000000
1.000000
1.000000
1.000000
1.000000
1.000000
1.000000
1.000000
1.000000
1.000000
1.000003
1.000006
1.000010
1.000012
1.000013
1.000013
1.000014
1.000014
1.000014
1.000013
1.000012
1.000008
1.000004
1.000001
1.000000
1.000000
1.000000
1.000000
1.000000
1.000000
1.000000
1.000000
1.000000
1.000000
1.000000
1.000000
1.000000
1.000000
1.000000
1.000000
1.000000
1.000000
1.000000
1.000000
1.000000
1.000000
1.000000
1.000000
1.000000
1.000000
1.000000
1.000000
1.000000
1.000000
1.000000
1.000000
1.000000
1.000000
1.000000
1.000000
1.000000
1.000000
1.000000
1.000000
1.000000
1.000000
1.000000
1.000000
1.000000
1.000000
1.000000
1.000000
1.000000
1.000000
1.000000
1.000000
1.000000
1.000000
1.000000
1.000000
1.000000
1.000000
1.000000
1.000000
1.000000
1.000000
1.000000
1.000000
1.000000
1.000000
1.000000
1.000000
1.000000
1.000000
1.000000
1.000000
1.000000
1.000000
1.000000
1.000000
1.000000
1.000000
1.000000
1.000000
1.000000
1.000000
1.000000
1.000000
1.000000
1.000000
1.000000
1.000000
1.000000
1.000000
1.000000
1.000000
1.000000
1.000000
1.000000
1.000000
1.000000
1.000000
1.000000
1.000000
1.000000
1.000000
1.000000
1.000000
1.000000
1.000000
1.000000
1.000000
1.000000
1.000000
1.000000
1.000000
1.000000
1.000000
1.000000
1.000000
1.000000
1.000000
1.000000
1.000000
1.000000
1.000000
1.000000
1.000000
1.000000
1.000000
1.000000
1.000000
1.000000
1.000000
1.000000
1.000000
1.000000
1.000000
1.000000
1.000000
1.000000
1.000000
1.000000
1.000000
1.000000
1.000000
1.000000
1.000000
1.000000
1.000000
1.000000
1.000000
1.000000
1.000000
1.000000
1.000000
1.000000
1.000000
1.000000
1.000000
1.000000
1.000000
1.000000
1.000000
1.000000
1.000000
1.000000
1.000000
1.000000
1.000000
1.000000
1.000000
1.000000
1.000000
1.000000
1.000000
1.000000
1.000000
1.000000
1.000000
1.000000
1.000000
1.000000
1.000000
1.000000
1.000000
1.000000
1.000000
1.000000
1.000000
1.000000
1.000000
1.000000
1.000000
1.000000
1.000000
1.000000
1.000000
1.000000
1.000000
1.000000
1.000000
1.000000
1.000000
1.000000
1.000000
1.000000
1.000000
1.000000
1.000000
1.000000
1.000000
1.000000
1.000000
1.000000
1.000000
1.000000
1.000000
1.000000
1.000000
1.000000
1.000000
1.000000
1.000000
1.000000
1.000000
1.000000
1.000000
1.000000
1.000000
1.000000
1.000000
1.000000
1.000000
1.000000
1.000000
1.000000
1.000000
1.000000
1.000000
1.000000
1.000000
1.000000
1.000000
1.000000
1.000000
1.000000
1.000000
1.000000
1.000000
1.000000
1.000000
1.000000
1.000000
1.000000
1.000000
1.000000
1.000000
1.000000
1.000000
1.000000
1.000000
1.000000
1.000000
1.000000
1.000000
1.000000
1.000000
1.000000
1.000000
1.000000
1.000000
1.000000
1.000000
1.000000
1.000000
1.000000
1.000000
1.000000
1.000000
1.000000
1.000000
1.000000
1.000000
1.000000
1.000000
1.000000
1.000000
1.000000
1.000000
1.000000
1.000000
1.000000
1.000000
1.000000
1.000000
1.000000
1.000000
1.000000
1.000000
1.000000
1.000000
1.000000
1.000000
1.000000
1.000000
1.000000
1.000000
1.000000
1.000000
1.000000
1.000000
1.000000
1.000000
1.000000
1.000000
1.000000
1.000000
1.000000
1.000000
1.000000
1.000000
1.000000
1.000000
1.000000
1.000000
1.000000
1.000000
1.000000
1.000000
1.000000
1.000000
1.000000
1.000000
1.000000
1.000000
1.000000
1.000000
1.000000
1.000000
1.000000
1.000000
1.000000
1.000000
1.000000
1.000000
1.000000
1.000000
1.000000
