1.000000
1.000000
1.000000
1.000000
1.000000
1.000000
1.000000
1.000000
1.000000
1.000000
1.000000
1.000000
1.000000
1.000000
1.000000
1.000000
1.000000
1.000000
1.000000
1.000000
1.000000
1.000000
1.000000
1.000000
1.000000
1.000000
1.000000
1.000000
1.000000
1.000000
1.000000
1.000000
1.000000
1.000000
1.000000
1.000000
1.000000
1.000000
1.000000
1.000000
1.000000
1.000000
1.000000
1.000000
1.000000
1.000000
1.000000
1.000000
1.000000
1.000000
1.000000
1.000000
1.000000
1.000000
1.000000
1.000000
1.000000
1.000000
1.000000
1.000000
1.000000
1.000000
1.000000
1.000000
1.000000
1.000000
1.000000
1.000000
1.000000
1.000000
1.000000
1.000000
1.000000
1.000000
1.000000
1.000000
1.000000
1.000000
1.000000
1.000000
1.000000
1.000000
1.000000
1.000000
1.000000
1.000000
1.000000
1.000000
1.000000
1.000000
1.000000
1.000000
1.000000
1.000000
1.000000
1.000000
1.000000
1.000000
1.000000
1.000000
1.000000
1.000000
1.000000
1.000000
1.000000
1.000000
1.000000
1.000000
1.000000
1.000000
1.000000
1.000000
1.000000
1.000000
1.000000
1.000000
1.000000
1.000000
1.000000
1.000000
1.000000
1.000000
1.000000
1.000000
1.000000
1.000000
1.000000
1.000000
1.000000
1.000000
1.000000
1.000000
1.000000
1.000000
1.000000
1.000000
1.000000
1.000000
1.000000
1.000000
1.000000
1.000000
1.000000
1.000000
1.000000
1.000000
1.000000
1.000000
1.000000
1.000000
1.000000
1.000000
1.000000
1.000000
1.000000
1.000000
1.000000
1.000000
1.000000
1.000000
1.000000
1.000000
1.000000
1.000000
1.000000
1.000000
1.000000
1.000000
1.000000
1.000000
1.000000
1.000000
1.000000
1.000000
1.000000
1.000000
1.000000
1.000000
1.000000
1.000000
1.000000
1.000000
1.000000
1.000000
1.000000
1.000000
1.000000
1.000000
1.000000
1.000000
1.000000
1.000000
1.000000
1.000000
1.000000
1.000000
1.000000
1.000000
1.000000
1.000000
1.000000
1.000000
1.000000
1.000000
1.000000
1.000000
1.000000
1.000000
1.000000
1.000000
1.000000
1.000000
1.000000
1.000000
1.000000
1.000000
1.000000
1.000000
1.000000
1.000000
1.000000
1.000000
1.000000
1.000000
1.000000
1.000000
1.000000
1.000000
1.000000
1.000000
1.000000
1.000000
1.000000
1.000000
1.000000
1.000000
1.000000
1.000000
1.000000
1.000000
1.000000
1.000000
1.000000
1.000000
1.000000
1.000000
1.000000
1.000000
1.000000
1.000000
1.000000
1.000000
1.000000
1.000000
1.000000
1.000005
1.000013
1.000027
1.000037
1.000040
1.000040
1.000040
1.000041
1.000041
1.000040
1.000040
1.000036
1.000023
1.000013
1.000003
1.000000
1.000000
1.000000
1.000000
1.000000
1.000000
1.000000
1.000000
1.000000
1.000000
1.000000
1.000000
1.000000
1.000000
1.000000
1.000000
1.000000
1.000000
1.000000
1.000000
1.000000
1.000000
1.000000
1.000000
1.000000
1.000013
1.000077
1.000206
1.000354
1.000461
1.000514
1.000537
1.000545
1.000548
1.000549
1.000545
1.000532
1.000475
1.000343
1.000189
1.000079
1.000029
1.000009
1.000000
1.000000
1.000000
1.000000
1.000000
1.000000
1.000000
1.000000
1.000000
1.000000
1.000000
1.000000
1.000000
1.000000
1.000000
1.000000
1.000000
1.000000
1.000000
1.000000
1.000000
1.000000
1.000029
1.000195
1.000767
1.002053
1.003512
1.004573
1.005141
1.005380
1.005462
1.005488
1.005495
1.005470
1.005335
1.004804
1.003503
1.001954
1.000844
1.000291
1.000082
1.000021
1.000004
1.000000
1.000000
1.000000
1.000000
1.000000
1.000000
1.000000
1.000000
1.000000
1.000000
1.000000
1.000000
1.000000
1.000000
1.000000
1.000000
1.000000
1.000000
1.000002
1.000038
1.000258
1.001392
1.005391
1.014103
1.023932
1.031211
1.035233
1.037006
1.037657
1.037858
1.037895
1.037758
1.036933
1.033593
1.025055
1.014310
1.006277
1.002185
1.000625
1.000151
1.000032
1.000007
1.000000
1.000000
1.000000
1.000000
1.000000
1.000000
1.000000
1.000000
1.000000
1.000000
1.000000
1.000000
1.000000
1.000000
1.000000
1.000000
1.000000
1.000015
1.000169
1.001156
1.006039
1.022752
1.057537
1.096229
1.125605
1.142754
1.150897
1.154145
1.155250
1.155519
1.155122
1.152387
1.140802
1.109035
1.064704
1.029052
1.010214
1.002930
1.000708
1.000147
1.000027
1.000006
1.000000
1.000000
1.000000
1.000000
1.000000
1.000000
1.000000
1.000000
1.000000
1.000000
1.000000
1.000000
1.000000
1.000000
1.000000
1.000005
1.000046
1.000374
1.002504
1.012960
1.048172
1.119872
1.200472
1.264468
1.304569
1.325359
1.334496
1.337948
1.338980
1.338452
1.333500
1.311621
1.248082
1.151213
1.068496
1.023949
1.006796
1.001626
1.000337
1.000063
1.000012
1.000000
1.000000
1.000000
1.000000
1.000000
1.000000
1.000000
1.000000
1.000000
1.000000
1.000000
1.000000
1.000000
1.000000
1.000000
1.000009
1.000066
1.000553
1.003709
1.019192
1.071216
1.177086
1.299206
1.401134
1.469473
1.507815
1.526159
1.533727
1.536311
1.535991
1.529163
1.497736
1.402639
1.248461
1.112028
1.038547
1.010748
1.002532
1.000520
1.000095
1.000017
1.000001
1.000000
1.000000
1.000000
1.000000
1.000000
1.000000
1.000000
1.000000
1.000000
1.000000
1.000000
1.000000
1.000000
1.000000
1.000010
1.000080
1.000665
1.004473
1.023239
1.086620
1.216970
1.371840
1.507117
1.603104
1.660490
1.689837
1.702792
1.707606
1.707846
1.699609
1.660211
1.537808
1.332208
1.147875
1.049890
1.013658
1.003172
1.000644
1.000117
1.000020
1.000002
1.000000
1.000000
1.000000
1.000000
1.000000
1.000000
1.000000
1.000000
1.000000
1.000000
1.000000
1.000000
1.000000
1.000000
1.000010
1.000086
1.000717
1.004853
1.025306
1.094843
1.239638
1.416087
1.575837
1.694183
1.768357
1.808177
1.826618
1.833859
1.834836
1.825595
1.779949
1.636109
1.390842
1.171414
1.056831
1.015333
1.003523
1.000708
1.000128
1.000021
1.000002
1.000000
1.000000
1.000000
1.000000
1.000000
1.000000
1.000000
1.000000
1.000000
1.000000
1.000000
1.000000
1.000000
1.000000
1.000010
1.000088
1.000737
1.005006
1.026176
1.098499
1.250502
1.439029
1.613971
1.747461
1.833864
1.881791
1.904704
1.914013
1.915670
1.905748
1.855597
1.696697
1.425085
1.184169
1.060319
1.016123
1.003680
1.000735
1.000131
1.000022
1.000003
1.000000
1.000000
1.000000
1.000000
1.000000
1.000000
1.000000
1.000000
1.000000
1.000000
1.000000
1.000000
1.000000
1.000000
1.000010
1.000088
1.000745
1.005061
1.026488
1.099891
1.254986
1.449315
1.632303
1.774470
1.868327
1.921441
1.947327
1.958055
1.960195
1.949841
1.896802
1.728643
1.442040
1.190009
1.061801
1.016438
1.003740
1.000745
1.000132
1.000022
1.000003
1.000000
1.000000
1.000000
1.000000
1.000000
1.000000
1.000000
1.000000
1.000000
1.000000
1.000000
1.000000
1.000000
1.000000
1.000010
1.000088
1.000746
1.005076
1.026584
1.100352
1.256601
1.453347
1.640009
1.786428
1.884136
1.940039
1.967568
1.979096
1.981513
1.970913
1.916260
1.743177
1.449255
1.192307
1.062343
1.016547
1.003759
1.000748
1.000133
1.000022
1.000003
1.000000
1.000000
1.000000
1.000000
1.000000
1.000000
1.000000
1.000000
1.000000
1.000000
1.000000
1.000000
1.000000
1.000000
1.000010
1.000088
1.000746
1.005077
1.026598
1.100451
1.257044
1.454641
1.642741
1.790947
1.890352
1.947524
1.975818
1.987724
1.990271
1.979543
1.924103
1.748744
1.451762
1.193004
1.062482
1.016569
1.003761
1.000748
1.000133
1.000022
1.000003
1.000000
1.000000
1.000000
1.000000
1.000000
1.000000
1.000000
1.000000
1.000000
1.000000
1.000000
1.000000
1.000000
1.000000
1.000010
1.000088
1.000742
1.005054
1.026476
1.100074
1.256360
1.453851
1.642142
1.790762
1.890632
1.948173
1.976694
1.988710
1.991286
1.980474
1.924636
1.748303
1.450616
1.192176
1.062148
1.016471
1.003737
1.000743
1.000132
1.000022
1.000002
1.000000
1.000000
1.000000
1.000000
1.000000
1.000000
1.000000
1.000000
1.000000
1.000000
1.000000
1.000000
1.000000
1.000000
1.000010
1.000083
1.000708
1.004851
1.025510
1.096925
1.249844
1.444109
1.629779
1.776374
1.874749
1.931274
1.959185
1.970880
1.973281
1.962250
1.905874
1.729162
1.435207
1.184212
1.059333
1.015697
1.003559
1.000707
1.000125
1.000021
1.000002
1.000000
1.000000
1.000000
1.000000
1.000000
1.000000
1.000000
1.000000
1.000000
1.000000
1.000000
1.000000
1.000000
1.000000
1.000007
1.000069
1.000577
1.003974
1.021209
1.082346
1.217973
1.394233
1.564149
1.697923
1.786647
1.836702
1.860855
1.870665
1.872167
1.860414
1.803194
1.630396
1.362259
1.148943
1.047303
1.012442
1.002813
1.000559
1.000099
1.000015
1.000000
1.000000
1.000000
1.000000
1.000000
1.000000
1.000000
1.000000
1.000000
1.000000
1.000000
1.000000
1.000000
1.000000
1.000000
1.000002
1.000042
1.000367
1.002578
1.014014
1.055996
1.153790
1.284840
1.411832
1.510056
1.572921
1.606727
1.622167
1.627991
1.628010
1.616618
1.565638
1.423799
1.230672
1.092047
1.028985
1.007618
1.001721
1.000340
1.000059
1.000008
1.000000
1.000000
1.000000
1.000000
1.000000
1.000000
1.000000
1.000000
1.000000
1.000000
1.000000
1.000000
1.000000
1.000000
1.000000
1.000000
1.000020
1.000185
1.001315
1.007256
1.029644
1.083639
1.156832
1.226419
1.277836
1.308688
1.324090
1.330595
1.332786
1.332129
1.324373
1.292137
1.209793
1.110207
1.043545
1.013763
1.003638
1.000826
1.000162
1.000028
1.000003
1.000000
1.000000
1.000000
1.000000
1.000000
1.000000
1.000000
1.000000
1.000000
1.000000
1.000000
1.000000
1.000000
1.000000
1.000000
1.000000
1.000006
1.000072
1.000538
1.003006
1.012436
1.035502
1.066353
1.094445
1.113883
1.124666
1.129624
1.131552
1.132118
1.131663
1.128132
1.114095
1.080085
1.041600
1.016509
1.005266
1.001402
1.000319
1.000061
1.000010
1.000000
1.000000
1.000000
1.000000
1.000000
1.000000
1.000000
1.000000
1.000000
1.000000
1.000000
1.000000
1.000000
1.000000
1.000000
1.000000
1.000000
1.000000
1.000023
1.000182
1.001025
1.004269
1.012216
1.022579
1.031556
1.037370
1.040365
1.041642
1.042103
1.042219
1.042038
1.040839
1.036179
1.025170
1.013073
1.005227
1.001681
1.000450
1.000102
1.000019
1.000001
1.000000
1.000000
1.000000
1.000000
1.000000
1.000000
1.000000
1.000000
1.000000
1.000000
1.000000
1.000000
1.000000
1.000000
1.000000
1.000000
1.000000
1.000000
1.000007
1.000051
1.000295
1.001235
1.003530
1.006446
1.008861
1.010339
1.011055
1.011342
1.011439
1.011461
1.011407
1.011072
1.009789
1.006789
1.003533
1.001421
1.000459
1.000123
1.000027
1.000003
1.000000
1.000000
1.000000
1.000000
1.000000
1.000000
1.000000
1.000000
1.000000
1.000000
1.000000
1.000000
1.000000
1.000000
1.000000
1.000000
1.000000
1.000000
1.000000
1.000000
1.000012
1.000072
1.000307
1.000878
1.001588
1.002154
1.002487
1.002639
1.002697
1.002716
1.002722
1.002706
1.002626
1.002319
1.001606
1.000838
1.000338
1.000109
1.000028
1.000005
1.000000
1.000000
1.000000
1.000000
1.000000
1.000000
1.000000
1.000000
1.000000
1.000000
1.000000
1.000000
1.000000
1.000000
1.000000
1.000000
1.000000
1.000000
1.000000
1.000000
1.000000
1.000000
1.000015
1.000065
1.000191
1.000343
1.000461
1.000527
1.000558
1.000570
1.000573
1.000573
1.000570
1.000552
1.000488
1.000337
1.000176
1.000070
1.000021
1.000004
1.000000
1.000000
1.000000
1.000000
1.000000
1.000000
1.000000
1.000000
1.000000
1.000000
1.000000
1.000000
1.000000
1.000000
1.000000
1.000000
1.000000
1.000000
1.000000
1.000000
1.000000
1.000000
1.000000
1.000000
1.000010
1.000035
1.000064
1.000087
1.000100
1.000105
1.000107
1.000107
1.000107
1.000107
1.000104
1.000091
1.000064
1.000032
1.000011
1.000002
1.000000
1.000000
1.000000
1.000000
1.000000
1.000000
1.000000
1.000000
1.000000
1.000000
1.000000
1.000000
1.000000
1.000000
1.000000
1.000000
1.000000
1.000000
1.000000
1.000000
1.000000
1.000000
1.000000
1.000000
1.000000
1.000000
1.000005
1.000009
1.000013
1.000015
1.000015
1.000016
1.000016
1.000016
1.000015
1.000015
1.000013
1.000008
1.000003
1.000000
1.000000
1.000000
1.000000
1.000000
1.000000
1.000000
1.000000
1.000000
1.000000
1.000000
1.000000
1.000000
1.000000
1.000000
1.000000
1.000000
1.000000
1.000000
1.000000
1.000000
1.000000
1.000000
1.000000
1.000000
1.000000
1.000000
1.000000
1.000000
1.000000
1.000000
1.000000
1.000000
1.000000
1.000000
1.000000
1.000000
1.000000
1.000000
1.000000
1.000000
1.000000
1.000000
1.000000
1.000000
1.000000
1.000000
1.000000
1.000000
1.000000
1.000000
1.000000
1.000000
1.000000
1.000000
1.000000
1.000000
1.000000
1.000000
1.000000
1.000000
1.000000
1.000000
1.000000
1.000000
1.000000
1.000000
1.000000
1.000000
1.000000
1.000000
1.000000
1.000000
1.000000
1.000000
1.000000
1.000000
1.000000
1.000000
1.000000
1.000000
1.000000
1.000000
1.000000
1.000000
1.000000
1.000000
1.000000
1.000000
1.000000
1.000000
1.000000
1.000000
1.000000
1.000000
1.000000
1.000000
1.000000
1.000000
1.000000
1.000000
1.000000
1.000000
1.000000
1.000000
1.000000
1.000000
1.000000
1.000000
1.000000
1.000000
1.000000
1.000000
1.000000
1.000000
1.000000
1.000000
1.000000
1.000000
1.000000
1.000000
1.000000
1.000000
1.000000
1.000000
1.000000
1.000000
1.000000
1.000000
1.000000
1.000000
1.000000
1.000000
1.000000
1.000000
1.000000
1.000000
1.000000
1.000000
1.000000
1.000000
1.000000
1.000000
1.000000
1.000000
1.000000
1.000000
1.000000
1.000000
1.000000
1.000000
1.000000
1.000000
1.000000
1.000000
1.000000
1.000000
1.000000
1.000000
1.000000
1.000000
1.000000
1.000000
1.000000
1.000000
1.000000
1.000000
1.000000
1.000000
1.000000
1.000000
1.000000
1.000000
1.000000
1.000000
1.000000
1.000000
1.000000
1.000000
1.000000
1.000000
1.000000
1.000000
1.000000
1.000000
1.000000
1.000000
1.000000
1.000000
1.000000
1.000000
1.000000
1.000000
1.000000
1.000000
1.000000
1.000000
1.000000
1.000000
1.000000
1.000000
1.000000
1.000000
1.000000
1.000000
1.000000
1.000000
1.000000
1.000000
1.000000
1.000000
1.000000
1.000000
1.000000
1.000000
1.000000
1.000000
1.000000
1.000000
1.000000
1.000000
1.000000
1.000000
1.000000
1.000000
1.000000
1.000000
1.000000
1.000000
1.000000
1.000000
1.000000
1.000000
1.000000
1.000000
1.000000
1.000000
1.000000
1.000000
1.000000
1.000000
1.000000
1.000000
1.000000
1.000000
1.000000
1.000000
1.000000
1.000000
1.000000
1.000000
1.000000
1.000000
1.000000
1.000000
1.000000
1.000000
1.000000
1.000000
1.000000
1.000000
1.000000
1.000000
1.000000
1.000000
1.000000
1.000000
1.000000
1.000000
1.000000
1.000000
1.000000
1.000000
1.000000
1.000000
1.000000
1.000000
1.000000
1.000000
1.000000
1.000000
1.000000
1.000000
1.000000
1.000000
1.000000
1.000000
1.000000
1.000000
1.000000
1.000000
1.000000
1.000000
1.000000
1.000000
1.000000
1.000000
1.000000
1.000000
1.000000
1.000000
1.000000
1.000000
1.000000
1.000000
1.000000
1.000000
1.000000
1.000000
1.000000
1.000000
1.000000
1.000000
1.000000
1.000000
1.000000
1.000000
1.000000
1.000000
1.000000
1.000000
1.000000
1.000000
1.000000
1.000000
1.000000
1.000000
1.000000
1.000000
1.000000
1.000000
1.000000
1.000000
1.000000
1.000000
1.000000
1.000000
1.000000
1.000000
1.000000
1.000000
1.000000
1.000000
1.000000
1.000000
1.000000
1.000000
1.000000
1.000000
1.000000
1.000000
1.000000
1.000000
1.000000
1.000000
1.000000
1.000000
1.000000
1.000000
1.000000
1.000000
1.000000
1.000000
1.000000
1.000000
1.000000
1.000000
1.000000
1.000000
1.000000
1.000000
1.000000
1.000000
1.000000
1.000000
1.000000
1.000000
1.000000
1.000000
1.000000
1.000000
1.000000
1.000000
1.000000
1.000000
1.000000
1.000000
1.000000
1.000000
1.000000
1.000000
1.000000
1.000000
1.000000
1.000000
1.000000
1.000000
1.000000
1.000000
1.000000
1.000000
1.000000
1.000000
1.000000
1.000000
1.000000
1.000000
1.000000
1.000000
1.000000
1.000000
1.000000
1.000000
1.000000
1.000000
1.000000
1.000000
1.000000
1.000000
1.000000
1.000000
1.000000
1.000000
1.000000
1.000000
1.000000
1.000000
1.000000
