1.000000
1.000000
1.000000
1.000000
1.000000
1.000000
1.000000
1.000000
1.000000
1.000000
1.000000
1.000000
1.000000
1.000000
1.000000
1.000000
1.000000
1.000000
1.000000
1.000000
1.000000
1.000000
1.000000
1.000000
1.000000
1.000000
1.000000
1.000000
1.000000
1.000000
1.000000
1.000000
1.000000
1.000000
1.000000
1.000000
1.000000
1.000000
1.000000
1.000000
1.000000
1.000000
1.000000
1.000000
1.000000
1.000000
1.000000
1.000000
1.000000
1.000000
1.000000
1.000000
1.000000
1.000000
1.000000
1.000000
1.000000
1.000000
1.000000
1.000000
1.000000
1.000000
1.000000
1.000000
1.000000
1.000000
1.000000
1.000000
1.000000
1.000000
1.000000
1.000000
1.000000
1.000000
1.000000
1.000000
1.000000
1.000000
1.000000
1.000000
1.000000
1.000000
1.000000
1.000000
1.000000
1.000000
1.000000
1.000000
1.000000
1.000000
1.000000
1.000000
1.000000
1.000000
1.000000
1.000000
1.000000
1.000000
1.000000
1.000000
1.000000
1.000000
1.000000
1.000000
1.000000
1.000000
1.000000
1.000000
1.000000
1.000000
1.000000
1.000000
1.000000
1.000000
1.000000
1.000000
1.000000
1.000000
1.000000
1.000000
1.000000
1.000000
1.000000
1.000000
1.000000
1.000000
1.000000
1.000000
1.000000
1.000000
1.000000
1.000000
1.000000
1.000000
1.000000
1.000000
1.000000
1.000000
1.000000
1.000000
1.000000
1.000000
1.000000
1.000000
1.000000
1.000000
1.000000
1.000000
1.000000
1.000000
1.000000
1.000000
1.000000
1.000000
1.000000
1.000000
1.000000
1.000000
1.000000
1.000000
1.000000
1.000000
1.000000
1.000000
1.000000
1.000000
1.000000
1.000000
1.000000
1.000000
1.000000
1.000000
1.000000
1.000000
1.000000
1.000000
1.000000
1.000000
1.000000
1.000000
1.000000
1.000000
1.000000
1.000000
1.000000
1.000000
1.000000
1.000000
1.000000
1.000000
1.000000
1.000000
1.000000
1.000000
1.000000
1.000000
1.000000
1.000000
1.000000
1.000000
1.000000
1.000000
1.000000
1.000000
1.000000
1.000000
1.000000
1.000000
1.000000
1.000000
1.000000
1.000000
1.000000
1.000000
1.000000
1.000000
1.000000
1.000000
1.000000
1.000000
1.000000
1.000000
1.000000
1.000000
1.000000
1.000000
1.000000
1.000000
1.000000
1.000000
1.000000
1.000000
1.000000
1.000000
1.000000
1.000000
1.000000
1.000000
1.000000
1.000000
1.000000
1.000000
1.000000
1.000000
1.000000
1.000000
1.000000
1.000000
1.000000
1.000000
1.000000
1.000000
1.000000
1.000000
1.000000
1.000010
1.000013
1.000027
1.000040
1.000051
1.000054
1.000055
1.000056
1.000056
1.000055
1.000054
1.000046
1.000036
1.000022
1.000010
1.000000
1.000000
1.000000
1.000000
1.000000
1.000000
1.000000
1.000000
1.000000
1.000000
1.000000
1.000000
1.000000
1.000000
1.000000
1.000000
1.000000
1.000000
1.000000
1.000000
1.000000
1.000000
1.000000
1.000000
1.000000
1.000013
1.000085
1.000214
1.000379
1.000508
1.000583
1.000620
1.000633
1.000639
1.000641
1.000637
1.000621
1.000558
1.000426
1.000257
1.000125
1.000051
1.000018
1.000005
1.000000
1.000000
1.000000
1.000000
1.000000
1.000000
1.000000
1.000000
1.000000
1.000000
1.000000
1.000000
1.000000
1.000000
1.000000
1.000000
1.000000
1.000000
1.000000
1.000000
1.000006
1.000044
1.000214
1.000754
1.001879
1.003237
1.004337
1.005005
1.005327
1.005456
1.005499
1.005514
1.005484
1.005343
1.004854
1.003737
1.002301
1.001129
1.000451
1.000150
1.000045
1.000011
1.000000
1.000000
1.000000
1.000000
1.000000
1.000000
1.000000
1.000000
1.000000
1.000000
1.000000
1.000000
1.000000
1.000000
1.000000
1.000000
1.000000
1.000000
1.000010
1.000050
1.000287
1.001341
1.004633
1.011327
1.019333
1.025891
1.029967
1.032010
1.032865
1.033172
1.033244
1.033114
1.032367
1.029677
1.023289
1.014663
1.007315
1.002947
1.000984
1.000279
1.000068
1.000015
1.000002
1.000000
1.000000
1.000000
1.000000
1.000000
1.000000
1.000000
1.000000
1.000000
1.000000
1.000000
1.000000
1.000000
1.000000
1.000000
1.000000
1.000023
1.000200
1.001166
1.005310
1.017915
1.042601
1.071649
1.095763
1.111360
1.119646
1.123372
1.124813
1.125234
1.124914
1.122631
1.114016
1.092227
1.060091
1.030718
1.012524
1.004201
1.001192
1.000293
1.000063
1.000015
1.000001
1.000000
1.000000
1.000000
1.000000
1.000000
1.000000
1.000000
1.000000
1.000000
1.000000
1.000000
1.000000
1.000000
1.000000
1.000013
1.000064
1.000452
1.002603
1.011733
1.038998
1.091198
1.152665
1.205239
1.241162
1.261683
1.271720
1.275974
1.277443
1.277137
1.273040
1.256729
1.213003
1.142838
1.074214
1.030309
1.010103
1.002845
1.000693
1.000150
1.000032
1.000007
1.000000
1.000000
1.000000
1.000000
1.000000
1.000000
1.000000
1.000000
1.000000
1.000000
1.000000
1.000000
1.000000
1.000000
1.000013
1.000100
1.000702
1.004062
1.018258
1.060398
1.140673
1.236707
1.322080
1.383835
1.421679
1.441699
1.450930
1.454522
1.454725
1.449154
1.425519
1.359090
1.245210
1.128050
1.051834
1.017030
1.004728
1.001138
1.000245
1.000049
1.000009
1.000000
1.000000
1.000000
1.000000
1.000000
1.000000
1.000000
1.000000
1.000000
1.000000
1.000000
1.000000
1.000000
1.000000
1.000015
1.000124
1.000885
1.005129
1.023105
1.076597
1.179191
1.304801
1.420920
1.509376
1.566972
1.599521
1.615602
1.622416
1.623715
1.617188
1.587348
1.500422
1.344466
1.179096
1.071380
1.023027
1.006290
1.001497
1.000318
1.000063
1.000012
1.000000
1.000000
1.000000
1.000000
1.000000
1.000000
1.000000
1.000000
1.000000
1.000000
1.000000
1.000000
1.000000
1.000000
1.000017
1.000140
1.000991
1.005741
1.025955
1.086465
1.203815
1.350845
1.491487
1.603301
1.679736
1.725236
1.748944
1.759613
1.762428
1.755389
1.720522
1.616398
1.424535
1.218557
1.085619
1.027148
1.007313
1.001721
1.000362
1.000070
1.000013
1.000000
1.000000
1.000000
1.000000
1.000000
1.000000
1.000000
1.000000
1.000000
1.000000
1.000000
1.000000
1.000000
1.000000
1.000017
1.000146
1.001037
1.006031
1.027347
1.091506
1.217198
1.377611
1.535127
1.664463
1.756148
1.812860
1.843578
1.857987
1.862387
1.855117
1.816345
1.698801
1.479580
1.244166
1.094247
1.029489
1.007863
1.001840
1.000384
1.000073
1.000013
1.000000
1.000000
1.000000
1.000000
1.000000
1.000000
1.000000
1.000000
1.000000
1.000000
1.000000
1.000000
1.000000
1.000000
1.000018
1.000147
1.001054
1.006148
1.027928
1.093724
1.223509
1.391196
1.558787
1.699463
1.801705
1.866631
1.902735
1.920138
1.925862
1.918494
1.876894
1.749833
1.512186
1.258363
1.098696
1.030621
1.008116
1.001889
1.000393
1.000074
1.000013
1.000000
1.000000
1.000000
1.000000
1.000000
1.000000
1.000000
1.000000
1.000000
1.000000
1.000000
1.000000
1.000000
1.000000
1.000018
1.000148
1.001061
1.006189
1.028138
1.094577
1.226122
1.397276
1.570119
1.717162
1.825699
1.895764
1.935370
1.954778
1.961412
1.953993
1.910543
1.777476
1.528960
1.265173
1.100681
1.031095
1.008217
1.001907
1.000396
1.000074
1.000013
1.000000
1.000000
1.000000
1.000000
1.000000
1.000000
1.000000
1.000000
1.000000
1.000000
1.000000
1.000000
1.000000
1.000000
1.000018
1.000148
1.001061
1.006199
1.028192
1.094829
1.227017
1.399602
1.574834
1.724988
1.836776
1.909606
1.951154
1.971700
1.978856
1.971400
1.926868
1.790453
1.536336
1.267907
1.101400
1.031249
1.008245
1.001913
1.000396
1.000074
1.000013
1.000000
1.000000
1.000000
1.000000
1.000000
1.000000
1.000000
1.000000
1.000000
1.000000
1.000000
1.000000
1.000000
1.000000
1.000017
1.000147
1.001056
1.006171
1.028080
1.094549
1.226637
1.399468
1.575439
1.726757
1.839875
1.913891
1.956294
1.977346
1.984727
1.977211
1.932048
1.793869
1.537329
1.267641
1.101082
1.031109
1.008202
1.001901
1.000393
1.000074
1.000013
1.000000
1.000000
1.000000
1.000000
1.000000
1.000000
1.000000
1.000000
1.000000
1.000000
1.000000
1.000000
1.000000
1.000000
1.000017
1.000141
1.001016
1.005959
1.027221
1.092086
1.221917
1.392696
1.567162
1.717489
1.829975
1.903583
1.945719
1.966595
1.973835
1.966055
1.920138
1.780564
1.524361
1.259083
1.097325
1.029869
1.007863
1.001821
1.000378
1.000070
1.000012
1.000000
1.000000
1.000000
1.000000
1.000000
1.000000
1.000000
1.000000
1.000000
1.000000
1.000000
1.000000
1.000000
1.000000
1.000014
1.000123
1.000867
1.005131
1.023723
1.081653
1.200754
1.360475
1.525282
1.667603
1.773681
1.842483
1.881366
1.900290
1.906399
1.897606
1.849947
1.709274
1.463091
1.222544
1.082214
1.025034
1.006566
1.001518
1.000314
1.000057
1.000009
1.000000
1.000000
1.000000
1.000000
1.000000
1.000000
1.000000
1.000000
1.000000
1.000000
1.000000
1.000000
1.000000
1.000000
1.000010
1.000082
1.000612
1.003665
1.017247
1.060922
1.154604
1.284277
1.419992
1.536890
1.622566
1.676600
1.706051
1.719707
1.723174
1.713068
1.665937
1.536462
1.332947
1.153964
1.055930
1.016951
1.004440
1.001023
1.000211
1.000040
1.000005
1.000000
1.000000
1.000000
1.000000
1.000000
1.000000
1.000000
1.000000
1.000000
1.000000
1.000000
1.000000
1.000000
1.000000
1.000003
1.000045
1.000353
1.002125
1.010162
1.036738
1.095890
1.179702
1.267494
1.341496
1.393580
1.424707
1.440648
1.447459
1.448248
1.439261
1.402722
1.311235
1.184456
1.083288
1.030147
1.009171
1.002412
1.000557
1.000113
1.000020
1.000002
1.000000
1.000000
1.000000
1.000000
1.000000
1.000000
1.000000
1.000000
1.000000
1.000000
1.000000
1.000000
1.000000
1.000000
1.000000
1.000021
1.000166
1.001008
1.004879
1.017909
1.047485
1.089447
1.132392
1.166965
1.189824
1.202540
1.208576
1.210899
1.210655
1.205334
1.185501
1.139280
1.080659
1.036273
1.013221
1.004056
1.001073
1.000248
1.000050
1.000007
1.000000
1.000000
1.000000
1.000000
1.000000
1.000000
1.000000
1.000000
1.000000
1.000000
1.000000
1.000000
1.000000
1.000000
1.000000
1.000000
1.000008
1.000061
1.000398
1.001947
1.007207
1.019209
1.035981
1.052499
1.065055
1.072804
1.076807
1.078570
1.079175
1.078923
1.076680
1.068713
1.050884
1.029289
1.013241
1.004874
1.001507
1.000401
1.000092
1.000018
1.000001
1.000000
1.000000
1.000000
1.000000
1.000000
1.000000
1.000000
1.000000
1.000000
1.000000
1.000000
1.000000
1.000000
1.000000
1.000000
1.000000
1.000000
1.000019
1.000134
1.000661
1.002455
1.006541
1.012134
1.017424
1.021233
1.023441
1.024508
1.024949
1.025083
1.024973
1.024222
1.021624
1.015926
1.009171
1.004173
1.001548
1.000482
1.000128
1.000028
1.000004
1.000000
1.000000
1.000000
1.000000
1.000000
1.000000
1.000000
1.000000
1.000000
1.000000
1.000000
1.000000
1.000000
1.000000
1.000000
1.000000
1.000000
1.000000
1.000004
1.000036
1.000192
1.000722
1.001922
1.003532
1.005001
1.006012
1.006568
1.006822
1.006920
1.006950
1.006913
1.006699
1.005971
1.004388
1.002531
1.001157
1.000431
1.000134
1.000034
1.000007
1.000000
1.000000
1.000000
1.000000
1.000000
1.000000
1.000000
1.000000
1.000000
1.000000
1.000000
1.000000
1.000000
1.000000
1.000000
1.000000
1.000000
1.000000
1.000000
1.000000
1.000008
1.000049
1.000186
1.000496
1.000904
1.001267
1.001507
1.001633
1.001688
1.001710
1.001717
1.001704
1.001652
1.001471
1.001080
1.000623
1.000285
1.000106
1.000032
1.000008
1.000000
1.000000
1.000000
1.000000
1.000000
1.000000
1.000000
1.000000
1.000000
1.000000
1.000000
1.000000
1.000000
1.000000
1.000000
1.000000
1.000000
1.000000
1.000000
1.000000
1.000000
1.000000
1.000008
1.000042
1.000113
1.000206
1.000286
1.000337
1.000364
1.000377
1.000380
1.000381
1.000378
1.000365
1.000326
1.000239
1.000137
1.000062
1.000021
1.000005
1.000000
1.000000
1.000000
1.000000
1.000000
1.000000
1.000000
1.000000
1.000000
1.000000
1.000000
1.000000
1.000000
1.000000
1.000000
1.000000
1.000000
1.000000
1.000000
1.000000
1.000000
1.000000
1.000000
1.000000
1.000006
1.000021
1.000040
1.000057
1.000068
1.000073
1.000075
1.000075
1.000075
1.000075
1.000073
1.000064
1.000047
1.000026
1.000009
1.000002
1.000000
1.000000
1.000000
1.000000
1.000000
1.000000
1.000000
1.000000
1.000000
1.000000
1.000000
1.000000
1.000000
1.000000
1.000000
1.000000
1.000000
1.000000
1.000000
1.000000
1.000000
1.000000
1.000000
1.000000
1.000000
1.000000
1.000002
1.000006
1.000009
1.000010
1.000011
1.000011
1.000011
1.000011
1.000011
1.000010
1.000009
1.000006
1.000002
1.000000
1.000000
1.000000
1.000000
1.000000
1.000000
1.000000
1.000000
1.000000
1.000000
1.000000
1.000000
1.000000
1.000000
1.000000
1.000000
1.000000
1.000000
1.000000
1.000000
1.000000
1.000000
1.000000
1.000000
1.000000
1.000000
1.000000
1.000000
1.000000
1.000000
1.000000
1.000000
1.000000
1.000000
1.000000
1.000000
1.000000
1.000000
1.000000
1.000000
1.000000
1.000000
1.000000
1.000000
1.000000
1.000000
1.000000
1.000000
1.000000
1.000000
1.000000
1.000000
1.000000
1.000000
1.000000
1.000000
1.000000
1.000000
1.000000
1.000000
1.000000
1.000000
1.000000
1.000000
1.000000
1.000000
1.000000
1.000000
1.000000
1.000000
1.000000
1.000000
1.000000
1.000000
1.000000
1.000000
1.000000
1.000000
1.000000
1.000000
1.000000
1.000000
1.000000
1.000000
1.000000
1.000000
1.000000
1.000000
1.000000
1.000000
1.000000
1.000000
1.000000
1.000000
1.000000
1.000000
1.000000
1.000000
1.000000
1.000000
1.000000
1.000000
1.000000
1.000000
1.000000
1.000000
1.000000
1.000000
1.000000
1.000000
1.000000
1.000000
1.000000
1.000000
1.000000
1.000000
1.000000
1.000000
1.000000
1.000000
1.000000
1.000000
1.000000
1.000000
1.000000
1.000000
1.000000
1.000000
1.000000
1.000000
1.000000
1.000000
1.000000
1.000000
1.000000
1.000000
1.000000
1.000000
1.000000
1.000000
1.000000
1.000000
1.000000
1.000000
1.000000
1.000000
1.000000
1.000000
1.000000
1.000000
1.000000
1.000000
1.000000
1.000000
1.000000
1.000000
1.000000
1.000000
1.000000
1.000000
1.000000
1.000000
1.000000
1.000000
1.000000
1.000000
1.000000
1.000000
1.000000
1.000000
1.000000
1.000000
1.000000
1.000000
1.000000
1.000000
1.000000
1.000000
1.000000
1.000000
1.000000
1.000000
1.000000
1.000000
1.000000
1.000000
1.000000
1.000000
1.000000
1.000000
1.000000
1.000000
1.000000
1.000000
1.000000
1.000000
1.000000
1.000000
1.000000
1.000000
1.000000
1.000000
1.000000
1.000000
1.000000
1.000000
1.000000
1.000000
1.000000
1.000000
1.000000
1.000000
1.000000
1.000000
1.000000
1.000000
1.000000
1.000000
1.000000
1.000000
1.000000
1.000000
1.000000
1.000000
1.000000
1.000000
1.000000
1.000000
1.000000
1.000000
1.000000
1.000000
1.000000
1.000000
1.000000
1.000000
1.000000
1.000000
1.000000
1.000000
1.000000
1.000000
1.000000
1.000000
1.000000
1.000000
1.000000
1.000000
1.000000
1.000000
1.000000
1.000000
1.000000
1.000000
1.000000
1.000000
1.000000
1.000000
1.000000
1.000000
1.000000
1.000000
1.000000
1.000000
1.000000
1.000000
1.000000
1.000000
1.000000
1.000000
1.000000
1.000000
1.000000
1.000000
1.000000
1.000000
1.000000
1.000000
1.000000
1.000000
1.000000
1.000000
1.000000
1.000000
1.000000
1.000000
1.000000
1.000000
1.000000
1.000000
1.000000
1.000000
1.000000
1.000000
1.000000
1.000000
1.000000
1.000000
1.000000
1.000000
1.000000
1.000000
1.000000
1.000000
1.000000
1.000000
1.000000
1.000000
1.000000
1.000000
1.000000
1.000000
1.000000
1.000000
1.000000
1.000000
1.000000
1.000000
1.000000
1.000000
1.000000
1.000000
1.000000
1.000000
1.000000
1.000000
1.000000
1.000000
1.000000
1.000000
1.000000
1.000000
1.000000
1.000000
1.000000
1.000000
1.000000
1.000000
1.000000
1.000000
1.000000
1.000000
1.000000
1.000000
1.000000
1.000000
1.000000
1.000000
1.000000
1.000000
1.000000
1.000000
1.000000
1.000000
1.000000
1.000000
1.000000
1.000000
1.000000
1.000000
1.000000
1.000000
1.000000
1.000000
1.000000
1.000000
1.000000
1.000000
1.000000
1.000000
1.000000
1.000000
1.000000
1.000000
1.000000
1.000000
1.000000
1.000000
1.000000
1.000000
1.000000
1.000000
1.000000
1.000000
1.000000
1.000000
1.000000
