1.000000
1.000000
1.000000
1.000000
1.000000
1.000000
1.000000
1.000000
1.000000
1.000000
1.000000
1.000000
1.000000
1.000000
1.000000
1.000000
1.000000
1.000000
1.000000
1.000000
1.000000
1.000000
1.000000
1.000000
1.000000
1.000000
1.000000
1.000000
1.000000
1.000000
1.000000
1.000000
1.000000
1.000000
1.000000
1.000000
1.000000
1.000000
1.000000
1.000000
1.000000
1.000000
1.000000
1.000000
1.000000
1.000000
1.000000
1.000000
1.000000
1.000000
1.000000
1.000000
1.000000
1.000000
1.000000
1.000000
1.000000
1.000000
1.000000
1.000000
1.000000
1.000000
1.000000
1.000000
1.000000
1.000000
1.000000
1.000000
1.000000
1.000000
1.000000
1.000000
1.000000
1.000000
1.000000
1.000000
1.000000
1.000000
1.000000
1.000000
1.000000
1.000000
1.000000
1.000000
1.000000
1.000000
1.000000
1.000000
1.000000
1.000000
1.000000
1.000000
1.000000
1.000000
1.000000
1.000000
1.000000
1.000000
1.000000
1.000000
1.000000
1.000000
1.000000
1.000000
1.000000
1.000000
1.000000
1.000000
1.000000
1.000000
1.000000
1.000000
1.000000
1.000000
1.000000
1.000000
1.000000
1.000000
1.000000
1.000000
1.000000
1.000000
1.000000
1.000000
1.000000
1.000000
1.000000
1.000000
1.000000
1.000000
1.000000
1.000000
1.000000
1.000000
1.000000
1.000000
1.000000
1.000000
1.000000
1.000000
1.000000
1.000000
1.000000
1.000000
1.000000
1.000000
1.000000
1.000000
1.000000
1.000000
1.000000
1.000000
1.000000
1.000000
1.000000
1.000000
1.000000
1.000000
1.000000
1.000000
1.000000
1.000000
1.000000
1.000000
1.000000
1.000000
1.000000
1.000000
1.000000
1.000000
1.000000
1.000000
1.000000
1.000000
1.000000
1.000000
1.000000
1.000000
1.000000
1.000000
1.000000
1.000000
1.000000
1.000000
1.000000
1.000000
1.000000
1.000000
1.000000
1.000000
1.000000
1.000000
1.000000
1.000000
1.000000
1.000000
1.000000
1.000000
1.000000
1.000000
1.000000
1.000000
1.000000
1.000000
1.000000
1.000000
1.000000
1.000000
1.000000
1.000000
1.000000
1.000000
1.000000
1.000000
1.000000
1.000000
1.000000
1.000000
1.000000
1.000000
1.000000
1.000000
1.000000
1.000000
1.000000
1.000000
1.000000
1.000000
1.000000
1.000000
1.000000
1.000000
1.000000
1.000000
1.000000
1.000000
1.000000
1.000000
1.000000
1.000000
1.000000
1.000000
1.000000
1.000000
1.000000
1.000000
1.000000
1.000000
1.000000
1.000000
1.000000
1.000000
1.000000
1.000000
1.000000
1.000010
1.000013
1.000027
1.000040
1.000056
1.000062
1.000062
1.000063
1.000063
1.000062
1.000061
1.000053
1.000041
1.000028
1.000014
1.000001
1.000000
1.000000
1.000000
1.000000
1.000000
1.000000
1.000000
1.000000
1.000000
1.000000
1.000000
1.000000
1.000000
1.000000
1.000000
1.000000
1.000000
1.000000
1.000000
1.000000
1.000000
1.000000
1.000000
1.000000
1.000013
1.000085
1.000216
1.000384
1.000517
1.000605
1.000647
1.000663
1.000673
1.000674
1.000670
1.000654
1.000587
1.000457
1.000288
1.000147
1.000062
1.000022
1.000009
1.000000
1.000000
1.000000
1.000000
1.000000
1.000000
1.000000
1.000000
1.000000
1.000000
1.000000
1.000000
1.000000
1.000000
1.000000
1.000000
1.000000
1.000000
1.000000
1.000000
1.000010
1.000049
1.000217
1.000734
1.001783
1.003077
1.004169
1.004868
1.005225
1.005376
1.005429
1.005447
1.005419
1.005278
1.004814
1.003781
1.002419
1.001248
1.000528
1.000187
1.000057
1.000014
1.000001
1.000000
1.000000
1.000000
1.000000
1.000000
1.000000
1.000000
1.000000
1.000000
1.000000
1.000000
1.000000
1.000000
1.000000
1.000000
1.000000
1.000000
1.000013
1.000053
1.000296
1.001296
1.004282
1.010203
1.017438
1.023604
1.027623
1.029745
1.030684
1.031040
1.031134
1.031013
1.030311
1.027895
1.022309
1.014580
1.007655
1.003271
1.001164
1.000353
1.000092
1.000020
1.000006
1.000000
1.000000
1.000000
1.000000
1.000000
1.000000
1.000000
1.000000
1.000000
1.000000
1.000000
1.000000
1.000000
1.000000
1.000000
1.000000
1.000027
1.000208
1.001149
1.004958
1.016018
1.037215
1.062684
1.084594
1.099369
1.107588
1.111469
1.113050
1.113547
1.113274
1.111196
1.103682
1.085239
1.057537
1.030954
1.013402
1.004795
1.001455
1.000383
1.000087
1.000019
1.000005
1.000000
1.000000
1.000000
1.000000
1.000000
1.000000
1.000000
1.000000
1.000000
1.000000
1.000000
1.000000
1.000000
1.000000
1.000013
1.000071
1.000477
1.002596
1.011070
1.035225
1.080487
1.134727
1.182531
1.216361
1.236459
1.246722
1.251279
1.252946
1.252763
1.249054
1.234814
1.197768
1.137396
1.075306
1.032757
1.011672
1.003518
1.000919
1.000212
1.000046
1.000010
1.000000
1.000000
1.000000
1.000000
1.000000
1.000000
1.000000
1.000000
1.000000
1.000000
1.000000
1.000000
1.000000
1.000000
1.000014
1.000115
1.000761
1.004138
1.017584
1.055631
1.126446
1.212323
1.290598
1.348951
1.385975
1.406350
1.416166
1.420186
1.420656
1.415666
1.394965
1.338367
1.239762
1.132578
1.057367
1.020188
1.006005
1.001548
1.000356
1.000074
1.000016
1.000001
1.000000
1.000000
1.000000
1.000000
1.000000
1.000000
1.000000
1.000000
1.000000
1.000000
1.000000
1.000000
1.000000
1.000019
1.000147
1.000979
1.005334
1.022695
1.071881
1.163891
1.277742
1.385307
1.469511
1.526155
1.559412
1.576572
1.584218
1.586043
1.580329
1.554164
1.479694
1.343471
1.189840
1.081111
1.028055
1.008208
1.002092
1.000476
1.000098
1.000020
1.000003
1.000000
1.000000
1.000000
1.000000
1.000000
1.000000
1.000000
1.000000
1.000000
1.000000
1.000000
1.000000
1.000000
1.000021
1.000167
1.001113
1.006063
1.025883
1.082331
1.189008
1.323893
1.455569
1.563045
1.638920
1.685865
1.711445
1.723571
1.727308
1.721367
1.690784
1.601045
1.431677
1.236973
1.099655
1.033863
1.009759
1.002457
1.000553
1.000114
1.000022
1.000003
1.000000
1.000000
1.000000
1.000000
1.000000
1.000000
1.000000
1.000000
1.000000
1.000000
1.000000
1.000000
1.000000
1.000021
1.000178
1.001179
1.006431
1.027536
1.087981
1.203378
1.351985
1.500918
1.626522
1.718570
1.777846
1.811499
1.828173
1.834002
1.828144
1.794092
1.692046
1.496213
1.269823
1.111781
1.037431
1.010663
1.002661
1.000594
1.000121
1.000023
1.000003
1.000000
1.000000
1.000000
1.000000
1.000000
1.000000
1.000000
1.000000
1.000000
1.000000
1.000000
1.000000
1.000000
1.000021
1.000180
1.001203
1.006588
1.028270
1.090619
1.210531
1.366974
1.526703
1.664593
1.768381
1.837156
1.877354
1.897882
1.905568
1.899903
1.863253
1.752035
1.537238
1.289508
1.118562
1.039300
1.011109
1.002759
1.000612
1.000124
1.000024
1.000003
1.000000
1.000000
1.000000
1.000000
1.000000
1.000000
1.000000
1.000000
1.000000
1.000000
1.000000
1.000000
1.000000
1.000021
1.000180
1.001215
1.006648
1.028555
1.091698
1.213669
1.374051
1.539711
1.684876
1.796062
1.871137
1.915860
1.939147
1.948200
1.942706
1.904261
1.786870
1.560026
1.299757
1.121851
1.040149
1.011302
1.002798
1.000620
1.000124
1.000024
1.000003
1.000000
1.000000
1.000000
1.000000
1.000000
1.000000
1.000000
1.000000
1.000000
1.000000
1.000000
1.000000
1.000000
1.000021
1.000181
1.001216
1.006665
1.028639
1.092052
1.214830
1.376943
1.545464
1.694402
1.809652
1.888343
1.935757
1.960726
1.970629
1.965237
1.925665
1.804565
1.570976
1.304304
1.123184
1.040463
1.011366
1.002812
1.000621
1.000125
1.000024
1.000003
1.000000
1.000000
1.000000
1.000000
1.000000
1.000000
1.000000
1.000000
1.000000
1.000000
1.000000
1.000000
1.000000
1.000021
1.000180
1.001210
1.006639
1.028538
1.091833
1.214624
1.377173
1.546729
1.697250
1.814343
1.894755
1.943487
1.969295
1.979617
1.974236
1.933962
1.810760
1.573858
1.304802
1.123035
1.040337
1.011320
1.002795
1.000617
1.000124
1.000023
1.000003
1.000000
1.000000
1.000000
1.000000
1.000000
1.000000
1.000000
1.000000
1.000000
1.000000
1.000000
1.000000
1.000000
1.000020
1.000172
1.001168
1.006429
1.027740
1.089661
1.210594
1.371527
1.540026
1.690022
1.806946
1.887356
1.936119
1.961936
1.972207
1.966584
1.925506
1.800591
1.562778
1.296507
1.118973
1.038876
1.010888
1.002686
1.000595
1.000119
1.000022
1.000003
1.000000
1.000000
1.000000
1.000000
1.000000
1.000000
1.000000
1.000000
1.000000
1.000000
1.000000
1.000000
1.000000
1.000018
1.000153
1.001016
1.005635
1.024589
1.080720
1.192973
1.345035
1.505856
1.649534
1.761364
1.837833
1.883786
1.907790
1.916925
1.910241
1.867291
1.740212
1.507747
1.260560
1.102738
1.033277
1.009282
1.002284
1.000505
1.000100
1.000018
1.000002
1.000000
1.000000
1.000000
1.000000
1.000000
1.000000
1.000000
1.000000
1.000000
1.000000
1.000000
1.000000
1.000000
1.000013
1.000109
1.000744
1.004176
1.018533
1.062341
1.153460
1.280758
1.417586
1.540056
1.634380
1.697554
1.734444
1.752976
1.759085
1.750534
1.706525
1.584955
1.382827
1.188667
1.072884
1.023444
1.006525
1.001603
1.000353
1.000070
1.000011
1.000000
1.000000
1.000000
1.000000
1.000000
1.000000
1.000000
1.000000
1.000000
1.000000
1.000000
1.000000
1.000000
1.000000
1.000007
1.000063
1.000451
1.002547
1.011489
1.039562
1.100156
1.187099
1.281256
1.364480
1.426659
1.466509
1.488560
1.498886
1.501231
1.492461
1.455433
1.362427
1.225925
1.108030
1.041394
1.013338
1.003727
1.000917
1.000200
1.000040
1.000005
1.000000
1.000000
1.000000
1.000000
1.000000
1.000000
1.000000
1.000000
1.000000
1.000000
1.000000
1.000000
1.000000
1.000000
1.000000
1.000030
1.000225
1.001283
1.005857
1.020497
1.052799
1.099485
1.149310
1.191783
1.221862
1.239933
1.249249
1.253222
1.253478
1.247525
1.225318
1.173849
1.105314
1.049885
1.019202
1.006238
1.001755
1.000433
1.000093
1.000018
1.000001
1.000000
1.000000
1.000000
1.000000
1.000000
1.000000
1.000000
1.000000
1.000000
1.000000
1.000000
1.000000
1.000000
1.000000
1.000000
1.000014
1.000092
1.000541
1.002494
1.008809
1.022846
1.042925
1.063675
1.080476
1.091629
1.097869
1.100856
1.102005
1.101820
1.099023
1.089278
1.067770
1.040653
1.019315
1.007506
1.002461
1.000696
1.000172
1.000038
1.000005
1.000000
1.000000
1.000000
1.000000
1.000000
1.000000
1.000000
1.000000
1.000000
1.000000
1.000000
1.000000
1.000000
1.000000
1.000000
1.000000
1.000001
1.000030
1.000194
1.000905
1.003212
1.008334
1.015530
1.022695
1.028200
1.031635
1.033434
1.034239
1.034517
1.034393
1.033373
1.029946
1.022576
1.013529
1.006466
1.002535
1.000837
1.000237
1.000057
1.000012
1.000000
1.000000
1.000000
1.000000
1.000000
1.000000
1.000000
1.000000
1.000000
1.000000
1.000000
1.000000
1.000000
1.000000
1.000000
1.000000
1.000000
1.000000
1.000011
1.000060
1.000284
1.001013
1.002626
1.004849
1.006987
1.008557
1.009486
1.009946
1.010141
1.010202
1.010153
1.009840
1.008810
1.006623
1.003974
1.001909
1.000753
1.000249
1.000070
1.000016
1.000001
1.000000
1.000000
1.000000
1.000000
1.000000
1.000000
1.000000
1.000000
1.000000
1.000000
1.000000
1.000000
1.000000
1.000000
1.000000
1.000000
1.000000
1.000000
1.000000
1.000015
1.000078
1.000281
1.000728
1.001332
1.001899
1.002298
1.002525
1.002633
1.002676
1.002691
1.002674
1.002590
1.002316
1.001739
1.001044
1.000503
1.000199
1.000065
1.000017
1.000002
1.000000
1.000000
1.000000
1.000000
1.000000
1.000000
1.000000
1.000000
1.000000
1.000000
1.000000
1.000000
1.000000
1.000000
1.000000
1.000000
1.000000
1.000000
1.000000
1.000000
1.000001
1.000017
1.000068
1.000178
1.000326
1.000461
1.000553
1.000603
1.000627
1.000638
1.000639
1.000635
1.000615
1.000549
1.000412
1.000247
1.000118
1.000047
1.000013
1.000001
1.000000
1.000000
1.000000
1.000000
1.000000
1.000000
1.000000
1.000000
1.000000
1.000000
1.000000
1.000000
1.000000
1.000000
1.000000
1.000000
1.000000
1.000000
1.000000
1.000000
1.000000
1.000000
1.000002
1.000012
1.000036
1.000068
1.000099
1.000119
1.000131
1.000135
1.000137
1.000137
1.000136
1.000132
1.000117
1.000089
1.000053
1.000023
1.000007
1.000000
1.000000
1.000000
1.000000
1.000000
1.000000
1.000000
1.000000
1.000000
1.000000
1.000000
1.000000
1.000000
1.000000
1.000000
1.000000
1.000000
1.000000
1.000000
1.000000
1.000000
1.000000
1.000000
1.000000
1.000000
1.000000
1.000006
1.000012
1.000017
1.000021
1.000024
1.000025
1.000025
1.000025
1.000025
1.000024
1.000020
1.000014
1.000007
1.000002
1.000000
1.000000
1.000000
1.000000
1.000000
1.000000
1.000000
1.000000
1.000000
1.000000
1.000000
1.000000
1.000000
1.000000
1.000000
1.000000
1.000000
1.000000
1.000000
1.000000
1.000000
1.000000
1.000000
1.000000
1.000000
1.000000
1.000000
1.000000
1.000000
1.000001
1.000002
1.000003
1.000003
1.000003
1.000003
1.000003
1.000002
1.000002
1.000000
1.000000
1.000000
1.000000
1.000000
1.000000
1.000000
1.000000
1.000000
1.000000
1.000000
1.000000
1.000000
1.000000
1.000000
1.000000
1.000000
1.000000
1.000000
1.000000
1.000000
1.000000
1.000000
1.000000
1.000000
1.000000
1.000000
1.000000
1.000000
1.000000
1.000000
1.000000
1.000000
1.000000
1.000000
1.000000
1.000000
1.000000
1.000000
1.000000
1.000000
1.000000
1.000000
1.000000
1.000000
1.000000
1.000000
1.000000
1.000000
1.000000
1.000000
1.000000
1.000000
1.000000
1.000000
1.000000
1.000000
1.000000
1.000000
1.000000
1.000000
1.000000
1.000000
1.000000
1.000000
1.000000
1.000000
1.000000
1.000000
1.000000
1.000000
1.000000
1.000000
1.000000
1.000000
1.000000
1.000000
1.000000
1.000000
1.000000
1.000000
1.000000
1.000000
1.000000
1.000000
1.000000
1.000000
1.000000
1.000000
1.000000
1.000000
1.000000
1.000000
1.000000
1.000000
1.000000
1.000000
1.000000
1.000000
1.000000
1.000000
1.000000
1.000000
1.000000
1.000000
1.000000
1.000000
1.000000
1.000000
1.000000
1.000000
1.000000
1.000000
1.000000
1.000000
1.000000
1.000000
1.000000
1.000000
1.000000
1.000000
1.000000
1.000000
1.000000
1.000000
1.000000
1.000000
1.000000
1.000000
1.000000
1.000000
1.000000
1.000000
1.000000
1.000000
1.000000
1.000000
1.000000
1.000000
1.000000
1.000000
1.000000
1.000000
1.000000
1.000000
1.000000
1.000000
1.000000
1.000000
1.000000
1.000000
1.000000
1.000000
1.000000
1.000000
1.000000
1.000000
1.000000
1.000000
1.000000
1.000000
1.000000
1.000000
1.000000
1.000000
1.000000
1.000000
1.000000
1.000000
1.000000
1.000000
1.000000
1.000000
1.000000
1.000000
1.000000
1.000000
1.000000
1.000000
1.000000
1.000000
1.000000
1.000000
1.000000
1.000000
1.000000
1.000000
1.000000
1.000000
1.000000
1.000000
1.000000
1.000000
1.000000
1.000000
1.000000
1.000000
1.000000
1.000000
1.000000
1.000000
1.000000
1.000000
1.000000
1.000000
1.000000
1.000000
1.000000
1.000000
1.000000
1.000000
1.000000
1.000000
1.000000
1.000000
1.000000
1.000000
1.000000
1.000000
1.000000
1.000000
1.000000
1.000000
1.000000
1.000000
1.000000
1.000000
1.000000
1.000000
1.000000
1.000000
1.000000
1.000000
1.000000
1.000000
1.000000
1.000000
1.000000
1.000000
1.000000
1.000000
1.000000
1.000000
1.000000
1.000000
1.000000
1.000000
1.000000
1.000000
1.000000
1.000000
1.000000
1.000000
1.000000
1.000000
1.000000
1.000000
1.000000
1.000000
1.000000
1.000000
1.000000
1.000000
1.000000
1.000000
1.000000
1.000000
1.000000
1.000000
1.000000
1.000000
1.000000
1.000000
1.000000
1.000000
1.000000
1.000000
1.000000
1.000000
1.000000
1.000000
1.000000
1.000000
1.000000
1.000000
1.000000
1.000000
1.000000
1.000000
1.000000
1.000000
1.000000
1.000000
1.000000
1.000000
1.000000
1.000000
1.000000
1.000000
1.000000
1.000000
1.000000
1.000000
1.000000
1.000000
1.000000
1.000000
1.000000
1.000000
1.000000
1.000000
1.000000
1.000000
1.000000
1.000000
1.000000
1.000000
1.000000
1.000000
1.000000
1.000000
1.000000
1.000000
1.000000
1.000000
1.000000
1.000000
1.000000
1.000000
1.000000
1.000000
1.000000
1.000000
1.000000
1.000000
1.000000
1.000000
1.000000
1.000000
1.000000
1.000000
1.000000
1.000000
1.000000
1.000000
1.000000
1.000000
1.000000
