1.000000
1.000000
1.000000
1.000000
1.000000
1.000000
1.000000
1.000000
1.000000
1.000000
1.000000
1.000000
1.000000
1.000000
1.000000
1.000000
1.000000
1.000000
1.000000
1.000000
1.000000
1.000000
1.000000
1.000000
1.000000
1.000000
1.000000
1.000000
1.000000
1.000000
1.000000
1.000000
1.000000
1.000000
1.000000
1.000000
1.000000
1.000000
1.000000
1.000000
1.000000
1.000000
1.000000
1.000000
1.000000
1.000000
1.000000
1.000000
1.000000
1.000000
1.000000
1.000000
1.000000
1.000000
1.000000
1.000000
1.000000
1.000000
1.000000
1.000000
1.000000
1.000000
1.000000
1.000000
1.000000
1.000000
1.000000
1.000000
1.000000
1.000000
1.000000
1.000000
1.000000
1.000000
1.000000
1.000000
1.000000
1.000000
1.000000
1.000000
1.000000
1.000000
1.000000
1.000000
1.000000
1.000000
1.000000
1.000000
1.000000
1.000000
1.000000
1.000000
1.000000
1.000000
1.000000
1.000000
1.000000
1.000000
1.000000
1.000000
1.000000
1.000000
1.000000
1.000000
1.000000
1.000000
1.000000
1.000000
1.000000
1.000000
1.000000
1.000000
1.000000
1.000000
1.000000
1.000000
1.000000
1.000000
1.000000
1.000000
1.000000
1.000000
1.000000
1.000000
1.000000
1.000000
1.000000
1.000000
1.000000
1.000000
1.000000
1.000000
1.000000
1.000000
1.000000
1.000000
1.000000
1.000000
1.000000
1.000000
1.000000
1.000000
1.000000
1.000000
1.000000
1.000000
1.000000
1.000000
1.000000
1.000000
1.000000
1.000000
1.000000
1.000000
1.000000
1.000000
1.000000
1.000000
1.000000
1.000000
1.000000
1.000000
1.000000
1.000000
1.000000
1.000000
1.000000
1.000000
1.000000
1.000000
1.000000
1.000000
1.000000
1.000000
1.000000
1.000000
1.000000
1.000000
1.000000
1.000000
1.000000
1.000000
1.000000
1.000000
1.000000
1.000000
1.000000
1.000000
1.000000
1.000000
1.000000
1.000000
1.000000
1.000000
1.000000
1.000000
1.000000
1.000000
1.000000
1.000000
1.000000
1.000000
1.000000
1.000000
1.000000
1.000000
1.000000
1.000000
1.000000
1.000000
1.000000
1.000000
1.000000
1.000000
1.000000
1.000000
1.000000
1.000000
1.000000
1.000000
1.000000
1.000000
1.000000
1.000000
1.000000
1.000000
1.000000
1.000000
1.000000
1.000000
1.000000
1.000000
1.000000
1.000000
1.000000
1.000000
1.000000
1.000000
1.000000
1.000000
1.000000
1.000000
1.000000
1.000000
1.000000
1.000000
1.000000
1.000000
1.000000
1.000000
1.000000
1.000000
1.000000
1.000000
1.000000
1.000010
1.000013
1.000027
1.000040
1.000054
1.000058
1.000058
1.000059
1.000059
1.000058
1.000057
1.000049
1.000039
1.000025
1.000012
1.000000
1.000000
1.000000
1.000000
1.000000
1.000000
1.000000
1.000000
1.000000
1.000000
1.000000
1.000000
1.000000
1.000000
1.000000
1.000000
1.000000
1.000000
1.000000
1.000000
1.000000
1.000000
1.000000
1.000000
1.000000
1.000013
1.000085
1.000215
1.000382
1.000513
1.000594
1.000633
1.000647
1.000655
1.000656
1.000652
1.000635
1.000571
1.000440
1.000271
1.000135
1.000056
1.000020
1.000007
1.000000
1.000000
1.000000
1.000000
1.000000
1.000000
1.000000
1.000000
1.000000
1.000000
1.000000
1.000000
1.000000
1.000000
1.000000
1.000000
1.000000
1.000000
1.000000
1.000000
1.000008
1.000046
1.000215
1.000747
1.001838
1.003169
1.004267
1.004950
1.005288
1.005427
1.005474
1.005489
1.005460
1.005319
1.004841
1.003761
1.002356
1.001182
1.000484
1.000166
1.000049
1.000013
1.000000
1.000000
1.000000
1.000000
1.000000
1.000000
1.000000
1.000000
1.000000
1.000000
1.000000
1.000000
1.000000
1.000000
1.000000
1.000000
1.000000
1.000000
1.000011
1.000051
1.000291
1.001322
1.004479
1.010825
1.018489
1.024879
1.028936
1.031016
1.031909
1.032238
1.032319
1.032192
1.031465
1.028896
1.022871
1.014644
1.007474
1.003091
1.001062
1.000310
1.000078
1.000017
1.000004
1.000000
1.000000
1.000000
1.000000
1.000000
1.000000
1.000000
1.000000
1.000000
1.000000
1.000000
1.000000
1.000000
1.000000
1.000000
1.000000
1.000025
1.000204
1.001161
1.005157
1.017064
1.040156
1.067584
1.090719
1.105964
1.114229
1.118028
1.119532
1.119985
1.119686
1.117492
1.109375
1.089123
1.059001
1.030859
1.012923
1.004461
1.001304
1.000330
1.000072
1.000017
1.000003
1.000000
1.000000
1.000000
1.000000
1.000000
1.000000
1.000000
1.000000
1.000000
1.000000
1.000000
1.000000
1.000000
1.000000
1.000013
1.000067
1.000463
1.002604
1.011449
1.037317
1.086360
1.144566
1.195020
1.230038
1.250394
1.260543
1.264935
1.266491
1.266237
1.262311
1.246936
1.206277
1.140558
1.074802
1.031420
1.010788
1.003130
1.000786
1.000175
1.000038
1.000008
1.000000
1.000000
1.000000
1.000000
1.000000
1.000000
1.000000
1.000000
1.000000
1.000000
1.000000
1.000000
1.000000
1.000000
1.000013
1.000107
1.000729
1.004101
1.017980
1.058298
1.134293
1.225768
1.307998
1.368286
1.405809
1.426014
1.435514
1.439296
1.439614
1.434298
1.411987
1.350060
1.243085
1.130244
1.054310
1.018395
1.005265
1.001307
1.000290
1.000059
1.000012
1.000000
1.000000
1.000000
1.000000
1.000000
1.000000
1.000000
1.000000
1.000000
1.000000
1.000000
1.000000
1.000000
1.000000
1.000017
1.000134
1.000927
1.005227
1.022950
1.074541
1.172372
1.292729
1.405083
1.491725
1.548972
1.581884
1.598465
1.605651
1.607178
1.601006
1.572821
1.491580
1.344488
1.184088
1.075670
1.025174
1.007089
1.001739
1.000381
1.000076
1.000015
1.000001
1.000000
1.000000
1.000000
1.000000
1.000000
1.000000
1.000000
1.000000
1.000000
1.000000
1.000000
1.000000
1.000000
1.000019
1.000151
1.001046
1.005889
1.025951
1.084677
1.197241
1.338870
1.475595
1.585592
1.661887
1.708102
1.732673
1.743992
1.747207
1.740644
1.707697
1.610110
1.428267
1.226904
1.091721
1.029984
1.008321
1.002018
1.000437
1.000087
1.000016
1.000001
1.000000
1.000000
1.000000
1.000000
1.000000
1.000000
1.000000
1.000000
1.000000
1.000000
1.000000
1.000000
1.000000
1.000019
1.000160
1.001098
1.006212
1.027455
1.089988
1.211069
1.366248
1.520041
1.647860
1.739843
1.797787
1.829845
1.845258
1.850274
1.843610
1.806939
1.696401
1.487504
1.255594
1.101784
1.032813
1.009009
1.002168
1.000466
1.000091
1.000017
1.000001
1.000000
1.000000
1.000000
1.000000
1.000000
1.000000
1.000000
1.000000
1.000000
1.000000
1.000000
1.000000
1.000000
1.000019
1.000161
1.001119
1.006345
1.028100
1.092387
1.217749
1.380457
1.544657
1.684251
1.787332
1.854064
1.892017
1.910793
1.917356
1.910710
1.871297
1.751361
1.523722
1.272062
1.107163
1.034231
1.009335
1.002236
1.000479
1.000093
1.000017
1.000001
1.000000
1.000000
1.000000
1.000000
1.000000
1.000000
1.000000
1.000000
1.000000
1.000000
1.000000
1.000000
1.000000
1.000019
1.000162
1.001127
1.006393
1.028341
1.093334
1.220588
1.386969
1.556723
1.703089
1.812953
1.885330
1.927223
1.948319
1.955979
1.949368
1.908116
1.782073
1.543003
1.280253
1.109654
1.034846
1.009469
1.002262
1.000483
1.000093
1.000017
1.000001
1.000000
1.000000
1.000000
1.000000
1.000000
1.000000
1.000000
1.000000
1.000000
1.000000
1.000000
1.000000
1.000000
1.000019
1.000162
1.001128
1.006407
1.028408
1.093629
1.221593
1.389535
1.561882
1.711648
1.825112
1.900618
1.944764
1.967221
1.975532
1.968935
1.926572
1.797009
1.551826
1.283693
1.110603
1.035058
1.009510
1.002270
1.000484
1.000093
1.000017
1.000001
1.000000
1.000000
1.000000
1.000000
1.000000
1.000000
1.000000
1.000000
1.000000
1.000000
1.000000
1.000000
1.000000
1.000019
1.000161
1.001123
1.006379
1.028299
1.093374
1.221287
1.389556
1.562768
1.713875
1.828885
1.905798
1.950989
1.974083
1.982694
1.976061
1.933031
1.801553
1.553560
1.283708
1.110339
1.034920
1.009465
1.002256
1.000480
1.000093
1.000017
1.000001
1.000000
1.000000
1.000000
1.000000
1.000000
1.000000
1.000000
1.000000
1.000000
1.000000
1.000000
1.000000
1.000000
1.000018
1.000154
1.001082
1.006167
1.027467
1.091040
1.216877
1.383290
1.555198
1.705517
1.820093
1.896767
1.941808
1.964797
1.973299
1.966407
1.922597
1.789576
1.541354
1.275216
1.106434
1.033582
1.009087
1.002164
1.000463
1.000088
1.000016
1.000001
1.000000
1.000000
1.000000
1.000000
1.000000
1.000000
1.000000
1.000000
1.000000
1.000000
1.000000
1.000000
1.000000
1.000016
1.000136
1.000931
1.005353
1.024123
1.081285
1.197345
1.353715
1.516879
1.659965
1.768723
1.840964
1.882932
1.904016
1.911376
1.903443
1.857819
1.723168
1.482759
1.238843
1.090804
1.028414
1.007659
1.001820
1.000388
1.000073
1.000012
1.000000
1.000000
1.000000
1.000000
1.000000
1.000000
1.000000
1.000000
1.000000
1.000000
1.000000
1.000000
1.000000
1.000000
1.000011
1.000093
1.000668
1.003888
1.017825
1.061602
1.154206
1.282950
1.419344
1.538898
1.628515
1.686590
1.719238
1.734931
1.739464
1.729959
1.684101
1.557940
1.354579
1.168632
1.062940
1.019584
1.005270
1.001249
1.000265
1.000051
1.000007
1.000000
1.000000
1.000000
1.000000
1.000000
1.000000
1.000000
1.000000
1.000000
1.000000
1.000000
1.000000
1.000000
1.000000
1.000005
1.000052
1.000394
1.002306
1.010744
1.038007
1.097858
1.183168
1.273905
1.352060
1.408574
1.443427
1.461905
1.470131
1.471514
1.462547
1.425671
1.333300
1.202003
1.093542
1.034721
1.010835
1.002928
1.000695
1.000146
1.000028
1.000003
1.000000
1.000000
1.000000
1.000000
1.000000
1.000000
1.000000
1.000000
1.000000
1.000000
1.000000
1.000000
1.000000
1.000000
1.000000
1.000024
1.000190
1.001124
1.005299
1.019038
1.049829
1.093896
1.139864
1.177840
1.203736
1.218645
1.225987
1.228946
1.228875
1.223250
1.202342
1.153777
1.090848
1.041805
1.015612
1.004913
1.001336
1.000318
1.000066
1.000012
1.000000
1.000000
1.000000
1.000000
1.000000
1.000000
1.000000
1.000000
1.000000
1.000000
1.000000
1.000000
1.000000
1.000000
1.000000
1.000000
1.000011
1.000073
1.000457
1.002177
1.007887
1.020768
1.038962
1.057275
1.071594
1.080724
1.085611
1.087844
1.088650
1.088414
1.085932
1.077204
1.057806
1.033891
1.015664
1.005906
1.001875
1.000512
1.000122
1.000025
1.000003
1.000000
1.000000
1.000000
1.000000
1.000000
1.000000
1.000000
1.000000
1.000000
1.000000
1.000000
1.000000
1.000000
1.000000
1.000000
1.000000
1.000000
1.000024
1.000158
1.000761
1.002769
1.007291
1.013555
1.019617
1.024110
1.026802
1.028150
1.028726
1.028913
1.028794
1.027932
1.024990
1.018599
1.010903
1.005071
1.001928
1.000616
1.000168
1.000039
1.000007
1.000000
1.000000
1.000000
1.000000
1.000000
1.000000
1.000000
1.000000
1.000000
1.000000
1.000000
1.000000
1.000000
1.000000
1.000000
1.000000
1.000000
1.000000
1.000007
1.000046
1.000229
1.000840
1.002210
1.004070
1.005807
1.007038
1.007738
1.008069
1.008202
1.008243
1.008201
1.007947
1.007097
1.005269
1.003093
1.001446
1.000553
1.000176
1.000048
1.000010
1.000000
1.000000
1.000000
1.000000
1.000000
1.000000
1.000000
1.000000
1.000000
1.000000
1.000000
1.000000
1.000000
1.000000
1.000000
1.000000
1.000000
1.000000
1.000000
1.000000
1.000012
1.000060
1.000223
1.000589
1.001075
1.001518
1.001819
1.001983
1.002057
1.002087
1.002096
1.002082
1.002017
1.001800
1.001334
1.000784
1.000367
1.000140
1.000045
1.000011
1.000000
1.000000
1.000000
1.000000
1.000000
1.000000
1.000000
1.000000
1.000000
1.000000
1.000000
1.000000
1.000000
1.000000
1.000000
1.000000
1.000000
1.000000
1.000000
1.000000
1.000000
1.000000
1.000013
1.000052
1.000138
1.000252
1.000354
1.000420
1.000456
1.000473
1.000479
1.000479
1.000476
1.000461
1.000412
1.000305
1.000178
1.000082
1.000031
1.000008
1.000000
1.000000
1.000000
1.000000
1.000000
1.000000
1.000000
1.000000
1.000000
1.000000
1.000000
1.000000
1.000000
1.000000
1.000000
1.000000
1.000000
1.000000
1.000000
1.000000
1.000000
1.000000
1.000000
1.000000
1.000008
1.000027
1.000051
1.000073
1.000087
1.000095
1.000098
1.000098
1.000098
1.000098
1.000095
1.000084
1.000063
1.000036
1.000014
1.000003
1.000000
1.000000
1.000000
1.000000
1.000000
1.000000
1.000000
1.000000
1.000000
1.000000
1.000000
1.000000
1.000000
1.000000
1.000000
1.000000
1.000000
1.000000
1.000000
1.000000
1.000000
1.000000
1.000000
1.000000
1.000000
1.000000
1.000004
1.000008
1.000012
1.000014
1.000015
1.000015
1.000015
1.000015
1.000015
1.000015
1.000013
1.000009
1.000004
1.000000
1.000000
1.000000
1.000000
1.000000
1.000000
1.000000
1.000000
1.000000
1.000000
1.000000
1.000000
1.000000
1.000000
1.000000
1.000000
1.000000
1.000000
1.000000
1.000000
1.000000
1.000000
1.000000
1.000000
1.000000
1.000000
1.000000
1.000000
1.000000
1.000000
1.000000
1.000000
1.000000
1.000001
1.000001
1.000001
1.000001
1.000000
1.000000
1.000000
1.000000
1.000000
1.000000
1.000000
1.000000
1.000000
1.000000
1.000000
1.000000
1.000000
1.000000
1.000000
1.000000
1.000000
1.000000
1.000000
1.000000
1.000000
1.000000
1.000000
1.000000
1.000000
1.000000
1.000000
1.000000
1.000000
1.000000
1.000000
1.000000
1.000000
1.000000
1.000000
1.000000
1.000000
1.000000
1.000000
1.000000
1.000000
1.000000
1.000000
1.000000
1.000000
1.000000
1.000000
1.000000
1.000000
1.000000
1.000000
1.000000
1.000000
1.000000
1.000000
1.000000
1.000000
1.000000
1.000000
1.000000
1.000000
1.000000
1.000000
1.000000
1.000000
1.000000
1.000000
1.000000
1.000000
1.000000
1.000000
1.000000
1.000000
1.000000
1.000000
1.000000
1.000000
1.000000
1.000000
1.000000
1.000000
1.000000
1.000000
1.000000
1.000000
1.000000
1.000000
1.000000
1.000000
1.000000
1.000000
1.000000
1.000000
1.000000
1.000000
1.000000
1.000000
1.000000
1.000000
1.000000
1.000000
1.000000
1.000000
1.000000
1.000000
1.000000
1.000000
1.000000
1.000000
1.000000
1.000000
1.000000
1.000000
1.000000
1.000000
1.000000
1.000000
1.000000
1.000000
1.000000
1.000000
1.000000
1.000000
1.000000
1.000000
1.000000
1.000000
1.000000
1.000000
1.000000
1.000000
1.000000
1.000000
1.000000
1.000000
1.000000
1.000000
1.000000
1.000000
1.000000
1.000000
1.000000
1.000000
1.000000
1.000000
1.000000
1.000000
1.000000
1.000000
1.000000
1.000000
1.000000
1.000000
1.000000
1.000000
1.000000
1.000000
1.000000
1.000000
1.000000
1.000000
1.000000
1.000000
1.000000
1.000000
1.000000
1.000000
1.000000
1.000000
1.000000
1.000000
1.000000
1.000000
1.000000
1.000000
1.000000
1.000000
1.000000
1.000000
1.000000
1.000000
1.000000
1.000000
1.000000
1.000000
1.000000
1.000000
1.000000
1.000000
1.000000
1.000000
1.000000
1.000000
1.000000
1.000000
1.000000
1.000000
1.000000
1.000000
1.000000
1.000000
1.000000
1.000000
1.000000
1.000000
1.000000
1.000000
1.000000
1.000000
1.000000
1.000000
1.000000
1.000000
1.000000
1.000000
1.000000
1.000000
1.000000
1.000000
1.000000
1.000000
1.000000
1.000000
1.000000
1.000000
1.000000
1.000000
1.000000
1.000000
1.000000
1.000000
1.000000
1.000000
1.000000
1.000000
1.000000
1.000000
1.000000
1.000000
1.000000
1.000000
1.000000
1.000000
1.000000
1.000000
1.000000
1.000000
1.000000
1.000000
1.000000
1.000000
1.000000
1.000000
1.000000
1.000000
1.000000
1.000000
1.000000
1.000000
1.000000
1.000000
1.000000
1.000000
1.000000
1.000000
1.000000
1.000000
1.000000
1.000000
1.000000
1.000000
1.000000
1.000000
1.000000
1.000000
1.000000
1.000000
1.000000
1.000000
1.000000
1.000000
1.000000
1.000000
1.000000
1.000000
1.000000
1.000000
1.000000
1.000000
1.000000
1.000000
1.000000
1.000000
1.000000
1.000000
1.000000
1.000000
1.000000
1.000000
1.000000
1.000000
1.000000
1.000000
1.000000
1.000000
1.000000
1.000000
1.000000
1.000000
1.000000
1.000000
1.000000
1.000000
1.000000
1.000000
1.000000
1.000000
1.000000
1.000000
1.000000
1.000000
1.000000
1.000000
1.000000
1.000000
1.000000
1.000000
1.000000
1.000000
1.000000
1.000000
1.000000
1.000000
1.000000
1.000000
1.000000
1.000000
1.000000
1.000000
1.000000
1.000000
1.000000
1.000000
1.000000
1.000000
1.000000
1.000000
1.000000
1.000000
1.000000
