1.000000
1.000000
1.000000
1.000000
1.000000
1.000000
1.000000
1.000000
1.000000
1.000000
1.000000
1.000000
1.000000
1.000000
1.000000
1.000000
1.000000
1.000000
1.000000
1.000000
1.000000
1.000000
1.000000
1.000000
1.000000
1.000000
1.000000
1.000000
1.000000
1.000000
1.000000
1.000000
1.000000
1.000000
1.000000
1.000000
1.000000
1.000000
1.000000
1.000000
1.000000
1.000000
1.000000
1.000000
1.000000
1.000000
1.000000
1.000000
1.000000
1.000000
1.000000
1.000000
1.000000
1.000000
1.000000
1.000000
1.000000
1.000000
1.000000
1.000000
1.000000
1.000000
1.000000
1.000000
1.000000
1.000000
1.000000
1.000000
1.000000
1.000000
1.000000
1.000000
1.000000
1.000000
1.000000
1.000000
1.000000
1.000000
1.000000
1.000000
1.000000
1.000000
1.000000
1.000000
1.000000
1.000000
1.000000
1.000000
1.000000
1.000000
1.000000
1.000000
1.000000
1.000000
1.000000
1.000000
1.000000
1.000000
1.000000
1.000000
1.000000
1.000000
1.000000
1.000000
1.000000
1.000000
1.000000
1.000000
1.000000
1.000000
1.000000
1.000000
1.000000
1.000000
1.000000
1.000000
1.000000
1.000000
1.000000
1.000000
1.000000
1.000000
1.000000
1.000000
1.000000
1.000000
1.000000
1.000000
1.000000
1.000000
1.000000
1.000000
1.000000
1.000000
1.000000
1.000000
1.000000
1.000000
1.000000
1.000000
1.000000
1.000000
1.000000
1.000000
1.000000
1.000000
1.000000
1.000000
1.000000
1.000000
1.000000
1.000000
1.000000
1.000000
1.000000
1.000000
1.000000
1.000000
1.000000
1.000000
1.000000
1.000000
1.000000
1.000000
1.000000
1.000000
1.000000
1.000000
1.000000
1.000000
1.000000
1.000000
1.000000
1.000000
1.000000
1.000000
1.000000
1.000000
1.000000
1.000000
1.000000
1.000000
1.000000
1.000000
1.000000
1.000000
1.000000
1.000000
1.000000
1.000000
1.000000
1.000000
1.000000
1.000000
1.000000
1.000000
1.000000
1.000000
1.000000
1.000000
1.000000
1.000000
1.000000
1.000000
1.000000
1.000000
1.000000
1.000000
1.000000
1.000000
1.000000
1.000000
1.000000
1.000000
1.000000
1.000000
1.000000
1.000000
1.000000
1.000000
1.000000
1.000000
1.000000
1.000000
1.000000
1.000000
1.000000
1.000000
1.000000
1.000000
1.000000
1.000000
1.000000
1.000000
1.000000
1.000000
1.000000
1.000000
1.000000
1.000000
1.000000
1.000000
1.000000
1.000000
1.000000
1.000000
1.000000
1.000000
1.000000
1.000000
1.000000
1.000000
1.000000
1.000000
1.000000
1.000008
1.000013
1.000027
1.000040
1.000046
1.000049
1.000050
1.000050
1.000050
1.000050
1.000049
1.000043
1.000031
1.000016
1.000007
1.000000
1.000000
1.000000
1.000000
1.000000
1.000000
1.000000
1.000000
1.000000
1.000000
1.000000
1.000000
1.000000
1.000000
1.000000
1.000000
1.000000
1.000000
1.000000
1.000000
1.000000
1.000000
1.000000
1.000000
1.000000
1.000013
1.000083
1.000214
1.000373
1.000496
1.000563
1.000594
1.000608
1.000610
1.000612
1.000608
1.000593
1.000531
1.000400
1.000234
1.000108
1.000042
1.000016
1.000002
1.000000
1.000000
1.000000
1.000000
1.000000
1.000000
1.000000
1.000000
1.000000
1.000000
1.000000
1.000000
1.000000
1.000000
1.000000
1.000000
1.000000
1.000000
1.000000
1.000000
1.000003
1.000040
1.000210
1.000764
1.001945
1.003344
1.004441
1.005078
1.005373
1.005485
1.005523
1.005534
1.005506
1.005365
1.004859
1.003678
1.002196
1.001034
1.000394
1.000125
1.000035
1.000009
1.000000
1.000000
1.000000
1.000000
1.000000
1.000000
1.000000
1.000000
1.000000
1.000000
1.000000
1.000000
1.000000
1.000000
1.000000
1.000000
1.000000
1.000000
1.000007
1.000045
1.000279
1.001367
1.004897
1.012229
1.020842
1.027674
1.031761
1.033726
1.034514
1.034784
1.034842
1.034708
1.033930
1.031023
1.023964
1.014631
1.007004
1.002691
1.000854
1.000230
1.000054
1.000012
1.000000
1.000000
1.000000
1.000000
1.000000
1.000000
1.000000
1.000000
1.000000
1.000000
1.000000
1.000000
1.000000
1.000000
1.000000
1.000000
1.000000
1.000021
1.000192
1.001171
1.005570
1.019464
1.047184
1.079236
1.105089
1.121264
1.129550
1.133132
1.134461
1.134827
1.134477
1.132039
1.122498
1.097755
1.061851
1.030332
1.011786
1.003756
1.001011
1.000236
1.000049
1.000011
1.000000
1.000000
1.000000
1.000000
1.000000
1.000000
1.000000
1.000000
1.000000
1.000000
1.000000
1.000000
1.000000
1.000000
1.000000
1.000010
1.000056
1.000427
1.002588
1.012197
1.042006
1.100151
1.167630
1.223976
1.261413
1.282139
1.291932
1.295931
1.297250
1.296858
1.292468
1.274420
1.224807
1.146346
1.072784
1.028262
1.008937
1.002385
1.000551
1.000114
1.000024
1.000004
1.000000
1.000000
1.000000
1.000000
1.000000
1.000000
1.000000
1.000000
1.000000
1.000000
1.000000
1.000000
1.000000
1.000000
1.000013
1.000087
1.000653
1.003970
1.018672
1.064065
1.152287
1.256641
1.347556
1.411740
1.449980
1.469572
1.478290
1.481544
1.481555
1.475548
1.449465
1.374444
1.247818
1.123488
1.047404
1.014755
1.003881
1.000886
1.000181
1.000037
1.000006
1.000000
1.000000
1.000000
1.000000
1.000000
1.000000
1.000000
1.000000
1.000000
1.000000
1.000000
1.000000
1.000000
1.000000
1.000013
1.000108
1.000811
1.004934
1.023277
1.080102
1.191442
1.326526
1.449193
1.540569
1.598490
1.630210
1.645333
1.651479
1.652396
1.645266
1.612390
1.514699
1.342641
1.169483
1.063942
1.019536
1.005058
1.001142
1.000230
1.000044
1.000007
1.000000
1.000000
1.000000
1.000000
1.000000
1.000000
1.000000
1.000000
1.000000
1.000000
1.000000
1.000000
1.000000
1.000000
1.000014
1.000121
1.000896
1.005461
1.025864
1.089460
1.215533
1.372212
1.519551
1.634147
1.710399
1.754350
1.776418
1.785931
1.788078
1.780242
1.741892
1.625524
1.415821
1.203245
1.075331
1.022637
1.005785
1.001293
1.000258
1.000048
1.000007
1.000000
1.000000
1.000000
1.000000
1.000000
1.000000
1.000000
1.000000
1.000000
1.000000
1.000000
1.000000
1.000000
1.000000
1.000015
1.000124
1.000932
1.005699
1.027067
1.094030
1.228102
1.397807
1.561579
1.693050
1.783667
1.837853
1.866075
1.878729
1.882111
1.873849
1.831324
1.700821
1.463600
1.223919
1.081823
1.024295
1.006154
1.001367
1.000272
1.000050
1.000008
1.000000
1.000000
1.000000
1.000000
1.000000
1.000000
1.000000
1.000000
1.000000
1.000000
1.000000
1.000000
1.000000
1.000000
1.000015
1.000125
1.000946
1.005793
1.027544
1.095949
1.233779
1.410287
1.583506
1.725486
1.825660
1.887034
1.919777
1.934823
1.939188
1.930668
1.885223
1.745122
1.490319
1.234690
1.084965
1.025047
1.006312
1.001396
1.000276
1.000050
1.000008
1.000000
1.000000
1.000000
1.000000
1.000000
1.000000
1.000000
1.000000
1.000000
1.000000
1.000000
1.000000
1.000000
1.000000
1.000015
1.000125
1.000949
1.005821
1.027708
1.096651
1.236024
1.415637
1.593575
1.741206
1.846826
1.912486
1.948020
1.964585
1.969587
1.960909
1.913644
1.767806
1.503243
1.239530
1.086278
1.025342
1.006372
1.001407
1.000277
1.000050
1.000008
1.000000
1.000000
1.000000
1.000000
1.000000
1.000000
1.000000
1.000000
1.000000
1.000000
1.000000
1.000000
1.000000
1.000000
1.000015
1.000125
1.000949
1.005828
1.027745
1.096840
1.236744
1.417576
1.597559
1.747822
1.856116
1.923962
1.960960
1.978337
1.983682
1.974909
1.926640
1.777792
1.508525
1.241317
1.086709
1.025427
1.006388
1.001409
1.000277
1.000050
1.000008
1.000000
1.000000
1.000000
1.000000
1.000000
1.000000
1.000000
1.000000
1.000000
1.000000
1.000000
1.000000
1.000000
1.000000
1.000015
1.000125
1.000945
1.005801
1.027629
1.096521
1.236248
1.417196
1.597714
1.748854
1.858137
1.926833
1.964414
1.982116
1.987589
1.978732
1.929907
1.779567
1.508517
1.240723
1.086348
1.025296
1.006348
1.001400
1.000275
1.000050
1.000008
1.000000
1.000000
1.000000
1.000000
1.000000
1.000000
1.000000
1.000000
1.000000
1.000000
1.000000
1.000000
1.000000
1.000000
1.000014
1.000119
1.000905
1.005590
1.026727
1.093830
1.230960
1.409490
1.588144
1.737940
1.846270
1.914306
1.951455
1.968897
1.974198
1.965081
1.915560
1.764114
1.494455
1.232210
1.082885
1.024222
1.006072
1.001338
1.000262
1.000047
1.000007
1.000000
1.000000
1.000000
1.000000
1.000000
1.000000
1.000000
1.000000
1.000000
1.000000
1.000000
1.000000
1.000000
1.000000
1.000011
1.000103
1.000762
1.004741
1.022959
1.082123
1.206645
1.372121
1.539332
1.679657
1.780513
1.843120
1.876765
1.892221
1.896442
1.886384
1.835314
1.683980
1.428809
1.195718
1.068756
1.019950
1.004985
1.001096
1.000216
1.000038
1.000005
1.000000
1.000000
1.000000
1.000000
1.000000
1.000000
1.000000
1.000000
1.000000
1.000000
1.000000
1.000000
1.000000
1.000000
1.000007
1.000066
1.000521
1.003285
1.016198
1.059526
1.154885
1.285704
1.419480
1.530980
1.609341
1.656346
1.680558
1.691073
1.693015
1.682154
1.633198
1.498607
1.296538
1.130543
1.045224
1.013080
1.003265
1.000715
1.000139
1.000024
1.000003
1.000000
1.000000
1.000000
1.000000
1.000000
1.000000
1.000000
1.000000
1.000000
1.000000
1.000000
1.000000
1.000000
1.000000
1.000000
1.000035
1.000288
1.001829
1.009157
1.034433
1.092130
1.172884
1.255040
1.321537
1.366055
1.391173
1.403258
1.408049
1.408087
1.399302
1.363773
1.274575
1.156396
1.067559
1.023390
1.006797
1.001704
1.000375
1.000072
1.000010
1.000000
1.000000
1.000000
1.000000
1.000000
1.000000
1.000000
1.000000
1.000000
1.000000
1.000000
1.000000
1.000000
1.000000
1.000000
1.000000
1.000016
1.000128
1.000826
1.004191
1.015987
1.043394
1.081624
1.119365
1.148333
1.166440
1.175907
1.180117
1.181606
1.181192
1.176457
1.158569
1.116498
1.065113
1.028111
1.009812
1.002875
1.000725
1.000159
1.000030
1.000004
1.000000
1.000000
1.000000
1.000000
1.000000
1.000000
1.000000
1.000000
1.000000
1.000000
1.000000
1.000000
1.000000
1.000000
1.000000
1.000000
1.000003
1.000045
1.000310
1.001589
1.006107
1.016646
1.031074
1.044720
1.054574
1.060310
1.063092
1.064238
1.064597
1.064350
1.062502
1.055771
1.040483
1.022544
1.009795
1.003452
1.001019
1.000257
1.000055
1.000010
1.000000
1.000000
1.000000
1.000000
1.000000
1.000000
1.000000
1.000000
1.000000
1.000000
1.000000
1.000000
1.000000
1.000000
1.000000
1.000000
1.000000
1.000000
1.000015
1.000099
1.000511
1.001972
1.005370
1.009919
1.014043
1.016860
1.018400
1.019100
1.019370
1.019445
1.019353
1.018772
1.016699
1.012067
1.006728
1.002942
1.001044
1.000310
1.000078
1.000015
1.000001
1.000000
1.000000
1.000000
1.000000
1.000000
1.000000
1.000000
1.000000
1.000000
1.000000
1.000000
1.000000
1.000000
1.000000
1.000000
1.000000
1.000000
1.000000
1.000001
1.000024
1.000141
1.000549
1.001494
1.002733
1.003816
1.004523
1.004890
1.005047
1.005105
1.005123
1.005094
1.004937
1.004386
1.003163
1.001767
1.000776
1.000276
1.000081
1.000020
1.000002
1.000000
1.000000
1.000000
1.000000
1.000000
1.000000
1.000000
1.000000
1.000000
1.000000
1.000000
1.000000
1.000000
1.000000
1.000000
1.000000
1.000000
1.000000
1.000000
1.000000
1.000004
1.000032
1.000133
1.000364
1.000662
1.000915
1.001073
1.001152
1.001186
1.001199
1.001201
1.001193
1.001156
1.001027
1.000740
1.000413
1.000181
1.000064
1.000017
1.000002
1.000000
1.000000
1.000000
1.000000
1.000000
1.000000
1.000000
1.000000
1.000000
1.000000
1.000000
1.000000
1.000000
1.000000
1.000000
1.000000
1.000000
1.000000
1.000000
1.000000
1.000000
1.000000
1.000005
1.000027
1.000078
1.000142
1.000193
1.000227
1.000244
1.000251
1.000252
1.000252
1.000251
1.000243
1.000216
1.000155
1.000086
1.000038
1.000011
1.000001
1.000000
1.000000
1.000000
1.000000
1.000000
1.000000
1.000000
1.000000
1.000000
1.000000
1.000000
1.000000
1.000000
1.000000
1.000000
1.000000
1.000000
1.000000
1.000000
1.000000
1.000000
1.000000
1.000000
1.000000
1.000003
1.000013
1.000026
1.000037
1.000043
1.000046
1.000046
1.000046
1.000046
1.000046
1.000045
1.000040
1.000027
1.000012
1.000004
1.000000
1.000000
1.000000
1.000000
1.000000
1.000000
1.000000
1.000000
1.000000
1.000000
1.000000
1.000000
1.000000
1.000000
1.000000
1.000000
1.000000
1.000000
1.000000
1.000000
1.000000
1.000000
1.000000
1.000000
1.000000
1.000000
1.000000
1.000000
1.000003
1.000005
1.000005
1.000005
1.000005
1.000005
1.000005
1.000005
1.000005
1.000005
1.000003
1.000000
1.000000
1.000000
1.000000
1.000000
1.000000
1.000000
1.000000
1.000000
1.000000
1.000000
1.000000
1.000000
1.000000
1.000000
1.000000
1.000000
1.000000
1.000000
1.000000
1.000000
1.000000
1.000000
1.000000
1.000000
1.000000
1.000000
1.000000
1.000000
1.000000
1.000000
1.000000
1.000000
1.000000
1.000000
1.000000
1.000000
1.000000
1.000000
1.000000
1.000000
1.000000
1.000000
1.000000
1.000000
1.000000
1.000000
1.000000
1.000000
1.000000
1.000000
1.000000
1.000000
1.000000
1.000000
1.000000
1.000000
1.000000
1.000000
1.000000
1.000000
1.000000
1.000000
1.000000
1.000000
1.000000
1.000000
1.000000
1.000000
1.000000
1.000000
1.000000
1.000000
1.000000
1.000000
1.000000
1.000000
1.000000
1.000000
1.000000
1.000000
1.000000
1.000000
1.000000
1.000000
1.000000
1.000000
1.000000
1.000000
1.000000
1.000000
1.000000
1.000000
1.000000
1.000000
1.000000
1.000000
1.000000
1.000000
1.000000
1.000000
1.000000
1.000000
1.000000
1.000000
1.000000
1.000000
1.000000
1.000000
1.000000
1.000000
1.000000
1.000000
1.000000
1.000000
1.000000
1.000000
1.000000
1.000000
1.000000
1.000000
1.000000
1.000000
1.000000
1.000000
1.000000
1.000000
1.000000
1.000000
1.000000
1.000000
1.000000
1.000000
1.000000
1.000000
1.000000
1.000000
1.000000
1.000000
1.000000
1.000000
1.000000
1.000000
1.000000
1.000000
1.000000
1.000000
1.000000
1.000000
1.000000
1.000000
1.000000
1.000000
1.000000
1.000000
1.000000
1.000000
1.000000
1.000000
1.000000
1.000000
1.000000
1.000000
1.000000
1.000000
1.000000
1.000000
1.000000
1.000000
1.000000
1.000000
1.000000
1.000000
1.000000
1.000000
1.000000
1.000000
1.000000
1.000000
1.000000
1.000000
1.000000
1.000000
1.000000
1.000000
1.000000
1.000000
1.000000
1.000000
1.000000
1.000000
1.000000
1.000000
1.000000
1.000000
1.000000
1.000000
1.000000
1.000000
1.000000
1.000000
1.000000
1.000000
1.000000
1.000000
1.000000
1.000000
1.000000
1.000000
1.000000
1.000000
1.000000
1.000000
1.000000
1.000000
1.000000
1.000000
1.000000
1.000000
1.000000
1.000000
1.000000
1.000000
1.000000
1.000000
1.000000
1.000000
1.000000
1.000000
1.000000
1.000000
1.000000
1.000000
1.000000
1.000000
1.000000
1.000000
1.000000
1.000000
1.000000
1.000000
1.000000
1.000000
1.000000
1.000000
1.000000
1.000000
1.000000
1.000000
1.000000
1.000000
1.000000
1.000000
1.000000
1.000000
1.000000
1.000000
1.000000
1.000000
1.000000
1.000000
1.000000
1.000000
1.000000
1.000000
1.000000
1.000000
1.000000
1.000000
1.000000
1.000000
1.000000
1.000000
1.000000
1.000000
1.000000
1.000000
1.000000
1.000000
1.000000
1.000000
1.000000
1.000000
1.000000
1.000000
1.000000
1.000000
1.000000
1.000000
1.000000
1.000000
1.000000
1.000000
1.000000
1.000000
1.000000
1.000000
1.000000
1.000000
1.000000
1.000000
1.000000
1.000000
1.000000
1.000000
1.000000
1.000000
1.000000
1.000000
1.000000
1.000000
1.000000
1.000000
1.000000
1.000000
1.000000
1.000000
1.000000
1.000000
1.000000
1.000000
1.000000
1.000000
1.000000
1.000000
1.000000
1.000000
1.000000
1.000000
1.000000
1.000000
1.000000
1.000000
1.000000
1.000000
1.000000
1.000000
1.000000
1.000000
1.000000
1.000000
1.000000
1.000000
1.000000
1.000000
1.000000
1.000000
1.000000
1.000000
1.000000
1.000000
1.000000
1.000000
1.000000
1.000000
1.000000
1.000000
1.000000
1.000000
1.000000
1.000000
1.000000
1.000000
1.000000
1.000000
1.000000
1.000000
1.000000
1.000000
1.000000
1.000000
1.000000
1.000000
1.000000
1.000000
1.000000
1.000000
1.000000
1.000000
1.000000
1.000000
1.000000
1.000000
1.000000
1.000000
1.000000
1.000000
1.000000
