1.000000
1.000000
1.000000
1.000000
1.000000
1.000000
1.000000
1.000000
1.000000
1.000000
1.000000
1.000000
1.000000
1.000000
1.000000
1.000000
1.000000
1.000000
1.000000
1.000000
1.000000
1.000000
1.000000
1.000000
1.000000
1.000000
1.000000
1.000000
1.000000
1.000000
1.000000
1.000000
1.000000
1.000000
1.000000
1.000000
1.000000
1.000000
1.000000
1.000000
1.000000
1.000000
1.000000
1.000000
1.000000
1.000000
1.000000
1.000000
1.000000
1.000000
1.000000
1.000000
1.000000
1.000000
1.000000
1.000000
1.000000
1.000000
1.000000
1.000000
1.000000
1.000000
1.000000
1.000000
1.000000
1.000000
1.000000
1.000000
1.000000
1.000000
1.000000
1.000000
1.000000
1.000000
1.000000
1.000000
1.000000
1.000000
1.000000
1.000000
1.000000
1.000000
1.000000
1.000000
1.000000
1.000000
1.000000
1.000000
1.000000
1.000000
1.000000
1.000000
1.000000
1.000000
1.000000
1.000000
1.000000
1.000000
1.000000
1.000000
1.000000
1.000000
1.000000
1.000000
1.000000
1.000000
1.000000
1.000000
1.000000
1.000000
1.000000
1.000000
1.000000
1.000000
1.000000
1.000000
1.000000
1.000000
1.000000
1.000000
1.000000
1.000000
1.000000
1.000000
1.000000
1.000000
1.000000
1.000000
1.000000
1.000000
1.000000
1.000000
1.000000
1.000000
1.000000
1.000000
1.000000
1.000000
1.000000
1.000000
1.000000
1.000000
1.000000
1.000000
1.000000
1.000000
1.000000
1.000000
1.000000
1.000000
1.000000
1.000000
1.000000
1.000000
1.000000
1.000000
1.000000
1.000000
1.000000
1.000000
1.000000
1.000000
1.000000
1.000000
1.000000
1.000000
1.000000
1.000000
1.000000
1.000000
1.000000
1.000000
1.000000
1.000000
1.000000
1.000000
1.000000
1.000000
1.000000
1.000000
1.000000
1.000000
1.000000
1.000000
1.000000
1.000000
1.000000
1.000000
1.000000
1.000000
1.000000
1.000000
1.000000
1.000000
1.000000
1.000000
1.000000
1.000000
1.000000
1.000000
1.000000
1.000000
1.000000
1.000000
1.000000
1.000000
1.000000
1.000000
1.000000
1.000000
1.000000
1.000000
1.000000
1.000000
1.000000
1.000000
1.000000
1.000000
1.000000
1.000002
1.000002
1.000002
1.000002
1.000002
1.000001
1.000000
1.000000
1.000000
1.000000
1.000000
1.000000
1.000000
1.000000
1.000000
1.000000
1.000000
1.000000
1.000000
1.000000
1.000000
1.000000
1.000000
1.000000
1.000000
1.000000
1.000000
1.000000
1.000000
1.000000
1.000000
1.000000
1.000000
1.000000
1.000000
1.000000
1.000010
1.000013
1.000027
1.000040
1.000061
1.000069
1.000070
1.000070
1.000070
1.000070
1.000069
1.000063
1.000050
1.000037
1.000020
1.000006
1.000000
1.000000
1.000000
1.000000
1.000000
1.000000
1.000000
1.000000
1.000000
1.000000
1.000000
1.000000
1.000000
1.000000
1.000000
1.000000
1.000000
1.000000
1.000000
1.000000
1.000000
1.000000
1.000000
1.000000
1.000013
1.000085
1.000215
1.000382
1.000523
1.000623
1.000672
1.000695
1.000708
1.000710
1.000706
1.000689
1.000623
1.000497
1.000328
1.000181
1.000080
1.000033
1.000013
1.000000
1.000000
1.000000
1.000000
1.000000
1.000000
1.000000
1.000000
1.000000
1.000000
1.000000
1.000000
1.000000
1.000000
1.000000
1.000000
1.000000
1.000000
1.000000
1.000000
1.000013
1.000052
1.000216
1.000696
1.001636
1.002826
1.003889
1.004614
1.005011
1.005193
1.005264
1.005287
1.005261
1.005124
1.004701
1.003786
1.002541
1.001401
1.000639
1.000247
1.000081
1.000024
1.000006
1.000000
1.000000
1.000000
1.000000
1.000000
1.000000
1.000000
1.000000
1.000000
1.000000
1.000000
1.000000
1.000000
1.000000
1.000000
1.000000
1.000000
1.000013
1.000058
1.000299
1.001215
1.003794
1.008758
1.014980
1.020560
1.024429
1.026615
1.027656
1.028082
1.028209
1.028106
1.027476
1.025416
1.020808
1.014250
1.007986
1.003686
1.001426
1.000472
1.000137
1.000034
1.000011
1.000000
1.000000
1.000000
1.000000
1.000000
1.000000
1.000000
1.000000
1.000000
1.000000
1.000000
1.000000
1.000000
1.000000
1.000000
1.000000
1.000032
1.000219
1.001111
1.004454
1.013622
1.030748
1.051860
1.070877
1.084423
1.092426
1.096458
1.098217
1.098824
1.098629
1.096834
1.090657
1.076041
1.053633
1.030791
1.014416
1.005615
1.001863
1.000536
1.000136
1.000031
1.000010
1.000000
1.000000
1.000000
1.000000
1.000000
1.000000
1.000000
1.000000
1.000000
1.000000
1.000000
1.000000
1.000000
1.000000
1.000013
1.000080
1.000504
1.002537
1.010072
1.030333
1.067350
1.112695
1.154247
1.185040
1.204298
1.214702
1.219612
1.221545
1.221551
1.218379
1.206659
1.177269
1.128599
1.075402
1.035601
1.013856
1.004573
1.001309
1.000330
1.000076
1.000020
1.000003
1.000000
1.000000
1.000000
1.000000
1.000000
1.000000
1.000000
1.000000
1.000000
1.000000
1.000000
1.000000
1.000000
1.000019
1.000136
1.000834
1.004163
1.016445
1.049171
1.108446
1.181561
1.250395
1.303758
1.339171
1.359673
1.370122
1.374694
1.375555
1.371371
1.354264
1.309036
1.228974
1.136044
1.064219
1.024767
1.008078
1.002286
1.000575
1.000131
1.000031
1.000007
1.000000
1.000000
1.000000
1.000000
1.000000
1.000000
1.000000
1.000000
1.000000
1.000000
1.000000
1.000000
1.000000
1.000024
1.000180
1.001101
1.005520
1.021815
1.065208
1.144007
1.242769
1.338693
1.416436
1.470930
1.504499
1.522798
1.531488
1.534059
1.529486
1.507870
1.447983
1.336297
1.200755
1.094014
1.035715
1.011466
1.003202
1.000798
1.000179
1.000041
1.000008
1.000000
1.000000
1.000000
1.000000
1.000000
1.000000
1.000000
1.000000
1.000000
1.000000
1.000000
1.000000
1.000000
1.000028
1.000209
1.001277
1.006419
1.025431
1.076280
1.169422
1.288424
1.407558
1.508021
1.581828
1.629725
1.657316
1.671272
1.676315
1.671953
1.646775
1.574173
1.433676
1.258320
1.119437
1.044598
1.014087
1.003884
1.000956
1.000214
1.000046
1.000008
1.000000
1.000000
1.000000
1.000000
1.000000
1.000000
1.000000
1.000000
1.000000
1.000000
1.000000
1.000000
1.000000
1.000030
1.000224
1.001376
1.006911
1.027463
1.082733
1.184973
1.317938
1.454523
1.573524
1.664328
1.725748
1.762697
1.782290
1.790187
1.786432
1.758496
1.675333
1.510619
1.302215
1.137790
1.050639
1.015778
1.004305
1.001050
1.000232
1.000049
1.000009
1.000000
1.000000
1.000000
1.000000
1.000000
1.000000
1.000000
1.000000
1.000000
1.000000
1.000000
1.000000
1.000000
1.000031
1.000232
1.001418
1.007141
1.028445
1.085989
1.193289
1.334745
1.482911
1.615218
1.719099
1.791586
1.836625
1.861336
1.871956
1.868939
1.838910
1.747441
1.564072
1.331290
1.149205
1.054163
1.016710
1.004525
1.001097
1.000242
1.000050
1.000009
1.000000
1.000000
1.000000
1.000000
1.000000
1.000000
1.000000
1.000000
1.000000
1.000000
1.000000
1.000000
1.000000
1.000031
1.000234
1.001435
1.007237
1.028859
1.087434
1.197223
1.343257
1.498225
1.638956
1.751666
1.832040
1.883121
1.911808
1.924617
1.922247
1.890696
1.793192
1.596842
1.348148
1.155396
1.055954
1.017157
1.004628
1.001117
1.000245
1.000050
1.000009
1.000000
1.000000
1.000000
1.000000
1.000000
1.000000
1.000000
1.000000
1.000000
1.000000
1.000000
1.000000
1.000000
1.000031
1.000234
1.001441
1.007267
1.029000
1.087970
1.198827
1.347039
1.505544
1.650988
1.768939
1.854231
1.909228
1.940574
1.954883
1.952963
1.920375
1.818888
1.614459
1.356622
1.158271
1.056723
1.017336
1.004667
1.001126
1.000246
1.000050
1.000009
1.000000
1.000000
1.000000
1.000000
1.000000
1.000000
1.000000
1.000000
1.000000
1.000000
1.000000
1.000000
1.000000
1.000031
1.000233
1.001435
1.007246
1.028929
1.087862
1.198906
1.347851
1.507849
1.655524
1.776140
1.864055
1.921215
1.954063
1.969227
1.967531
1.934233
1.830265
1.621292
1.359108
1.158735
1.056721
1.017303
1.004650
1.001118
1.000244
1.000050
1.000009
1.000000
1.000000
1.000000
1.000000
1.000000
1.000000
1.000000
1.000000
1.000000
1.000000
1.000000
1.000000
1.000000
1.000029
1.000224
1.001392
1.007046
1.028224
1.086073
1.195743
1.343614
1.503143
1.650946
1.772102
1.860709
1.918489
1.951768
1.967133
1.965312
1.931198
1.825189
1.613821
1.351971
1.154530
1.054984
1.016732
1.004490
1.001079
1.000235
1.000048
1.000008
1.000000
1.000000
1.000000
1.000000
1.000000
1.000000
1.000000
1.000000
1.000000
1.000000
1.000000
1.000000
1.000000
1.000025
1.000202
1.001238
1.006309
1.025531
1.078907
1.182132
1.323517
1.477564
1.621001
1.738712
1.824625
1.880380
1.912237
1.926601
1.923756
1.887761
1.778801
1.568168
1.318155
1.137178
1.048320
1.014630
1.003915
1.000940
1.000206
1.000041
1.000007
1.000000
1.000000
1.000000
1.000000
1.000000
1.000000
1.000000
1.000000
1.000000
1.000000
1.000000
1.000000
1.000000
1.000018
1.000153
1.000951
1.004892
1.020115
1.063563
1.150568
1.273231
1.409241
1.536665
1.640833
1.715929
1.763726
1.790286
1.801357
1.796125
1.757677
1.648872
1.454573
1.244330
1.102754
1.035820
1.010806
1.002887
1.000692
1.000150
1.000028
1.000004
1.000000
1.000000
1.000000
1.000000
1.000000
1.000000
1.000000
1.000000
1.000000
1.000000
1.000000
1.000000
1.000000
1.000012
1.000095
1.000610
1.003184
1.013306
1.043026
1.104750
1.194381
1.295210
1.389459
1.465142
1.518037
1.550340
1.567324
1.573203
1.565924
1.529982
1.437958
1.292017
1.151103
1.062570
1.021770
1.006583
1.001763
1.000420
1.000090
1.000016
1.000001
1.000000
1.000000
1.000000
1.000000
1.000000
1.000000
1.000000
1.000000
1.000000
1.000000
1.000000
1.000000
1.000000
1.000004
1.000050
1.000330
1.001733
1.007335
1.024131
1.059891
1.112572
1.171625
1.225578
1.267208
1.294805
1.310651
1.318346
1.320147
1.313856
1.289043
1.231181
1.148756
1.075585
1.031284
1.010958
1.003336
1.000897
1.000214
1.000046
1.000007
1.000000
1.000000
1.000000
1.000000
1.000000
1.000000
1.000000
1.000000
1.000000
1.000000
1.000000
1.000000
1.000000
1.000000
1.000000
1.000022
1.000151
1.000795
1.003403
1.011314
1.028334
1.053324
1.080706
1.104701
1.122202
1.133070
1.138886
1.141463
1.141675
1.138137
1.125741
1.098593
1.062443
1.031672
1.013213
1.004674
1.001434
1.000388
1.000090
1.000019
1.000002
1.000000
1.000000
1.000000
1.000000
1.000000
1.000000
1.000000
1.000000
1.000000
1.000000
1.000000
1.000000
1.000000
1.000000
1.000000
1.000009
1.000055
1.000314
1.001351
1.004516
1.011334
1.021206
1.031684
1.040437
1.046453
1.049955
1.051705
1.052412
1.052337
1.050861
1.046004
1.035737
1.022542
1.011486
1.004836
1.001726
1.000533
1.000144
1.000034
1.000005
1.000000
1.000000
1.000000
1.000000
1.000000
1.000000
1.000000
1.000000
1.000000
1.000000
1.000000
1.000000
1.000000
1.000000
1.000000
1.000000
1.000000
1.000017
1.000108
1.000466
1.001564
1.003920
1.007275
1.010725
1.013481
1.015277
1.016265
1.016730
1.016901
1.016846
1.016340
1.014732
1.011400
1.007191
1.003683
1.001562
1.000561
1.000173
1.000046
1.000010
1.000000
1.000000
1.000000
1.000000
1.000000
1.000000
1.000000
1.000000
1.000000
1.000000
1.000000
1.000000
1.000000
1.000000
1.000000
1.000000
1.000000
1.000000
1.000004
1.000029
1.000141
1.000476
1.001194
1.002198
1.003203
1.003976
1.004457
1.004709
1.004823
1.004864
1.004842
1.004689
1.004221
1.003260
1.002059
1.001058
1.000450
1.000162
1.000050
1.000012
1.000000
1.000000
1.000000
1.000000
1.000000
1.000000
1.000000
1.000000
1.000000
1.000000
1.000000
1.000000
1.000000
1.000000
1.000000
1.000000
1.000000
1.000000
1.000000
1.000000
1.000006
1.000035
1.000129
1.000323
1.000592
1.000856
1.001052
1.001171
1.001229
1.001255
1.001266
1.001257
1.001217
1.001094
1.000844
1.000533
1.000274
1.000116
1.000041
1.000011
1.000000
1.000000
1.000000
1.000000
1.000000
1.000000
1.000000
1.000000
1.000000
1.000000
1.000000
1.000000
1.000000
1.000000
1.000000
1.000000
1.000000
1.000000
1.000000
1.000000
1.000000
1.000000
1.000007
1.000029
1.000077
1.000143
1.000205
1.000250
1.000277
1.000292
1.000297
1.000299
1.000297
1.000288
1.000258
1.000198
1.000125
1.000064
1.000025
1.000007
1.000000
1.000000
1.000000
1.000000
1.000000
1.000000
1.000000
1.000000
1.000000
1.000000
1.000000
1.000000
1.000000
1.000000
1.000000
1.000000
1.000000
1.000000
1.000000
1.000000
1.000000
1.000000
1.000000
1.000000
1.000005
1.000015
1.000030
1.000045
1.000054
1.000060
1.000062
1.000063
1.000063
1.000062
1.000060
1.000054
1.000040
1.000024
1.000010
1.000003
1.000000
1.000000
1.000000
1.000000
1.000000
1.000000
1.000000
1.000000
1.000000
1.000000
1.000000
1.000000
1.000000
1.000000
1.000000
1.000000
1.000000
1.000000
1.000000
1.000000
1.000000
1.000000
1.000000
1.000000
1.000000
1.000000
1.000001
1.000005
1.000007
1.000008
1.000009
1.000010
1.000010
1.000010
1.000010
1.000009
1.000008
1.000005
1.000002
1.000000
1.000000
1.000000
1.000000
1.000000
1.000000
1.000000
1.000000
1.000000
1.000000
1.000000
1.000000
1.000000
1.000000
1.000000
1.000000
1.000000
1.000000
1.000000
1.000000
1.000000
1.000000
1.000000
1.000000
1.000000
1.000000
1.000000
1.000000
1.000000
1.000000
1.000000
1.000000
1.000000
1.000000
1.000000
1.000000
1.000000
1.000000
1.000000
1.000000
1.000000
1.000000
1.000000
1.000000
1.000000
1.000000
1.000000
1.000000
1.000000
1.000000
1.000000
1.000000
1.000000
1.000000
1.000000
1.000000
1.000000
1.000000
1.000000
1.000000
1.000000
1.000000
1.000000
1.000000
1.000000
1.000000
1.000000
1.000000
1.000000
1.000000
1.000000
1.000000
1.000000
1.000000
1.000000
1.000000
1.000000
1.000000
1.000000
1.000000
1.000000
1.000000
1.000000
1.000000
1.000000
1.000000
1.000000
1.000000
1.000000
1.000000
1.000000
1.000000
1.000000
1.000000
1.000000
1.000000
1.000000
1.000000
1.000000
1.000000
1.000000
1.000000
1.000000
1.000000
1.000000
1.000000
1.000000
1.000000
1.000000
1.000000
1.000000
1.000000
1.000000
1.000000
1.000000
1.000000
1.000000
1.000000
1.000000
1.000000
1.000000
1.000000
1.000000
1.000000
1.000000
1.000000
1.000000
1.000000
1.000000
1.000000
1.000000
1.000000
1.000000
1.000000
1.000000
1.000000
1.000000
1.000000
1.000000
1.000000
1.000000
1.000000
1.000000
1.000000
1.000000
1.000000
1.000000
1.000000
1.000000
1.000000
1.000000
1.000000
1.000000
1.000000
1.000000
1.000000
1.000000
1.000000
1.000000
1.000000
1.000000
1.000000
1.000000
1.000000
1.000000
1.000000
1.000000
1.000000
1.000000
1.000000
1.000000
1.000000
1.000000
1.000000
1.000000
1.000000
1.000000
1.000000
1.000000
1.000000
1.000000
1.000000
1.000000
1.000000
1.000000
1.000000
1.000000
1.000000
1.000000
1.000000
1.000000
1.000000
1.000000
1.000000
1.000000
1.000000
1.000000
1.000000
1.000000
1.000000
1.000000
1.000000
1.000000
1.000000
1.000000
1.000000
1.000000
1.000000
1.000000
1.000000
1.000000
1.000000
1.000000
1.000000
1.000000
1.000000
1.000000
1.000000
1.000000
1.000000
1.000000
1.000000
1.000000
1.000000
1.000000
1.000000
1.000000
1.000000
1.000000
1.000000
1.000000
1.000000
1.000000
1.000000
1.000000
1.000000
1.000000
1.000000
1.000000
1.000000
1.000000
1.000000
1.000000
1.000000
1.000000
1.000000
1.000000
1.000000
1.000000
1.000000
1.000000
1.000000
1.000000
1.000000
1.000000
1.000000
1.000000
1.000000
1.000000
1.000000
1.000000
1.000000
1.000000
1.000000
1.000000
1.000000
1.000000
1.000000
1.000000
1.000000
1.000000
1.000000
1.000000
1.000000
1.000000
1.000000
1.000000
1.000000
1.000000
1.000000
1.000000
1.000000
1.000000
1.000000
1.000000
1.000000
1.000000
1.000000
1.000000
1.000000
1.000000
1.000000
1.000000
1.000000
1.000000
1.000000
1.000000
1.000000
1.000000
1.000000
1.000000
1.000000
1.000000
1.000000
1.000000
1.000000
1.000000
1.000000
1.000000
1.000000
1.000000
1.000000
1.000000
1.000000
1.000000
1.000000
1.000000
1.000000
1.000000
1.000000
1.000000
1.000000
1.000000
1.000000
1.000000
1.000000
1.000000
1.000000
1.000000
1.000000
1.000000
1.000000
1.000000
1.000000
1.000000
1.000000
1.000000
1.000000
1.000000
1.000000
1.000000
1.000000
1.000000
1.000000
1.000000
1.000000
