1.000000
1.000000
1.000000
1.000000
1.000000
1.000000
1.000000
1.000000
1.000000
1.000000
1.000000
1.000000
1.000000
1.000000
1.000000
1.000000
1.000000
1.000000
1.000000
1.000000
1.000000
1.000000
1.000000
1.000000
1.000000
1.000000
1.000000
1.000000
1.000000
1.000000
1.000000
1.000000
1.000000
1.000000
1.000000
1.000000
1.000000
1.000000
1.000000
1.000000
1.000000
1.000000
1.000000
1.000000
1.000000
1.000000
1.000000
1.000000
1.000000
1.000000
1.000000
1.000000
1.000000
1.000000
1.000000
1.000000
1.000000
1.000000
1.000000
1.000000
1.000000
1.000000
1.000000
1.000000
1.000000
1.000000
1.000000
1.000000
1.000000
1.000000
1.000000
1.000000
1.000000
1.000000
1.000000
1.000000
1.000000
1.000000
1.000000
1.000000
1.000000
1.000000
1.000000
1.000000
1.000000
1.000000
1.000000
1.000000
1.000000
1.000000
1.000000
1.000000
1.000000
1.000000
1.000000
1.000000
1.000000
1.000000
1.000000
1.000000
1.000000
1.000000
1.000000
1.000000
1.000000
1.000000
1.000000
1.000000
1.000000
1.000000
1.000000
1.000000
1.000000
1.000000
1.000000
1.000000
1.000000
1.000000
1.000000
1.000000
1.000000
1.000000
1.000000
1.000000
1.000000
1.000000
1.000000
1.000000
1.000000
1.000000
1.000000
1.000000
1.000000
1.000000
1.000000
1.000000
1.000000
1.000000
1.000000
1.000000
1.000000
1.000000
1.000000
1.000000
1.000000
1.000000
1.000000
1.000000
1.000000
1.000000
1.000000
1.000000
1.000000
1.000000
1.000000
1.000000
1.000000
1.000000
1.000000
1.000000
1.000000
1.000000
1.000000
1.000000
1.000000
1.000000
1.000000
1.000000
1.000000
1.000000
1.000000
1.000000
1.000000
1.000000
1.000000
1.000000
1.000000
1.000000
1.000000
1.000000
1.000000
1.000000
1.000000
1.000000
1.000000
1.000000
1.000000
1.000000
1.000000
1.000000
1.000000
1.000000
1.000000
1.000000
1.000000
1.000000
1.000000
1.000000
1.000000
1.000000
1.000000
1.000000
1.000000
1.000000
1.000000
1.000000
1.000000
1.000000
1.000000
1.000000
1.000000
1.000000
1.000000
1.000000
1.000000
1.000000
1.000000
1.000000
1.000000
1.000002
1.000003
1.000003
1.000003
1.000003
1.000002
1.000000
1.000000
1.000000
1.000000
1.000000
1.000000
1.000000
1.000000
1.000000
1.000000
1.000000
1.000000
1.000000
1.000000
1.000000
1.000000
1.000000
1.000000
1.000000
1.000000
1.000000
1.000000
1.000000
1.000000
1.000000
1.000000
1.000000
1.000000
1.000000
1.000000
1.000010
1.000013
1.000027
1.000040
1.000063
1.000071
1.000071
1.000071
1.000071
1.000071
1.000070
1.000066
1.000053
1.000040
1.000021
1.000008
1.000000
1.000000
1.000000
1.000000
1.000000
1.000000
1.000000
1.000000
1.000000
1.000000
1.000000
1.000000
1.000000
1.000000
1.000000
1.000000
1.000000
1.000000
1.000000
1.000000
1.000000
1.000000
1.000000
1.000000
1.000013
1.000085
1.000213
1.000380
1.000523
1.000625
1.000676
1.000701
1.000715
1.000719
1.000714
1.000696
1.000631
1.000506
1.000340
1.000190
1.000086
1.000036
1.000013
1.000000
1.000000
1.000000
1.000000
1.000000
1.000000
1.000000
1.000000
1.000000
1.000000
1.000000
1.000000
1.000000
1.000000
1.000000
1.000000
1.000000
1.000000
1.000000
1.000000
1.000013
1.000052
1.000214
1.000683
1.001592
1.002752
1.003801
1.004529
1.004938
1.005128
1.005203
1.005229
1.005204
1.005070
1.004657
1.003776
1.002567
1.001439
1.000670
1.000264
1.000088
1.000027
1.000008
1.000000
1.000000
1.000000
1.000000
1.000000
1.000000
1.000000
1.000000
1.000000
1.000000
1.000000
1.000000
1.000000
1.000000
1.000000
1.000000
1.000000
1.000013
1.000060
1.000299
1.001189
1.003657
1.008372
1.014323
1.019730
1.023543
1.025738
1.026805
1.027249
1.027387
1.027292
1.026681
1.024717
1.020360
1.014114
1.008050
1.003793
1.001501
1.000510
1.000150
1.000041
1.000013
1.000000
1.000000
1.000000
1.000000
1.000000
1.000000
1.000000
1.000000
1.000000
1.000000
1.000000
1.000000
1.000000
1.000000
1.000000
1.000000
1.000033
1.000220
1.001097
1.004311
1.012993
1.029105
1.049101
1.067336
1.080520
1.088437
1.092498
1.094302
1.094941
1.094771
1.093054
1.087220
1.073542
1.052469
1.030647
1.014655
1.005843
1.001986
1.000587
1.000153
1.000036
1.000012
1.000000
1.000000
1.000000
1.000000
1.000000
1.000000
1.000000
1.000000
1.000000
1.000000
1.000000
1.000000
1.000000
1.000000
1.000013
1.000082
1.000509
1.002511
1.009778
1.029022
1.063962
1.107008
1.146873
1.176789
1.195762
1.206171
1.211166
1.213171
1.213234
1.210211
1.199136
1.171625
1.125903
1.075145
1.036272
1.014461
1.004893
1.001437
1.000371
1.000087
1.000023
1.000005
1.000000
1.000000
1.000000
1.000000
1.000000
1.000000
1.000000
1.000000
1.000000
1.000000
1.000000
1.000000
1.000000
1.000021
1.000143
1.000850
1.004152
1.016086
1.047387
1.103694
1.173461
1.239722
1.291637
1.326508
1.346974
1.357565
1.362280
1.363255
1.359297
1.343115
1.300694
1.225346
1.136433
1.065933
1.026075
1.008724
1.002534
1.000654
1.000153
1.000037
1.000008
1.000000
1.000000
1.000000
1.000000
1.000000
1.000000
1.000000
1.000000
1.000000
1.000000
1.000000
1.000000
1.000000
1.000026
1.000190
1.001132
1.005552
1.021507
1.063306
1.138648
1.233391
1.326093
1.401925
1.455664
1.489190
1.507732
1.516689
1.519470
1.515219
1.494781
1.438522
1.333166
1.202939
1.097433
1.037989
1.012513
1.003586
1.000915
1.000212
1.000048
1.000010
1.000000
1.000000
1.000000
1.000000
1.000000
1.000000
1.000000
1.000000
1.000000
1.000000
1.000000
1.000000
1.000000
1.000031
1.000222
1.001323
1.006498
1.025233
1.074513
1.164067
1.278778
1.394377
1.492697
1.565684
1.613641
1.641671
1.656093
1.661501
1.657590
1.633827
1.565540
1.432640
1.263303
1.124949
1.047901
1.015524
1.004390
1.001108
1.000254
1.000055
1.000011
1.000000
1.000000
1.000000
1.000000
1.000000
1.000000
1.000000
1.000000
1.000000
1.000000
1.000000
1.000000
1.000000
1.000033
1.000239
1.001431
1.007029
1.027374
1.081179
1.179908
1.308603
1.441642
1.558531
1.648655
1.710392
1.748092
1.768441
1.776922
1.773781
1.747477
1.669141
1.512817
1.310428
1.145344
1.054832
1.017520
1.004900
1.001225
1.000277
1.000059
1.000012
1.000000
1.000000
1.000000
1.000000
1.000000
1.000000
1.000000
1.000000
1.000000
1.000000
1.000000
1.000000
1.000000
1.000034
1.000248
1.001480
1.007283
1.028432
1.084616
1.188545
1.325890
1.470684
1.601103
1.704611
1.777798
1.823996
1.849820
1.861288
1.859065
1.830844
1.744513
1.569825
1.342486
1.158401
1.058998
1.018653
1.005175
1.001285
1.000291
1.000060
1.000012
1.000000
1.000000
1.000000
1.000000
1.000000
1.000000
1.000000
1.000000
1.000000
1.000000
1.000000
1.000000
1.000000
1.000034
1.000250
1.001498
1.007390
1.028888
1.086175
1.192717
1.334812
1.486637
1.625773
1.738481
1.819984
1.872654
1.902822
1.916746
1.915340
1.885718
1.793469
1.605703
1.361621
1.165703
1.061180
1.019214
1.005306
1.001312
1.000295
1.000061
1.000012
1.000000
1.000000
1.000000
1.000000
1.000000
1.000000
1.000000
1.000000
1.000000
1.000000
1.000000
1.000000
1.000000
1.000034
1.000250
1.001506
1.007427
1.029049
1.086772
1.194460
1.338866
1.494420
1.638533
1.756815
1.843615
1.900578
1.933722
1.949374
1.948554
1.917958
1.821709
1.625573
1.371562
1.169217
1.062153
1.019446
1.005359
1.001324
1.000296
1.000061
1.000012
1.000000
1.000000
1.000000
1.000000
1.000000
1.000000
1.000000
1.000000
1.000000
1.000000
1.000000
1.000000
1.000000
1.000034
1.000249
1.001500
1.007407
1.028988
1.086701
1.194632
1.339860
1.497044
1.643582
1.764779
1.854486
1.913890
1.948771
1.965440
1.964937
1.933657
1.834850
1.633850
1.374869
1.169978
1.062225
1.019427
1.005345
1.001316
1.000294
1.000061
1.000012
1.000000
1.000000
1.000000
1.000000
1.000000
1.000000
1.000000
1.000000
1.000000
1.000000
1.000000
1.000000
1.000000
1.000032
1.000240
1.001457
1.007210
1.028312
1.085016
1.191697
1.335995
1.492870
1.639723
1.761673
1.852295
1.912522
1.947992
1.964969
1.964397
1.932316
1.831400
1.627635
1.368272
1.165820
1.060429
1.018816
1.005167
1.001272
1.000283
1.000058
1.000011
1.000000
1.000000
1.000000
1.000000
1.000000
1.000000
1.000000
1.000000
1.000000
1.000000
1.000000
1.000000
1.000000
1.000028
1.000218
1.001304
1.006493
1.025744
1.078297
1.179061
1.317438
1.469356
1.612324
1.731258
1.819539
1.877996
1.912195
1.928246
1.926686
1.892753
1.788769
1.584760
1.335351
1.148279
1.053475
1.016562
1.004534
1.001115
1.000249
1.000050
1.000009
1.000000
1.000000
1.000000
1.000000
1.000000
1.000000
1.000000
1.000000
1.000000
1.000000
1.000000
1.000000
1.000000
1.000020
1.000168
1.001013
1.005095
1.020517
1.063757
1.149501
1.270621
1.405963
1.534231
1.640688
1.718898
1.769809
1.798858
1.811605
1.807572
1.770935
1.666041
1.475107
1.261617
1.112709
1.040185
1.012395
1.003387
1.000832
1.000185
1.000037
1.000006
1.000000
1.000000
1.000000
1.000000
1.000000
1.000000
1.000000
1.000000
1.000000
1.000000
1.000000
1.000000
1.000000
1.000013
1.000106
1.000661
1.003373
1.013807
1.043898
1.105762
1.195811
1.298050
1.394961
1.474215
1.530858
1.566360
1.585604
1.592819
1.586264
1.551031
1.459968
1.312403
1.165305
1.069967
1.024866
1.007684
1.002105
1.000515
1.000113
1.000021
1.000002
1.000000
1.000000
1.000000
1.000000
1.000000
1.000000
1.000000
1.000000
1.000000
1.000000
1.000000
1.000000
1.000000
1.000006
1.000057
1.000366
1.001875
1.007773
1.025152
1.061803
1.116023
1.177542
1.234744
1.279870
1.310574
1.328723
1.337844
1.340335
1.334128
1.308798
1.249430
1.163209
1.084577
1.035717
1.012770
1.003973
1.001093
1.000268
1.000058
1.000010
1.000000
1.000000
1.000000
1.000000
1.000000
1.000000
1.000000
1.000000
1.000000
1.000000
1.000000
1.000000
1.000000
1.000000
1.000000
1.000025
1.000171
1.000881
1.003691
1.012076
1.029961
1.056384
1.085769
1.112057
1.131716
1.144272
1.151199
1.154387
1.154819
1.151108
1.137955
1.109134
1.070157
1.036229
1.015410
1.005565
1.001745
1.000483
1.000117
1.000026
1.000003
1.000000
1.000000
1.000000
1.000000
1.000000
1.000000
1.000000
1.000000
1.000000
1.000000
1.000000
1.000000
1.000000
1.000000
1.000000
1.000012
1.000064
1.000355
1.001502
1.004943
1.012293
1.023019
1.034593
1.044477
1.051453
1.055632
1.057785
1.058690
1.058660
1.057043
1.051722
1.040505
1.025905
1.013431
1.005766
1.002101
1.000663
1.000183
1.000044
1.000008
1.000000
1.000000
1.000000
1.000000
1.000000
1.000000
1.000000
1.000000
1.000000
1.000000
1.000000
1.000000
1.000000
1.000000
1.000000
1.000000
1.000000
1.000021
1.000125
1.000531
1.001755
1.004363
1.008107
1.012023
1.015224
1.017366
1.018578
1.019166
1.019392
1.019341
1.018768
1.016958
1.013222
1.008454
1.004405
1.001905
1.000699
1.000221
1.000060
1.000014
1.000000
1.000000
1.000000
1.000000
1.000000
1.000000
1.000000
1.000000
1.000000
1.000000
1.000000
1.000000
1.000000
1.000000
1.000000
1.000000
1.000000
1.000000
1.000006
1.000035
1.000165
1.000549
1.001364
1.002514
1.003686
1.004607
1.005198
1.005515
1.005663
1.005717
1.005693
1.005516
1.004975
1.003871
1.002477
1.001296
1.000563
1.000207
1.000065
1.000017
1.000001
1.000000
1.000000
1.000000
1.000000
1.000000
1.000000
1.000000
1.000000
1.000000
1.000000
1.000000
1.000000
1.000000
1.000000
1.000000
1.000000
1.000000
1.000000
1.000000
1.000008
1.000044
1.000152
1.000379
1.000696
1.001011
1.001251
1.001400
1.001476
1.001511
1.001525
1.001514
1.001467
1.001322
1.001027
1.000658
1.000344
1.000149
1.000054
1.000015
1.000002
1.000000
1.000000
1.000000
1.000000
1.000000
1.000000
1.000000
1.000000
1.000000
1.000000
1.000000
1.000000
1.000000
1.000000
1.000000
1.000000
1.000000
1.000000
1.000000
1.000000
1.000000
1.000009
1.000037
1.000093
1.000173
1.000250
1.000305
1.000341
1.000359
1.000368
1.000370
1.000367
1.000355
1.000319
1.000248
1.000158
1.000082
1.000035
1.000011
1.000001
1.000000
1.000000
1.000000
1.000000
1.000000
1.000000
1.000000
1.000000
1.000000
1.000000
1.000000
1.000000
1.000000
1.000000
1.000000
1.000000
1.000000
1.000000
1.000000
1.000000
1.000000
1.000000
1.000000
1.000006
1.000019
1.000037
1.000055
1.000068
1.000075
1.000079
1.000080
1.000080
1.000080
1.000077
1.000069
1.000054
1.000034
1.000015
1.000005
1.000000
1.000000
1.000000
1.000000
1.000000
1.000000
1.000000
1.000000
1.000000
1.000000
1.000000
1.000000
1.000000
1.000000
1.000000
1.000000
1.000000
1.000000
1.000000
1.000000
1.000000
1.000000
1.000000
1.000000
1.000000
1.000000
1.000002
1.000006
1.000009
1.000011
1.000012
1.000013
1.000013
1.000013
1.000013
1.000012
1.000011
1.000008
1.000004
1.000000
1.000000
1.000000
1.000000
1.000000
1.000000
1.000000
1.000000
1.000000
1.000000
1.000000
1.000000
1.000000
1.000000
1.000000
1.000000
1.000000
1.000000
1.000000
1.000000
1.000000
1.000000
1.000000
1.000000
1.000000
1.000000
1.000000
1.000000
1.000000
1.000000
1.000000
1.000000
1.000000
1.000000
1.000000
1.000000
1.000000
1.000000
1.000000
1.000000
1.000000
1.000000
1.000000
1.000000
1.000000
1.000000
1.000000
1.000000
1.000000
1.000000
1.000000
1.000000
1.000000
1.000000
1.000000
1.000000
1.000000
1.000000
1.000000
1.000000
1.000000
1.000000
1.000000
1.000000
1.000000
1.000000
1.000000
1.000000
1.000000
1.000000
1.000000
1.000000
1.000000
1.000000
1.000000
1.000000
1.000000
1.000000
1.000000
1.000000
1.000000
1.000000
1.000000
1.000000
1.000000
1.000000
1.000000
1.000000
1.000000
1.000000
1.000000
1.000000
1.000000
1.000000
1.000000
1.000000
1.000000
1.000000
1.000000
1.000000
1.000000
1.000000
1.000000
1.000000
1.000000
1.000000
1.000000
1.000000
1.000000
1.000000
1.000000
1.000000
1.000000
1.000000
1.000000
1.000000
1.000000
1.000000
1.000000
1.000000
1.000000
1.000000
1.000000
1.000000
1.000000
1.000000
1.000000
1.000000
1.000000
1.000000
1.000000
1.000000
1.000000
1.000000
1.000000
1.000000
1.000000
1.000000
1.000000
1.000000
1.000000
1.000000
1.000000
1.000000
1.000000
1.000000
1.000000
1.000000
1.000000
1.000000
1.000000
1.000000
1.000000
1.000000
1.000000
1.000000
1.000000
1.000000
1.000000
1.000000
1.000000
1.000000
1.000000
1.000000
1.000000
1.000000
1.000000
1.000000
1.000000
1.000000
1.000000
1.000000
1.000000
1.000000
1.000000
1.000000
1.000000
1.000000
1.000000
1.000000
1.000000
1.000000
1.000000
1.000000
1.000000
1.000000
1.000000
1.000000
1.000000
1.000000
1.000000
1.000000
1.000000
1.000000
1.000000
1.000000
1.000000
1.000000
1.000000
1.000000
1.000000
1.000000
1.000000
1.000000
1.000000
1.000000
1.000000
1.000000
1.000000
1.000000
1.000000
1.000000
1.000000
1.000000
1.000000
1.000000
1.000000
1.000000
1.000000
1.000000
1.000000
1.000000
1.000000
1.000000
1.000000
1.000000
1.000000
1.000000
1.000000
1.000000
1.000000
1.000000
1.000000
1.000000
1.000000
1.000000
1.000000
1.000000
1.000000
1.000000
1.000000
1.000000
1.000000
1.000000
1.000000
1.000000
1.000000
1.000000
1.000000
1.000000
1.000000
1.000000
1.000000
1.000000
1.000000
1.000000
1.000000
1.000000
1.000000
1.000000
1.000000
1.000000
1.000000
1.000000
1.000000
1.000000
1.000000
1.000000
1.000000
1.000000
1.000000
1.000000
1.000000
1.000000
1.000000
1.000000
1.000000
1.000000
1.000000
1.000000
1.000000
1.000000
1.000000
1.000000
1.000000
1.000000
1.000000
1.000000
1.000000
1.000000
1.000000
1.000000
1.000000
1.000000
1.000000
1.000000
1.000000
1.000000
1.000000
1.000000
1.000000
1.000000
1.000000
1.000000
1.000000
1.000000
1.000000
1.000000
1.000000
1.000000
1.000000
1.000000
1.000000
1.000000
1.000000
1.000000
1.000000
1.000000
1.000000
1.000000
1.000000
1.000000
1.000000
1.000000
1.000000
1.000000
1.000000
1.000000
1.000000
1.000000
1.000000
1.000000
1.000000
1.000000
1.000000
1.000000
1.000000
1.000000
1.000000
1.000000
1.000000
1.000000
1.000000
1.000000
1.000000
1.000000
