1.000000
1.000000
1.000000
1.000000
1.000000
1.000000
1.000000
1.000000
1.000000
1.000000
1.000000
1.000000
1.000000
1.000000
1.000000
1.000000
1.000000
1.000000
1.000000
1.000000
1.000000
1.000000
1.000000
1.000000
1.000000
1.000000
1.000000
1.000000
1.000000
1.000000
1.000000
1.000000
1.000000
1.000000
1.000000
1.000000
1.000000
1.000000
1.000000
1.000000
1.000000
1.000000
1.000000
1.000000
1.000000
1.000000
1.000000
1.000000
1.000000
1.000000
1.000000
1.000000
1.000000
1.000000
1.000000
1.000000
1.000000
1.000000
1.000000
1.000000
1.000000
1.000000
1.000000
1.000000
1.000000
1.000000
1.000000
1.000000
1.000000
1.000000
1.000000
1.000000
1.000000
1.000000
1.000000
1.000000
1.000000
1.000000
1.000000
1.000000
1.000000
1.000000
1.000000
1.000000
1.000000
1.000000
1.000000
1.000000
1.000000
1.000000
1.000000
1.000000
1.000000
1.000000
1.000000
1.000000
1.000000
1.000000
1.000000
1.000000
1.000000
1.000000
1.000000
1.000000
1.000000
1.000000
1.000000
1.000000
1.000000
1.000000
1.000000
1.000000
1.000000
1.000000
1.000000
1.000000
1.000000
1.000000
1.000000
1.000000
1.000000
1.000000
1.000000
1.000000
1.000000
1.000000
1.000000
1.000000
1.000000
1.000000
1.000000
1.000000
1.000000
1.000000
1.000000
1.000000
1.000000
1.000000
1.000000
1.000000
1.000000
1.000000
1.000000
1.000000
1.000000
1.000000
1.000000
1.000000
1.000000
1.000000
1.000000
1.000000
1.000000
1.000000
1.000000
1.000000
1.000000
1.000000
1.000000
1.000000
1.000000
1.000000
1.000000
1.000000
1.000000
1.000000
1.000000
1.000000
1.000000
1.000000
1.000000
1.000000
1.000000
1.000000
1.000000
1.000000
1.000000
1.000000
1.000000
1.000000
1.000000
1.000000
1.000000
1.000000
1.000000
1.000000
1.000000
1.000000
1.000000
1.000000
1.000000
1.000000
1.000000
1.000000
1.000000
1.000000
1.000000
1.000000
1.000000
1.000000
1.000000
1.000000
1.000000
1.000000
1.000000
1.000000
1.000000
1.000000
1.000000
1.000000
1.000000
1.000000
1.000000
1.000000
1.000000
1.000000
1.000000
1.000000
1.000000
1.000003
1.000003
1.000003
1.000003
1.000003
1.000003
1.000001
1.000000
1.000000
1.000000
1.000000
1.000000
1.000000
1.000000
1.000000
1.000000
1.000000
1.000000
1.000000
1.000000
1.000000
1.000000
1.000000
1.000000
1.000000
1.000000
1.000000
1.000000
1.000000
1.000000
1.000000
1.000000
1.000000
1.000000
1.000000
1.000000
1.000010
1.000013
1.000027
1.000040
1.000064
1.000072
1.000072
1.000072
1.000073
1.000072
1.000072
1.000068
1.000054
1.000041
1.000022
1.000009
1.000000
1.000000
1.000000
1.000000
1.000000
1.000000
1.000000
1.000000
1.000000
1.000000
1.000000
1.000000
1.000000
1.000000
1.000000
1.000000
1.000000
1.000000
1.000000
1.000000
1.000000
1.000000
1.000000
1.000000
1.000013
1.000085
1.000212
1.000377
1.000523
1.000626
1.000679
1.000705
1.000720
1.000724
1.000720
1.000701
1.000637
1.000514
1.000349
1.000197
1.000091
1.000039
1.000014
1.000000
1.000000
1.000000
1.000000
1.000000
1.000000
1.000000
1.000000
1.000000
1.000000
1.000000
1.000000
1.000000
1.000000
1.000000
1.000000
1.000000
1.000000
1.000000
1.000000
1.000013
1.000052
1.000213
1.000673
1.001558
1.002694
1.003732
1.004462
1.004877
1.005075
1.005153
1.005181
1.005157
1.005025
1.004622
1.003765
1.002584
1.001466
1.000694
1.000278
1.000096
1.000030
1.000009
1.000000
1.000000
1.000000
1.000000
1.000000
1.000000
1.000000
1.000000
1.000000
1.000000
1.000000
1.000000
1.000000
1.000000
1.000000
1.000000
1.000000
1.000013
1.000061
1.000298
1.001169
1.003554
1.008088
1.013837
1.019113
1.022880
1.025079
1.026163
1.026622
1.026769
1.026678
1.026083
1.024191
1.020016
1.014001
1.008088
1.003870
1.001559
1.000538
1.000161
1.000045
1.000013
1.000000
1.000000
1.000000
1.000000
1.000000
1.000000
1.000000
1.000000
1.000000
1.000000
1.000000
1.000000
1.000000
1.000000
1.000000
1.000002
1.000035
1.000222
1.001085
1.004204
1.012530
1.027913
1.047096
1.064751
1.077659
1.085505
1.089583
1.091421
1.092083
1.091932
1.090275
1.084690
1.071683
1.051574
1.030511
1.014820
1.006012
1.002081
1.000626
1.000167
1.000041
1.000013
1.000000
1.000000
1.000000
1.000000
1.000000
1.000000
1.000000
1.000000
1.000000
1.000000
1.000000
1.000000
1.000000
1.000000
1.000013
1.000083
1.000513
1.002490
1.009555
1.028054
1.061490
1.102860
1.141474
1.170723
1.189469
1.199870
1.204924
1.206983
1.207090
1.204180
1.193574
1.167408
1.123815
1.074870
1.036737
1.014912
1.005140
1.001539
1.000406
1.000097
1.000026
1.000006
1.000000
1.000000
1.000000
1.000000
1.000000
1.000000
1.000000
1.000000
1.000000
1.000000
1.000000
1.000000
1.000000
1.000022
1.000148
1.000862
1.004140
1.015806
1.046053
1.100198
1.167508
1.231853
1.282667
1.317107
1.337526
1.348211
1.353031
1.354092
1.350304
1.334796
1.294390
1.222457
1.136557
1.067152
1.027061
1.009228
1.002733
1.000718
1.000170
1.000041
1.000009
1.000000
1.000000
1.000000
1.000000
1.000000
1.000000
1.000000
1.000000
1.000000
1.000000
1.000000
1.000000
1.000000
1.000028
1.000197
1.001155
1.005569
1.021257
1.061868
1.134672
1.226448
1.316739
1.391109
1.444239
1.477698
1.496402
1.505550
1.508488
1.504479
1.484903
1.431254
1.330505
1.204318
1.099928
1.039727
1.013342
1.003897
1.001013
1.000239
1.000055
1.000012
1.000000
1.000000
1.000000
1.000000
1.000000
1.000000
1.000000
1.000000
1.000000
1.000000
1.000000
1.000000
1.000000
1.000034
1.000232
1.001356
1.006552
1.025063
1.073163
1.160070
1.271598
1.384535
1.481197
1.553504
1.601450
1.629772
1.644529
1.650210
1.646638
1.623913
1.558743
1.431409
1.266731
1.129054
1.050464
1.016673
1.004806
1.001235
1.000288
1.000063
1.000013
1.000000
1.000000
1.000000
1.000000
1.000000
1.000000
1.000000
1.000000
1.000000
1.000000
1.000000
1.000000
1.000001
1.000036
1.000249
1.001474
1.007112
1.027286
1.079987
1.176117
1.301630
1.431981
1.547214
1.636737
1.698631
1.736844
1.757739
1.766658
1.763982
1.738883
1.664054
1.513927
1.316302
1.151069
1.058129
1.018928
1.005393
1.001374
1.000317
1.000068
1.000014
1.000000
1.000000
1.000000
1.000000
1.000000
1.000000
1.000000
1.000000
1.000000
1.000000
1.000000
1.000000
1.000002
1.000036
1.000261
1.001526
1.007385
1.028402
1.083561
1.184994
1.319268
1.461491
1.590404
1.693522
1.767137
1.814143
1.840779
1.852888
1.851272
1.824398
1.741825
1.573607
1.350691
1.165469
1.062839
1.020238
1.005718
1.001447
1.000332
1.000070
1.000014
1.000000
1.000000
1.000000
1.000000
1.000000
1.000000
1.000000
1.000000
1.000000
1.000000
1.000000
1.000000
1.000002
1.000036
1.000263
1.001547
1.007501
1.028894
1.085209
1.189348
1.328501
1.477920
1.615762
1.728346
1.810592
1.864393
1.895655
1.910431
1.909771
1.881598
1.793217
1.611899
1.371665
1.173707
1.065364
1.020901
1.005875
1.001480
1.000338
1.000071
1.000014
1.000000
1.000000
1.000000
1.000000
1.000000
1.000000
1.000000
1.000000
1.000000
1.000000
1.000000
1.000000
1.000002
1.000036
1.000263
1.001556
1.007544
1.029070
1.085853
1.191201
1.332765
1.486060
1.629074
1.747484
1.835313
1.893696
1.928185
1.944872
1.944914
1.915829
1.823451
1.633577
1.382832
1.177778
1.066521
1.021184
1.005940
1.001494
1.000340
1.000071
1.000014
1.000000
1.000000
1.000000
1.000000
1.000000
1.000000
1.000000
1.000000
1.000000
1.000000
1.000000
1.000000
1.000001
1.000036
1.000262
1.001550
1.007525
1.029019
1.085812
1.191445
1.333902
1.488931
1.634521
1.756038
1.846996
1.908040
1.944454
1.962296
1.962736
1.932994
1.838014
1.643045
1.386850
1.178811
1.066666
1.021179
1.005929
1.001487
1.000338
1.000071
1.000014
1.000000
1.000000
1.000000
1.000000
1.000000
1.000000
1.000000
1.000000
1.000000
1.000000
1.000000
1.000000
1.000001
1.000035
1.000252
1.001507
1.007331
1.028365
1.084205
1.188680
1.330312
1.485152
1.631197
1.753631
1.845679
1.907712
1.944848
1.963087
1.963511
1.932986
1.835854
1.637857
1.380732
1.174726
1.064833
1.020539
1.005738
1.001438
1.000326
1.000068
1.000014
1.000000
1.000000
1.000000
1.000000
1.000000
1.000000
1.000000
1.000000
1.000000
1.000000
1.000000
1.000000
1.000000
1.000030
1.000231
1.001355
1.006629
1.025889
1.077810
1.176739
1.312849
1.463106
1.605611
1.725343
1.815317
1.875781
1.911773
1.929154
1.928625
1.896279
1.796014
1.597115
1.348576
1.157087
1.057666
1.018167
1.005060
1.001266
1.000288
1.000059
1.000011
1.000000
1.000000
1.000000
1.000000
1.000000
1.000000
1.000000
1.000000
1.000000
1.000000
1.000000
1.000000
1.000000
1.000021
1.000178
1.001062
1.005247
1.020806
1.063862
1.148628
1.268524
1.403247
1.531997
1.640035
1.720505
1.773755
1.804734
1.818826
1.815778
1.780575
1.678708
1.490626
1.275111
1.120709
1.043776
1.013728
1.003817
1.000954
1.000216
1.000044
1.000007
1.000000
1.000000
1.000000
1.000000
1.000000
1.000000
1.000000
1.000000
1.000000
1.000000
1.000000
1.000000
1.000000
1.000013
1.000114
1.000701
1.003518
1.014180
1.044524
1.106441
1.196709
1.299875
1.398649
1.480502
1.539962
1.577946
1.599003
1.607333
1.601422
1.566846
1.476713
1.328263
1.176659
1.076025
1.027454
1.008622
1.002401
1.000599
1.000135
1.000027
1.000003
1.000000
1.000000
1.000000
1.000000
1.000000
1.000000
1.000000
1.000000
1.000000
1.000000
1.000000
1.000000
1.000000
1.000007
1.000063
1.000394
1.001986
1.008109
1.025917
1.063213
1.118542
1.181866
1.241500
1.289310
1.322467
1.342491
1.352814
1.355917
1.349844
1.324207
1.263816
1.174807
1.091944
1.039420
1.014312
1.004525
1.001266
1.000317
1.000070
1.000013
1.000000
1.000000
1.000000
1.000000
1.000000
1.000000
1.000000
1.000000
1.000000
1.000000
1.000000
1.000000
1.000000
1.000000
1.000000
1.000028
1.000187
1.000950
1.003918
1.012667
1.031209
1.058720
1.089647
1.117736
1.139131
1.153084
1.160960
1.164685
1.165328
1.161507
1.147791
1.117696
1.076509
1.040044
1.017281
1.006336
1.002019
1.000568
1.000142
1.000031
1.000005
1.000000
1.000000
1.000000
1.000000
1.000000
1.000000
1.000000
1.000000
1.000000
1.000000
1.000000
1.000000
1.000000
1.000000
1.000000
1.000014
1.000072
1.000390
1.001624
1.005282
1.013052
1.024449
1.036898
1.047705
1.055482
1.060242
1.062753
1.063838
1.063856
1.062133
1.056445
1.044472
1.028736
1.015092
1.006572
1.002433
1.000781
1.000220
1.000053
1.000011
1.000000
1.000000
1.000000
1.000000
1.000000
1.000000
1.000000
1.000000
1.000000
1.000000
1.000000
1.000000
1.000000
1.000000
1.000000
1.000000
1.000000
1.000024
1.000140
1.000586
1.001912
1.004723
1.008782
1.013082
1.016656
1.019096
1.020506
1.021207
1.021484
1.021439
1.020812
1.018836
1.014771
1.009538
1.005034
1.002209
1.000824
1.000265
1.000074
1.000018
1.000001
1.000000
1.000000
1.000000
1.000000
1.000000
1.000000
1.000000
1.000000
1.000000
1.000000
1.000000
1.000000
1.000000
1.000000
1.000000
1.000000
1.000000
1.000007
1.000041
1.000186
1.000610
1.001505
1.002778
1.004090
1.005140
1.005826
1.006203
1.006382
1.006449
1.006425
1.006227
1.005625
1.004401
1.002844
1.001507
1.000665
1.000249
1.000080
1.000022
1.000003
1.000000
1.000000
1.000000
1.000000
1.000000
1.000000
1.000000
1.000000
1.000000
1.000000
1.000000
1.000000
1.000000
1.000000
1.000000
1.000000
1.000000
1.000000
1.000000
1.000011
1.000052
1.000173
1.000427
1.000784
1.001144
1.001424
1.001599
1.001692
1.001734
1.001751
1.001740
1.001687
1.001522
1.001189
1.000769
1.000408
1.000179
1.000067
1.000020
1.000004
1.000000
1.000000
1.000000
1.000000
1.000000
1.000000
1.000000
1.000000
1.000000
1.000000
1.000000
1.000000
1.000000
1.000000
1.000000
1.000000
1.000000
1.000000
1.000000
1.000000
1.000000
1.000010
1.000044
1.000108
1.000199
1.000289
1.000356
1.000398
1.000419
1.000430
1.000433
1.000430
1.000416
1.000375
1.000293
1.000189
1.000099
1.000044
1.000014
1.000002
1.000000
1.000000
1.000000
1.000000
1.000000
1.000000
1.000000
1.000000
1.000000
1.000000
1.000000
1.000000
1.000000
1.000000
1.000000
1.000000
1.000000
1.000000
1.000000
1.000000
1.000000
1.000000
1.000000
1.000008
1.000022
1.000044
1.000064
1.000080
1.000090
1.000095
1.000096
1.000097
1.000096
1.000093
1.000083
1.000065
1.000042
1.000019
1.000006
1.000000
1.000000
1.000000
1.000000
1.000000
1.000000
1.000000
1.000000
1.000000
1.000000
1.000000
1.000000
1.000000
1.000000
1.000000
1.000000
1.000000
1.000000
1.000000
1.000000
1.000000
1.000000
1.000000
1.000000
1.000000
1.000000
1.000003
1.000007
1.000012
1.000014
1.000016
1.000016
1.000016
1.000017
1.000016
1.000016
1.000014
1.000010
1.000005
1.000002
1.000000
1.000000
1.000000
1.000000
1.000000
1.000000
1.000000
1.000000
1.000000
1.000000
1.000000
1.000000
1.000000
1.000000
1.000000
1.000000
1.000000
1.000000
1.000000
1.000000
1.000000
1.000000
1.000000
1.000000
1.000000
1.000000
1.000000
1.000000
1.000000
1.000000
1.000000
1.000001
1.000001
1.000001
1.000001
1.000001
1.000001
1.000000
1.000000
1.000000
1.000000
1.000000
1.000000
1.000000
1.000000
1.000000
1.000000
1.000000
1.000000
1.000000
1.000000
1.000000
1.000000
1.000000
1.000000
1.000000
1.000000
1.000000
1.000000
1.000000
1.000000
1.000000
1.000000
1.000000
1.000000
1.000000
1.000000
1.000000
1.000000
1.000000
1.000000
1.000000
1.000000
1.000000
1.000000
1.000000
1.000000
1.000000
1.000000
1.000000
1.000000
1.000000
1.000000
1.000000
1.000000
1.000000
1.000000
1.000000
1.000000
1.000000
1.000000
1.000000
1.000000
1.000000
1.000000
1.000000
1.000000
1.000000
1.000000
1.000000
1.000000
1.000000
1.000000
1.000000
1.000000
1.000000
1.000000
1.000000
1.000000
1.000000
1.000000
1.000000
1.000000
1.000000
1.000000
1.000000
1.000000
1.000000
1.000000
1.000000
1.000000
1.000000
1.000000
1.000000
1.000000
1.000000
1.000000
1.000000
1.000000
1.000000
1.000000
1.000000
1.000000
1.000000
1.000000
1.000000
1.000000
1.000000
1.000000
1.000000
1.000000
1.000000
1.000000
1.000000
1.000000
1.000000
1.000000
1.000000
1.000000
1.000000
1.000000
1.000000
1.000000
1.000000
1.000000
1.000000
1.000000
1.000000
1.000000
1.000000
1.000000
1.000000
1.000000
1.000000
1.000000
1.000000
1.000000
1.000000
1.000000
1.000000
1.000000
1.000000
1.000000
1.000000
1.000000
1.000000
1.000000
1.000000
1.000000
1.000000
1.000000
1.000000
1.000000
1.000000
1.000000
1.000000
1.000000
1.000000
1.000000
1.000000
1.000000
1.000000
1.000000
1.000000
1.000000
1.000000
1.000000
1.000000
1.000000
1.000000
1.000000
1.000000
1.000000
1.000000
1.000000
1.000000
1.000000
1.000000
1.000000
1.000000
1.000000
1.000000
1.000000
1.000000
1.000000
1.000000
1.000000
1.000000
1.000000
1.000000
1.000000
1.000000
1.000000
1.000000
1.000000
1.000000
1.000000
1.000000
1.000000
1.000000
1.000000
1.000000
1.000000
1.000000
1.000000
1.000000
1.000000
1.000000
1.000000
1.000000
1.000000
1.000000
1.000000
1.000000
1.000000
1.000000
1.000000
1.000000
1.000000
1.000000
1.000000
1.000000
1.000000
1.000000
1.000000
1.000000
1.000000
1.000000
1.000000
1.000000
1.000000
1.000000
1.000000
1.000000
1.000000
1.000000
1.000000
1.000000
1.000000
1.000000
1.000000
1.000000
1.000000
1.000000
1.000000
1.000000
1.000000
1.000000
1.000000
1.000000
1.000000
1.000000
1.000000
1.000000
1.000000
1.000000
1.000000
1.000000
1.000000
1.000000
1.000000
1.000000
1.000000
1.000000
1.000000
1.000000
1.000000
1.000000
1.000000
1.000000
1.000000
1.000000
1.000000
1.000000
1.000000
1.000000
1.000000
1.000000
1.000000
1.000000
1.000000
1.000000
1.000000
1.000000
1.000000
1.000000
1.000000
1.000000
1.000000
1.000000
1.000000
1.000000
1.000000
1.000000
1.000000
1.000000
1.000000
1.000000
1.000000
1.000000
1.000000
1.000000
1.000000
1.000000
1.000000
1.000000
1.000000
1.000000
1.000000
1.000000
1.000000
1.000000
1.000000
1.000000
1.000000
