1.000000
1.000000
1.000000
1.000000
1.000000
1.000000
1.000000
1.000000
1.000000
1.000000
1.000000
1.000000
1.000000
1.000000
1.000000
1.000000
1.000000
1.000000
1.000000
1.000000
1.000000
1.000000
1.000000
1.000000
1.000000
1.000000
1.000000
1.000000
1.000000
1.000000
1.000000
1.000000
1.000000
1.000000
1.000000
1.000000
1.000000
1.000000
1.000000
1.000000
1.000000
1.000000
1.000000
1.000000
1.000000
1.000000
1.000000
1.000000
1.000000
1.000000
1.000000
1.000000
1.000000
1.000000
1.000000
1.000000
1.000000
1.000000
1.000000
1.000000
1.000000
1.000000
1.000000
1.000000
1.000000
1.000000
1.000000
1.000000
1.000000
1.000000
1.000000
1.000000
1.000000
1.000000
1.000000
1.000000
1.000000
1.000000
1.000000
1.000000
1.000000
1.000000
1.000000
1.000000
1.000000
1.000000
1.000000
1.000000
1.000000
1.000000
1.000000
1.000000
1.000000
1.000000
1.000000
1.000000
1.000000
1.000000
1.000000
1.000000
1.000000
1.000000
1.000000
1.000000
1.000000
1.000000
1.000000
1.000000
1.000000
1.000000
1.000000
1.000000
1.000000
1.000000
1.000000
1.000000
1.000000
1.000000
1.000000
1.000000
1.000000
1.000000
1.000000
1.000000
1.000000
1.000000
1.000000
1.000000
1.000000
1.000000
1.000000
1.000000
1.000000
1.000000
1.000000
1.000000
1.000000
1.000000
1.000000
1.000000
1.000000
1.000000
1.000000
1.000000
1.000000
1.000000
1.000000
1.000000
1.000000
1.000000
1.000000
1.000000
1.000000
1.000000
1.000000
1.000000
1.000000
1.000000
1.000000
1.000000
1.000000
1.000000
1.000000
1.000000
1.000000
1.000000
1.000000
1.000000
1.000000
1.000000
1.000000
1.000000
1.000000
1.000000
1.000000
1.000000
1.000000
1.000000
1.000000
1.000000
1.000000
1.000000
1.000000
1.000000
1.000000
1.000000
1.000000
1.000000
1.000000
1.000000
1.000000
1.000000
1.000000
1.000000
1.000000
1.000000
1.000000
1.000000
1.000000
1.000000
1.000000
1.000000
1.000000
1.000000
1.000000
1.000000
1.000000
1.000000
1.000000
1.000000
1.000000
1.000000
1.000000
1.000000
1.000000
1.000000
1.000000
1.000000
1.000000
1.000000
1.000000
1.000000
1.000000
1.000000
1.000000
1.000000
1.000000
1.000000
1.000000
1.000000
1.000000
1.000000
1.000000
1.000000
1.000000
1.000000
1.000000
1.000000
1.000000
1.000000
1.000000
1.000000
1.000000
1.000000
1.000000
1.000000
1.000000
1.000000
1.000000
1.000000
1.000000
1.000000
1.000000
1.000000
1.000000
1.000007
1.000013
1.000027
1.000040
1.000042
1.000044
1.000044
1.000045
1.000045
1.000044
1.000043
1.000040
1.000027
1.000013
1.000005
1.000000
1.000000
1.000000
1.000000
1.000000
1.000000
1.000000
1.000000
1.000000
1.000000
1.000000
1.000000
1.000000
1.000000
1.000000
1.000000
1.000000
1.000000
1.000000
1.000000
1.000000
1.000000
1.000000
1.000000
1.000000
1.000013
1.000080
1.000210
1.000363
1.000478
1.000536
1.000563
1.000573
1.000575
1.000576
1.000572
1.000559
1.000499
1.000368
1.000207
1.000090
1.000035
1.000013
1.000000
1.000000
1.000000
1.000000
1.000000
1.000000
1.000000
1.000000
1.000000
1.000000
1.000000
1.000000
1.000000
1.000000
1.000000
1.000000
1.000000
1.000000
1.000000
1.000000
1.000000
1.000001
1.000035
1.000203
1.000769
1.002012
1.003448
1.004530
1.005129
1.005391
1.005485
1.005515
1.005525
1.005498
1.005361
1.004838
1.003587
1.002061
1.000924
1.000333
1.000099
1.000026
1.000006
1.000000
1.000000
1.000000
1.000000
1.000000
1.000000
1.000000
1.000000
1.000000
1.000000
1.000000
1.000000
1.000000
1.000000
1.000000
1.000000
1.000000
1.000000
1.000004
1.000041
1.000268
1.001386
1.005188
1.013295
1.022607
1.029713
1.033778
1.035638
1.036347
1.036577
1.036621
1.036484
1.035678
1.032521
1.024635
1.014488
1.006602
1.002398
1.000717
1.000181
1.000042
1.000009
1.000000
1.000000
1.000000
1.000000
1.000000
1.000000
1.000000
1.000000
1.000000
1.000000
1.000000
1.000000
1.000000
1.000000
1.000000
1.000000
1.000000
1.000018
1.000179
1.001166
1.005848
1.021321
1.052921
1.088679
1.116552
1.133317
1.141543
1.144941
1.146141
1.146449
1.146070
1.143458
1.132777
1.104198
1.063605
1.029678
1.010895
1.003270
1.000828
1.000181
1.000036
1.000008
1.000000
1.000000
1.000000
1.000000
1.000000
1.000000
1.000000
1.000000
1.000000
1.000000
1.000000
1.000000
1.000000
1.000000
1.000000
1.000007
1.000050
1.000396
1.002549
1.012664
1.045526
1.111165
1.185995
1.246724
1.285755
1.306576
1.316018
1.319708
1.320859
1.320384
1.315666
1.295477
1.238250
1.149512
1.070545
1.025808
1.007673
1.001924
1.000418
1.000081
1.000016
1.000001
1.000000
1.000000
1.000000
1.000000
1.000000
1.000000
1.000000
1.000000
1.000000
1.000000
1.000000
1.000000
1.000000
1.000000
1.000011
1.000075
1.000596
1.003832
1.019023
1.068210
1.166263
1.280634
1.377898
1.444594
1.483010
1.501948
1.510024
1.512890
1.512702
1.506214
1.477135
1.391093
1.248954
1.117252
1.042292
1.012362
1.003053
1.000657
1.000126
1.000024
1.000003
1.000000
1.000000
1.000000
1.000000
1.000000
1.000000
1.000000
1.000000
1.000000
1.000000
1.000000
1.000000
1.000000
1.000000
1.000012
1.000091
1.000727
1.004680
1.023318
1.083932
1.205926
1.352241
1.482248
1.576491
1.634306
1.664777
1.678689
1.684067
1.684579
1.676795
1.640244
1.528909
1.337742
1.157386
1.055705
1.015983
1.003889
1.000826
1.000156
1.000029
1.000004
1.000000
1.000000
1.000000
1.000000
1.000000
1.000000
1.000000
1.000000
1.000000
1.000000
1.000000
1.000000
1.000000
1.000000
1.000012
1.000100
1.000792
1.005118
1.025603
1.092654
1.229254
1.397217
1.551867
1.668934
1.744278
1.786016
1.806045
1.814239
1.815683
1.807007
1.764514
1.632873
1.402634
1.185055
1.064344
1.018178
1.004371
1.000920
1.000173
1.000031
1.000004
1.000000
1.000000
1.000000
1.000000
1.000000
1.000000
1.000000
1.000000
1.000000
1.000000
1.000000
1.000000
1.000000
1.000000
1.000012
1.000102
1.000817
1.005305
1.026606
1.096693
1.240855
1.421334
1.591762
1.724778
1.813313
1.864082
1.889286
1.899979
1.902317
1.893047
1.846153
1.699753
1.442427
1.200865
1.068928
1.019270
1.004599
1.000962
1.000180
1.000031
1.000005
1.000000
1.000000
1.000000
1.000000
1.000000
1.000000
1.000000
1.000000
1.000000
1.000000
1.000000
1.000000
1.000000
1.000000
1.000012
1.000103
1.000827
1.005374
1.026983
1.098297
1.245832
1.432548
1.611638
1.754132
1.851023
1.907813
1.936614
1.949102
1.952106
1.942456
1.892627
1.736744
1.463200
1.208517
1.070988
1.019730
1.004691
1.000978
1.000182
1.000032
1.000005
1.000000
1.000000
1.000000
1.000000
1.000000
1.000000
1.000000
1.000000
1.000000
1.000000
1.000000
1.000000
1.000000
1.000000
1.000012
1.000103
1.000829
1.005394
1.027104
1.098851
1.247698
1.437117
1.620320
1.767652
1.869049
1.929226
1.960112
1.973667
1.977075
1.967198
1.915649
1.754459
1.472542
1.211706
1.071785
1.019898
1.004722
1.000982
1.000182
1.000032
1.000005
1.000000
1.000000
1.000000
1.000000
1.000000
1.000000
1.000000
1.000000
1.000000
1.000000
1.000000
1.000000
1.000000
1.000000
1.000012
1.000103
1.000829
1.005397
1.027126
1.098984
1.248248
1.438665
1.623551
1.773008
1.876488
1.938285
1.970194
1.984280
1.987889
1.977889
1.925454
1.761672
1.476032
1.212763
1.072015
1.019939
1.004728
1.000983
1.000182
1.000032
1.000005
1.000000
1.000000
1.000000
1.000000
1.000000
1.000000
1.000000
1.000000
1.000000
1.000000
1.000000
1.000000
1.000000
1.000000
1.000012
1.000103
1.000825
1.005372
1.027007
1.098628
1.247638
1.438037
1.623250
1.773301
1.877445
1.939786
1.972046
1.986314
1.989982
1.979893
1.926992
1.762023
1.475254
1.211984
1.071657
1.019825
1.004699
1.000977
1.000181
1.000031
1.000004
1.000000
1.000000
1.000000
1.000000
1.000000
1.000000
1.000000
1.000000
1.000000
1.000000
1.000000
1.000000
1.000000
1.000000
1.000012
1.000097
1.000788
1.005165
1.026065
1.095674
1.241660
1.429191
1.612112
1.760423
1.863285
1.924739
1.956444
1.970402
1.973889
1.963560
1.910048
1.744363
1.460291
1.203725
1.068563
1.018930
1.004482
1.000931
1.000172
1.000030
1.000004
1.000000
1.000000
1.000000
1.000000
1.000000
1.000000
1.000000
1.000000
1.000000
1.000000
1.000000
1.000000
1.000000
1.000000
1.000009
1.000082
1.000652
1.004297
1.021988
1.082372
1.213229
1.385036
1.554167
1.691151
1.785290
1.840678
1.868691
1.880697
1.883199
1.872042
1.817326
1.653677
1.390199
1.167766
1.055626
1.015261
1.003602
1.000747
1.000139
1.000023
1.000003
1.000000
1.000000
1.000000
1.000000
1.000000
1.000000
1.000000
1.000000
1.000000
1.000000
1.000000
1.000000
1.000000
1.000000
1.000004
1.000051
1.000427
1.002870
1.014954
1.057616
1.154531
1.285836
1.416193
1.520439
1.589982
1.629218
1.648101
1.655677
1.656354
1.645046
1.594658
1.455400
1.257540
1.107161
1.035150
1.009627
1.002271
1.000469
1.000086
1.000013
1.000000
1.000000
1.000000
1.000000
1.000000
1.000000
1.000000
1.000000
1.000000
1.000000
1.000000
1.000000
1.000000
1.000000
1.000000
1.000000
1.000026
1.000225
1.001521
1.008045
1.031703
1.087396
1.164026
1.239130
1.296915
1.333297
1.352454
1.361013
1.364110
1.363647
1.355376
1.321560
1.235977
1.128346
1.052686
1.017319
1.004769
1.001130
1.000233
1.000043
1.000005
1.000000
1.000000
1.000000
1.000000
1.000000
1.000000
1.000000
1.000000
1.000000
1.000000
1.000000
1.000000
1.000000
1.000000
1.000000
1.000000
1.000010
1.000093
1.000649
1.003479
1.013896
1.038803
1.072761
1.104813
1.128022
1.141583
1.148174
1.150889
1.151755
1.151285
1.147249
1.131597
1.094221
1.050515
1.020789
1.006895
1.001914
1.000455
1.000093
1.000017
1.000001
1.000000
1.000000
1.000000
1.000000
1.000000
1.000000
1.000000
1.000000
1.000000
1.000000
1.000000
1.000000
1.000000
1.000000
1.000000
1.000000
1.000000
1.000031
1.000230
1.001242
1.004995
1.013991
1.025981
1.036776
1.044107
1.048088
1.049882
1.050567
1.050757
1.050544
1.049092
1.043616
1.030912
1.016550
1.006860
1.002296
1.000641
1.000152
1.000030
1.000003
1.000000
1.000000
1.000000
1.000000
1.000000
1.000000
1.000000
1.000000
1.000000
1.000000
1.000000
1.000000
1.000000
1.000000
1.000000
1.000000
1.000000
1.000000
1.000011
1.000069
1.000375
1.001515
1.004239
1.007781
1.010833
1.012792
1.013792
1.014214
1.014365
1.014403
1.014333
1.013908
1.012326
1.008704
1.004668
1.001947
1.000656
1.000183
1.000043
1.000008
1.000000
1.000000
1.000000
1.000000
1.000000
1.000000
1.000000
1.000000
1.000000
1.000000
1.000000
1.000000
1.000000
1.000000
1.000000
1.000000
1.000000
1.000000
1.000000
1.000000
1.000016
1.000096
1.000396
1.001106
1.002012
1.002762
1.003224
1.003447
1.003536
1.003567
1.003577
1.003556
1.003448
1.003053
1.002152
1.001157
1.000484
1.000163
1.000046
1.000009
1.000000
1.000000
1.000000
1.000000
1.000000
1.000000
1.000000
1.000000
1.000000
1.000000
1.000000
1.000000
1.000000
1.000000
1.000000
1.000000
1.000000
1.000000
1.000000
1.000000
1.000000
1.000001
1.000020
1.000089
1.000253
1.000456
1.000621
1.000718
1.000763
1.000782
1.000788
1.000789
1.000785
1.000760
1.000673
1.000474
1.000254
1.000106
1.000035
1.000008
1.000000
1.000000
1.000000
1.000000
1.000000
1.000000
1.000000
1.000000
1.000000
1.000000
1.000000
1.000000
1.000000
1.000000
1.000000
1.000000
1.000000
1.000000
1.000000
1.000000
1.000000
1.000000
1.000000
1.000003
1.000015
1.000049
1.000090
1.000123
1.000142
1.000152
1.000154
1.000155
1.000155
1.000154
1.000150
1.000133
1.000093
1.000050
1.000019
1.000004
1.000000
1.000000
1.000000
1.000000
1.000000
1.000000
1.000000
1.000000
1.000000
1.000000
1.000000
1.000000
1.000000
1.000000
1.000000
1.000000
1.000000
1.000000
1.000000
1.000000
1.000000
1.000000
1.000000
1.000000
1.000000
1.000000
1.000007
1.000014
1.000021
1.000024
1.000026
1.000026
1.000026
1.000026
1.000026
1.000025
1.000022
1.000013
1.000006
1.000001
1.000000
1.000000
1.000000
1.000000
1.000000
1.000000
1.000000
1.000000
1.000000
1.000000
1.000000
1.000000
1.000000
1.000000
1.000000
1.000000
1.000000
1.000000
1.000000
1.000000
1.000000
1.000000
1.000000
1.000000
1.000000
1.000000
1.000000
1.000000
1.000000
1.000002
1.000002
1.000003
1.000003
1.000003
1.000003
1.000003
1.000002
1.000002
1.000000
1.000000
1.000000
1.000000
1.000000
1.000000
1.000000
1.000000
1.000000
1.000000
1.000000
1.000000
1.000000
1.000000
1.000000
1.000000
1.000000
1.000000
1.000000
1.000000
1.000000
1.000000
1.000000
1.000000
1.000000
1.000000
1.000000
1.000000
1.000000
1.000000
1.000000
1.000000
1.000000
1.000000
1.000000
1.000000
1.000000
1.000000
1.000000
1.000000
1.000000
1.000000
1.000000
1.000000
1.000000
1.000000
1.000000
1.000000
1.000000
1.000000
1.000000
1.000000
1.000000
1.000000
1.000000
1.000000
1.000000
1.000000
1.000000
1.000000
1.000000
1.000000
1.000000
1.000000
1.000000
1.000000
1.000000
1.000000
1.000000
1.000000
1.000000
1.000000
1.000000
1.000000
1.000000
1.000000
1.000000
1.000000
1.000000
1.000000
1.000000
1.000000
1.000000
1.000000
1.000000
1.000000
1.000000
1.000000
1.000000
1.000000
1.000000
1.000000
1.000000
1.000000
1.000000
1.000000
1.000000
1.000000
1.000000
1.000000
1.000000
1.000000
1.000000
1.000000
1.000000
1.000000
1.000000
1.000000
1.000000
1.000000
1.000000
1.000000
1.000000
1.000000
1.000000
1.000000
1.000000
1.000000
1.000000
1.000000
1.000000
1.000000
1.000000
1.000000
1.000000
1.000000
1.000000
1.000000
1.000000
1.000000
1.000000
1.000000
1.000000
1.000000
1.000000
1.000000
1.000000
1.000000
1.000000
1.000000
1.000000
1.000000
1.000000
1.000000
1.000000
1.000000
1.000000
1.000000
1.000000
1.000000
1.000000
1.000000
1.000000
1.000000
1.000000
1.000000
1.000000
1.000000
1.000000
1.000000
1.000000
1.000000
1.000000
1.000000
1.000000
1.000000
1.000000
1.000000
1.000000
1.000000
1.000000
1.000000
1.000000
1.000000
1.000000
1.000000
1.000000
1.000000
1.000000
1.000000
1.000000
1.000000
1.000000
1.000000
1.000000
1.000000
1.000000
1.000000
1.000000
1.000000
1.000000
1.000000
1.000000
1.000000
1.000000
1.000000
1.000000
1.000000
1.000000
1.000000
1.000000
1.000000
1.000000
1.000000
1.000000
1.000000
1.000000
1.000000
1.000000
1.000000
1.000000
1.000000
1.000000
1.000000
1.000000
1.000000
1.000000
1.000000
1.000000
1.000000
1.000000
1.000000
1.000000
1.000000
1.000000
1.000000
1.000000
1.000000
1.000000
1.000000
1.000000
1.000000
1.000000
1.000000
1.000000
1.000000
1.000000
1.000000
1.000000
1.000000
1.000000
1.000000
1.000000
1.000000
1.000000
1.000000
1.000000
1.000000
1.000000
1.000000
1.000000
1.000000
1.000000
1.000000
1.000000
1.000000
1.000000
1.000000
1.000000
1.000000
1.000000
1.000000
1.000000
1.000000
1.000000
1.000000
1.000000
1.000000
1.000000
1.000000
1.000000
1.000000
1.000000
1.000000
1.000000
1.000000
1.000000
1.000000
1.000000
1.000000
1.000000
1.000000
1.000000
1.000000
1.000000
1.000000
1.000000
1.000000
1.000000
1.000000
1.000000
1.000000
1.000000
1.000000
1.000000
1.000000
1.000000
1.000000
1.000000
1.000000
1.000000
1.000000
1.000000
1.000000
1.000000
1.000000
1.000000
1.000000
1.000000
1.000000
1.000000
1.000000
1.000000
1.000000
1.000000
1.000000
1.000000
1.000000
1.000000
1.000000
1.000000
1.000000
1.000000
1.000000
1.000000
1.000000
1.000000
1.000000
1.000000
1.000000
1.000000
1.000000
1.000000
1.000000
1.000000
1.000000
1.000000
1.000000
1.000000
1.000000
1.000000
1.000000
1.000000
1.000000
1.000000
1.000000
1.000000
1.000000
1.000000
1.000000
1.000000
1.000000
1.000000
1.000000
1.000000
1.000000
1.000000
1.000000
1.000000
1.000000
1.000000
1.000000
1.000000
1.000000
1.000000
1.000000
1.000000
1.000000
1.000000
1.000000
1.000000
1.000000
1.000000
1.000000
1.000000
1.000000
1.000000
1.000000
1.000000
1.000000
1.000000
1.000000
1.000000
1.000000
1.000000
1.000000
1.000000
1.000000
1.000000
