1.000000
1.000000
1.000000
1.000000
1.000000
1.000000
1.000000
1.000000
1.000000
1.000000
1.000000
1.000000
1.000000
1.000000
1.000000
1.000000
1.000000
1.000000
1.000000
1.000000
1.000000
1.000000
1.000000
1.000000
1.000000
1.000000
1.000000
1.000000
1.000000
1.000000
1.000000
1.000000
1.000000
1.000000
1.000000
1.000000
1.000000
1.000000
1.000000
1.000000
1.000000
1.000000
1.000000
1.000000
1.000000
1.000000
1.000000
1.000000
1.000000
1.000000
1.000000
1.000000
1.000000
1.000000
1.000000
1.000000
1.000000
1.000000
1.000000
1.000000
1.000000
1.000000
1.000000
1.000000
1.000000
1.000000
1.000000
1.000000
1.000000
1.000000
1.000000
1.000000
1.000000
1.000000
1.000000
1.000000
1.000000
1.000000
1.000000
1.000000
1.000000
1.000000
1.000000
1.000000
1.000000
1.000000
1.000000
1.000000
1.000000
1.000000
1.000000
1.000000
1.000000
1.000000
1.000000
1.000000
1.000000
1.000000
1.000000
1.000000
1.000000
1.000000
1.000000
1.000000
1.000000
1.000000
1.000000
1.000000
1.000000
1.000000
1.000000
1.000000
1.000000
1.000000
1.000000
1.000000
1.000000
1.000000
1.000000
1.000000
1.000000
1.000000
1.000000
1.000000
1.000000
1.000000
1.000000
1.000000
1.000000
1.000000
1.000000
1.000000
1.000000
1.000000
1.000000
1.000000
1.000000
1.000000
1.000000
1.000000
1.000000
1.000000
1.000000
1.000000
1.000000
1.000000
1.000000
1.000000
1.000000
1.000000
1.000000
1.000000
1.000000
1.000000
1.000000
1.000000
1.000000
1.000000
1.000000
1.000000
1.000000
1.000000
1.000000
1.000000
1.000000
1.000000
1.000000
1.000000
1.000000
1.000000
1.000000
1.000000
1.000000
1.000000
1.000000
1.000000
1.000000
1.000000
1.000000
1.000000
1.000000
1.000000
1.000000
1.000000
1.000000
1.000000
1.000000
1.000000
1.000000
1.000000
1.000000
1.000000
1.000000
1.000000
1.000000
1.000000
1.000000
1.000000
1.000000
1.000000
1.000000
1.000000
1.000000
1.000000
1.000000
1.000000
1.000000
1.000000
1.000000
1.000000
1.000000
1.000000
1.000000
1.000000
1.000000
1.000000
1.000000
1.000000
1.000000
1.000000
1.000000
1.000000
1.000000
1.000000
1.000000
1.000000
1.000000
1.000000
1.000000
1.000000
1.000000
1.000000
1.000000
1.000000
1.000000
1.000000
1.000000
1.000000
1.000000
1.000000
1.000000
1.000000
1.000000
1.000000
1.000000
1.000000
1.000000
1.000000
1.000000
1.000000
1.000000
1.000000
1.000000
1.000000
1.000000
1.000010
1.000013
1.000027
1.000040
1.000057
1.000064
1.000065
1.000065
1.000065
1.000065
1.000063
1.000055
1.000043
1.000029
1.000016
1.000002
1.000000
1.000000
1.000000
1.000000
1.000000
1.000000
1.000000
1.000000
1.000000
1.000000
1.000000
1.000000
1.000000
1.000000
1.000000
1.000000
1.000000
1.000000
1.000000
1.000000
1.000000
1.000000
1.000000
1.000000
1.000013
1.000085
1.000216
1.000384
1.000520
1.000611
1.000654
1.000672
1.000682
1.000684
1.000679
1.000662
1.000597
1.000467
1.000297
1.000154
1.000066
1.000025
1.000010
1.000000
1.000000
1.000000
1.000000
1.000000
1.000000
1.000000
1.000000
1.000000
1.000000
1.000000
1.000000
1.000000
1.000000
1.000000
1.000000
1.000000
1.000000
1.000000
1.000000
1.000011
1.000050
1.000218
1.000727
1.001750
1.003021
1.004109
1.004814
1.005181
1.005341
1.005397
1.005416
1.005388
1.005248
1.004794
1.003789
1.002452
1.001285
1.000554
1.000200
1.000062
1.000016
1.000002
1.000000
1.000000
1.000000
1.000000
1.000000
1.000000
1.000000
1.000000
1.000000
1.000000
1.000000
1.000000
1.000000
1.000000
1.000000
1.000000
1.000000
1.000013
1.000054
1.000298
1.001279
1.004167
1.009854
1.016847
1.022880
1.026871
1.029012
1.029977
1.030349
1.030450
1.030334
1.029647
1.027316
1.021973
1.014525
1.007748
1.003372
1.001224
1.000379
1.000101
1.000022
1.000007
1.000000
1.000000
1.000000
1.000000
1.000000
1.000000
1.000000
1.000000
1.000000
1.000000
1.000000
1.000000
1.000000
1.000000
1.000000
1.000000
1.000028
1.000211
1.001142
1.004841
1.015435
1.035609
1.060002
1.081220
1.095717
1.103897
1.107820
1.109445
1.109967
1.109711
1.107700
1.100516
1.083044
1.056660
1.030965
1.013661
1.004987
1.001546
1.000415
1.000096
1.000022
1.000006
1.000000
1.000000
1.000000
1.000000
1.000000
1.000000
1.000000
1.000000
1.000000
1.000000
1.000000
1.000000
1.000000
1.000000
1.000013
1.000073
1.000485
1.002587
1.010844
1.034048
1.077254
1.129308
1.175614
1.208748
1.228675
1.238988
1.243636
1.245365
1.245224
1.241641
1.228024
1.192917
1.135461
1.075473
1.033482
1.012184
1.003752
1.001002
1.000236
1.000052
1.000012
1.000000
1.000000
1.000000
1.000000
1.000000
1.000000
1.000000
1.000000
1.000000
1.000000
1.000000
1.000000
1.000000
1.000000
1.000015
1.000120
1.000779
1.004151
1.017338
1.054107
1.122075
1.204843
1.280871
1.338084
1.374777
1.395219
1.405201
1.409356
1.409915
1.405114
1.385298
1.331569
1.237558
1.133679
1.059062
1.021241
1.006457
1.001702
1.000399
1.000085
1.000018
1.000003
1.000000
1.000000
1.000000
1.000000
1.000000
1.000000
1.000000
1.000000
1.000000
1.000000
1.000000
1.000000
1.000000
1.000020
1.000155
1.001009
1.005387
1.022521
1.070335
1.159120
1.269328
1.374148
1.456896
1.513118
1.546515
1.563979
1.571882
1.573879
1.568431
1.543382
1.472574
1.342373
1.192817
1.084206
1.029777
1.008905
1.002319
1.000538
1.000113
1.000024
1.000004
1.000000
1.000000
1.000000
1.000000
1.000000
1.000000
1.000000
1.000000
1.000000
1.000000
1.000000
1.000000
1.000000
1.000022
1.000176
1.001152
1.006156
1.025813
1.080951
1.184347
1.315428
1.444182
1.550113
1.625631
1.672905
1.699016
1.711592
1.715633
1.710057
1.680791
1.595324
1.432952
1.242429
1.104269
1.036225
1.010667
1.002744
1.000630
1.000132
1.000027
1.000004
1.000000
1.000000
1.000000
1.000000
1.000000
1.000000
1.000000
1.000000
1.000000
1.000000
1.000000
1.000000
1.000000
1.000022
1.000189
1.001224
1.006551
1.027554
1.086793
1.199012
1.343896
1.489985
1.614184
1.706114
1.766036
1.800543
1.817926
1.824233
1.818854
1.786274
1.688894
1.500489
1.277774
1.117704
1.040282
1.011719
1.002987
1.000680
1.000142
1.000028
1.000005
1.000000
1.000000
1.000000
1.000000
1.000000
1.000000
1.000000
1.000000
1.000000
1.000000
1.000000
1.000000
1.000000
1.000023
1.000192
1.001253
1.006724
1.028342
1.089572
1.206439
1.359324
1.516416
1.653169
1.757186
1.826997
1.868421
1.889949
1.898302
1.893229
1.858151
1.751764
1.544360
1.299472
1.125410
1.042462
1.012253
1.003106
1.000704
1.000145
1.000028
1.000005
1.000000
1.000000
1.000000
1.000000
1.000000
1.000000
1.000000
1.000000
1.000000
1.000000
1.000000
1.000000
1.000000
1.000023
1.000192
1.001266
1.006791
1.028654
1.090730
1.209756
1.366731
1.529966
1.674276
1.786037
1.862525
1.908821
1.933377
1.943271
1.938462
1.901631
1.789064
1.569318
1.311064
1.129248
1.043480
1.012488
1.003155
1.000713
1.000146
1.000028
1.000005
1.000000
1.000000
1.000000
1.000000
1.000000
1.000000
1.000000
1.000000
1.000000
1.000000
1.000000
1.000000
1.000000
1.000023
1.000193
1.001267
1.006810
1.028750
1.091123
1.211012
1.369821
1.536072
1.684374
1.800471
1.880869
1.930123
1.956567
1.967441
1.962798
1.924844
1.808478
1.581640
1.316364
1.130857
1.043870
1.012571
1.003172
1.000716
1.000146
1.000028
1.000005
1.000000
1.000000
1.000000
1.000000
1.000000
1.000000
1.000000
1.000000
1.000000
1.000000
1.000000
1.000000
1.000000
1.000023
1.000192
1.001261
1.006785
1.028655
1.090927
1.210868
1.370178
1.537566
1.687596
1.805717
1.888031
1.938781
1.966196
1.977572
1.972974
1.934307
1.815738
1.585293
1.317215
1.130802
1.043760
1.012524
1.003155
1.000710
1.000145
1.000028
1.000005
1.000000
1.000000
1.000000
1.000000
1.000000
1.000000
1.000000
1.000000
1.000000
1.000000
1.000000
1.000000
1.000000
1.000021
1.000183
1.001219
1.006577
1.027876
1.088846
1.207048
1.364875
1.531346
1.681003
1.799115
1.881574
1.932474
1.959978
1.971347
1.966525
1.927042
1.806673
1.574946
1.309098
1.126672
1.042228
1.012062
1.003036
1.000686
1.000139
1.000027
1.000004
1.000000
1.000000
1.000000
1.000000
1.000000
1.000000
1.000000
1.000000
1.000000
1.000000
1.000000
1.000000
1.000000
1.000019
1.000164
1.001067
1.005795
1.024835
1.080348
1.190449
1.340021
1.499378
1.643211
1.756630
1.835438
1.883693
1.909455
1.919704
1.913817
1.872444
1.749666
1.522035
1.273509
1.110123
1.036379
1.010346
1.002597
1.000586
1.000120
1.000022
1.000003
1.000000
1.000000
1.000000
1.000000
1.000000
1.000000
1.000000
1.000000
1.000000
1.000000
1.000000
1.000000
1.000000
1.000014
1.000119
1.000789
1.004343
1.018923
1.062702
1.152915
1.279259
1.416127
1.540036
1.636891
1.702948
1.742342
1.762624
1.769754
1.761852
1.719017
1.600256
1.399357
1.200869
1.079149
1.025946
1.007361
1.001845
1.000414
1.000083
1.000014
1.000000
1.000000
1.000000
1.000000
1.000000
1.000000
1.000000
1.000000
1.000000
1.000000
1.000000
1.000000
1.000000
1.000000
1.000008
1.000070
1.000485
1.002691
1.011917
1.040419
1.101367
1.189108
1.285052
1.371053
1.436467
1.479292
1.503563
1.515252
1.518267
1.509709
1.472742
1.379635
1.240463
1.117120
1.045700
1.014996
1.004269
1.001072
1.000238
1.000048
1.000007
1.000000
1.000000
1.000000
1.000000
1.000000
1.000000
1.000000
1.000000
1.000000
1.000000
1.000000
1.000000
1.000000
1.000000
1.000000
1.000034
1.000247
1.001381
1.006190
1.021344
1.054490
1.102641
1.154669
1.199788
1.232421
1.252498
1.263118
1.267793
1.268305
1.262203
1.239301
1.186223
1.114430
1.055105
1.021580
1.007138
1.002046
1.000516
1.000114
1.000023
1.000003
1.000000
1.000000
1.000000
1.000000
1.000000
1.000000
1.000000
1.000000
1.000000
1.000000
1.000000
1.000000
1.000000
1.000000
1.000000
1.000015
1.000104
1.000594
1.002690
1.009365
1.024083
1.045279
1.067503
1.085848
1.098306
1.105453
1.108965
1.110363
1.110231
1.107252
1.096902
1.074128
1.045046
1.021738
1.008592
1.002869
1.000828
1.000209
1.000046
1.000007
1.000000
1.000000
1.000000
1.000000
1.000000
1.000000
1.000000
1.000000
1.000000
1.000000
1.000000
1.000000
1.000000
1.000000
1.000000
1.000000
1.000002
1.000035
1.000218
1.000997
1.003488
1.008979
1.016752
1.024613
1.030776
1.034711
1.036825
1.037796
1.038144
1.038022
1.036903
1.033172
1.025189
1.015282
1.007417
1.002958
1.000995
1.000288
1.000072
1.000015
1.000001
1.000000
1.000000
1.000000
1.000000
1.000000
1.000000
1.000000
1.000000
1.000000
1.000000
1.000000
1.000000
1.000000
1.000000
1.000000
1.000000
1.000000
1.000013
1.000069
1.000320
1.001125
1.002892
1.005348
1.007749
1.009547
1.010637
1.011189
1.011430
1.011508
1.011456
1.011104
1.009956
1.007538
1.004578
1.002233
1.000896
1.000302
1.000087
1.000021
1.000002
1.000000
1.000000
1.000000
1.000000
1.000000
1.000000
1.000000
1.000000
1.000000
1.000000
1.000000
1.000000
1.000000
1.000000
1.000000
1.000000
1.000000
1.000000
1.000000
1.000018
1.000089
1.000319
1.000820
1.001503
1.002153
1.002622
1.002894
1.003025
1.003080
1.003098
1.003081
1.002983
1.002671
1.002020
1.001228
1.000601
1.000242
1.000081
1.000022
1.000004
1.000000
1.000000
1.000000
1.000000
1.000000
1.000000
1.000000
1.000000
1.000000
1.000000
1.000000
1.000000
1.000000
1.000000
1.000000
1.000000
1.000000
1.000000
1.000000
1.000000
1.000002
1.000020
1.000079
1.000205
1.000376
1.000534
1.000645
1.000707
1.000737
1.000750
1.000752
1.000748
1.000724
1.000647
1.000489
1.000297
1.000145
1.000058
1.000017
1.000003
1.000000
1.000000
1.000000
1.000000
1.000000
1.000000
1.000000
1.000000
1.000000
1.000000
1.000000
1.000000
1.000000
1.000000
1.000000
1.000000
1.000000
1.000000
1.000000
1.000000
1.000000
1.000000
1.000003
1.000015
1.000044
1.000082
1.000118
1.000142
1.000157
1.000163
1.000165
1.000165
1.000164
1.000159
1.000143
1.000107
1.000065
1.000030
1.000010
1.000001
1.000000
1.000000
1.000000
1.000000
1.000000
1.000000
1.000000
1.000000
1.000000
1.000000
1.000000
1.000000
1.000000
1.000000
1.000000
1.000000
1.000000
1.000000
1.000000
1.000000
1.000000
1.000000
1.000000
1.000000
1.000001
1.000007
1.000014
1.000022
1.000027
1.000030
1.000031
1.000031
1.000031
1.000031
1.000030
1.000026
1.000018
1.000009
1.000003
1.000000
1.000000
1.000000
1.000000
1.000000
1.000000
1.000000
1.000000
1.000000
1.000000
1.000000
1.000000
1.000000
1.000000
1.000000
1.000000
1.000000
1.000000
1.000000
1.000000
1.000000
1.000000
1.000000
1.000000
1.000000
1.000000
1.000000
1.000000
1.000000
1.000003
1.000003
1.000004
1.000004
1.000004
1.000004
1.000004
1.000004
1.000003
1.000001
1.000000
1.000000
1.000000
1.000000
1.000000
1.000000
1.000000
1.000000
1.000000
1.000000
1.000000
1.000000
1.000000
1.000000
1.000000
1.000000
1.000000
1.000000
1.000000
1.000000
1.000000
1.000000
1.000000
1.000000
1.000000
1.000000
1.000000
1.000000
1.000000
1.000000
1.000000
1.000000
1.000000
1.000000
1.000000
1.000000
1.000000
1.000000
1.000000
1.000000
1.000000
1.000000
1.000000
1.000000
1.000000
1.000000
1.000000
1.000000
1.000000
1.000000
1.000000
1.000000
1.000000
1.000000
1.000000
1.000000
1.000000
1.000000
1.000000
1.000000
1.000000
1.000000
1.000000
1.000000
1.000000
1.000000
1.000000
1.000000
1.000000
1.000000
1.000000
1.000000
1.000000
1.000000
1.000000
1.000000
1.000000
1.000000
1.000000
1.000000
1.000000
1.000000
1.000000
1.000000
1.000000
1.000000
1.000000
1.000000
1.000000
1.000000
1.000000
1.000000
1.000000
1.000000
1.000000
1.000000
1.000000
1.000000
1.000000
1.000000
1.000000
1.000000
1.000000
1.000000
1.000000
1.000000
1.000000
1.000000
1.000000
1.000000
1.000000
1.000000
1.000000
1.000000
1.000000
1.000000
1.000000
1.000000
1.000000
1.000000
1.000000
1.000000
1.000000
1.000000
1.000000
1.000000
1.000000
1.000000
1.000000
1.000000
1.000000
1.000000
1.000000
1.000000
1.000000
1.000000
1.000000
1.000000
1.000000
1.000000
1.000000
1.000000
1.000000
1.000000
1.000000
1.000000
1.000000
1.000000
1.000000
1.000000
1.000000
1.000000
1.000000
1.000000
1.000000
1.000000
1.000000
1.000000
1.000000
1.000000
1.000000
1.000000
1.000000
1.000000
1.000000
1.000000
1.000000
1.000000
1.000000
1.000000
1.000000
1.000000
1.000000
1.000000
1.000000
1.000000
1.000000
1.000000
1.000000
1.000000
1.000000
1.000000
1.000000
1.000000
1.000000
1.000000
1.000000
1.000000
1.000000
1.000000
1.000000
1.000000
1.000000
1.000000
1.000000
1.000000
1.000000
1.000000
1.000000
1.000000
1.000000
1.000000
1.000000
1.000000
1.000000
1.000000
1.000000
1.000000
1.000000
1.000000
1.000000
1.000000
1.000000
1.000000
1.000000
1.000000
1.000000
1.000000
1.000000
1.000000
1.000000
1.000000
1.000000
1.000000
1.000000
1.000000
1.000000
1.000000
1.000000
1.000000
1.000000
1.000000
1.000000
1.000000
1.000000
1.000000
1.000000
1.000000
1.000000
1.000000
1.000000
1.000000
1.000000
1.000000
1.000000
1.000000
1.000000
1.000000
1.000000
1.000000
1.000000
1.000000
1.000000
1.000000
1.000000
1.000000
1.000000
1.000000
1.000000
1.000000
1.000000
1.000000
1.000000
1.000000
1.000000
1.000000
1.000000
1.000000
1.000000
1.000000
1.000000
1.000000
1.000000
1.000000
1.000000
1.000000
1.000000
1.000000
1.000000
1.000000
1.000000
1.000000
1.000000
1.000000
1.000000
1.000000
1.000000
1.000000
1.000000
1.000000
1.000000
1.000000
1.000000
1.000000
1.000000
1.000000
1.000000
1.000000
1.000000
1.000000
1.000000
1.000000
1.000000
1.000000
1.000000
1.000000
1.000000
1.000000
1.000000
1.000000
1.000000
1.000000
1.000000
1.000000
1.000000
1.000000
1.000000
1.000000
1.000000
1.000000
1.000000
1.000000
1.000000
1.000000
1.000000
1.000000
1.000000
1.000000
1.000000
1.000000
1.000000
1.000000
1.000000
1.000000
1.000000
1.000000
1.000000
1.000000
1.000000
1.000000
1.000000
1.000000
1.000000
1.000000
1.000000
1.000000
1.000000
