1.000000
1.000000
1.000000
1.000000
1.000000
1.000000
1.000000
1.000000
1.000000
1.000000
1.000000
1.000000
1.000000
1.000000
1.000000
1.000000
1.000000
1.000000
1.000000
1.000000
1.000000
1.000000
1.000000
1.000000
1.000000
1.000000
1.000000
1.000000
1.000000
1.000000
1.000000
1.000000
1.000000
1.000000
1.000000
1.000000
1.000000
1.000000
1.000000
1.000000
1.000000
1.000000
1.000000
1.000000
1.000000
1.000000
1.000000
1.000000
1.000000
1.000000
1.000000
1.000000
1.000000
1.000000
1.000000
1.000000
1.000000
1.000000
1.000000
1.000000
1.000000
1.000000
1.000000
1.000000
1.000000
1.000000
1.000000
1.000000
1.000000
1.000000
1.000000
1.000000
1.000000
1.000000
1.000000
1.000000
1.000000
1.000000
1.000000
1.000000
1.000000
1.000000
1.000000
1.000000
1.000000
1.000000
1.000000
1.000000
1.000000
1.000000
1.000000
1.000000
1.000000
1.000000
1.000000
1.000000
1.000000
1.000000
1.000000
1.000000
1.000000
1.000000
1.000000
1.000000
1.000000
1.000000
1.000000
1.000000
1.000000
1.000000
1.000000
1.000000
1.000000
1.000000
1.000000
1.000000
1.000000
1.000000
1.000000
1.000000
1.000000
1.000000
1.000000
1.000000
1.000000
1.000000
1.000000
1.000000
1.000000
1.000000
1.000000
1.000000
1.000000
1.000000
1.000000
1.000000
1.000000
1.000000
1.000000
1.000000
1.000000
1.000000
1.000000
1.000000
1.000000
1.000000
1.000000
1.000000
1.000000
1.000000
1.000000
1.000000
1.000000
1.000000
1.000000
1.000000
1.000000
1.000000
1.000000
1.000000
1.000000
1.000000
1.000000
1.000000
1.000000
1.000000
1.000000
1.000000
1.000000
1.000000
1.000000
1.000000
1.000000
1.000000
1.000000
1.000000
1.000000
1.000000
1.000000
1.000000
1.000000
1.000000
1.000000
1.000000
1.000000
1.000000
1.000000
1.000000
1.000000
1.000000
1.000000
1.000000
1.000000
1.000000
1.000000
1.000000
1.000000
1.000000
1.000000
1.000000
1.000000
1.000000
1.000000
1.000000
1.000000
1.000000
1.000000
1.000000
1.000000
1.000000
1.000000
1.000000
1.000000
1.000000
1.000000
1.000000
1.000000
1.000000
1.000000
1.000000
1.000000
1.000000
1.000000
1.000000
1.000000
1.000000
1.000000
1.000000
1.000000
1.000000
1.000000
1.000000
1.000000
1.000000
1.000000
1.000000
1.000000
1.000000
1.000000
1.000000
1.000000
1.000000
1.000000
1.000000
1.000000
1.000000
1.000000
1.000000
1.000000
1.000000
1.000000
1.000000
1.000000
1.000000
1.000000
1.000008
1.000013
1.000027
1.000040
1.000043
1.000046
1.000047
1.000047
1.000048
1.000047
1.000046
1.000041
1.000028
1.000015
1.000006
1.000000
1.000000
1.000000
1.000000
1.000000
1.000000
1.000000
1.000000
1.000000
1.000000
1.000000
1.000000
1.000000
1.000000
1.000000
1.000000
1.000000
1.000000
1.000000
1.000000
1.000000
1.000000
1.000000
1.000000
1.000000
1.000013
1.000082
1.000212
1.000368
1.000488
1.000550
1.000579
1.000591
1.000593
1.000594
1.000591
1.000576
1.000515
1.000385
1.000221
1.000099
1.000039
1.000014
1.000001
1.000000
1.000000
1.000000
1.000000
1.000000
1.000000
1.000000
1.000000
1.000000
1.000000
1.000000
1.000000
1.000000
1.000000
1.000000
1.000000
1.000000
1.000000
1.000000
1.000000
1.000002
1.000037
1.000207
1.000767
1.001980
1.003398
1.004489
1.005108
1.005386
1.005489
1.005524
1.005533
1.005506
1.005368
1.004852
1.003636
1.002131
1.000979
1.000363
1.000111
1.000030
1.000007
1.000000
1.000000
1.000000
1.000000
1.000000
1.000000
1.000000
1.000000
1.000000
1.000000
1.000000
1.000000
1.000000
1.000000
1.000000
1.000000
1.000000
1.000000
1.000006
1.000042
1.000273
1.001378
1.005042
1.012751
1.021709
1.028682
1.032763
1.034678
1.035427
1.035677
1.035728
1.035592
1.034799
1.031770
1.024309
1.014575
1.006811
1.002546
1.000784
1.000206
1.000048
1.000010
1.000000
1.000000
1.000000
1.000000
1.000000
1.000000
1.000000
1.000000
1.000000
1.000000
1.000000
1.000000
1.000000
1.000000
1.000000
1.000000
1.000000
1.000019
1.000186
1.001170
1.005710
1.020370
1.049948
1.083793
1.110640
1.127116
1.135380
1.138874
1.140140
1.140476
1.140111
1.137586
1.127493
1.100921
1.062753
1.030037
1.011352
1.003513
1.000918
1.000208
1.000043
1.000010
1.000000
1.000000
1.000000
1.000000
1.000000
1.000000
1.000000
1.000000
1.000000
1.000000
1.000000
1.000000
1.000000
1.000000
1.000000
1.000008
1.000052
1.000413
1.002571
1.012436
1.043735
1.105483
1.176527
1.235030
1.273274
1.294066
1.303695
1.307544
1.308779
1.308345
1.303791
1.284706
1.231459
1.148029
1.071758
1.027062
1.008302
1.002149
1.000482
1.000096
1.000020
1.000003
1.000000
1.000000
1.000000
1.000000
1.000000
1.000000
1.000000
1.000000
1.000000
1.000000
1.000000
1.000000
1.000000
1.000000
1.000012
1.000081
1.000625
1.003906
1.018862
1.066121
1.159094
1.268328
1.362379
1.427842
1.466208
1.485500
1.493906
1.496969
1.496879
1.490631
1.463095
1.382800
1.248633
1.120536
1.044879
1.013544
1.003454
1.000766
1.000151
1.000030
1.000005
1.000000
1.000000
1.000000
1.000000
1.000000
1.000000
1.000000
1.000000
1.000000
1.000000
1.000000
1.000000
1.000000
1.000000
1.000013
1.000099
1.000770
1.004813
1.023318
1.082019
1.198530
1.339108
1.465425
1.558285
1.616220
1.647363
1.661901
1.667668
1.668380
1.660922
1.626257
1.522014
1.340597
1.163638
1.059829
1.017723
1.004450
1.000975
1.000191
1.000036
1.000006
1.000000
1.000000
1.000000
1.000000
1.000000
1.000000
1.000000
1.000000
1.000000
1.000000
1.000000
1.000000
1.000000
1.000000
1.000013
1.000111
1.000844
1.005295
1.025755
1.091070
1.222264
1.384484
1.535485
1.651402
1.727302
1.770217
1.791298
1.800157
1.801947
1.793686
1.753310
1.629573
1.409724
1.194324
1.069793
1.020345
1.005045
1.001096
1.000212
1.000039
1.000006
1.000000
1.000000
1.000000
1.000000
1.000000
1.000000
1.000000
1.000000
1.000000
1.000000
1.000000
1.000000
1.000000
1.000000
1.000013
1.000113
1.000874
1.005506
1.026857
1.095376
1.234359
1.409366
1.576498
1.708857
1.798561
1.851126
1.877875
1.889550
1.892399
1.883623
1.838948
1.700740
1.453502
1.212492
1.075277
1.021697
1.005337
1.001151
1.000222
1.000040
1.000006
1.000000
1.000000
1.000000
1.000000
1.000000
1.000000
1.000000
1.000000
1.000000
1.000000
1.000000
1.000000
1.000000
1.000000
1.000013
1.000114
1.000887
1.005587
1.027283
1.097135
1.239686
1.421220
1.597419
1.739787
1.838461
1.897634
1.928437
1.942197
1.945863
1.936759
1.889146
1.741369
1.477175
1.221621
1.077836
1.022289
1.005459
1.001172
1.000225
1.000040
1.000006
1.000000
1.000000
1.000000
1.000000
1.000000
1.000000
1.000000
1.000000
1.000000
1.000000
1.000000
1.000000
1.000000
1.000000
1.000013
1.000114
1.000889
1.005611
1.027424
1.097762
1.241739
1.426177
1.606795
1.754411
1.858060
1.921063
1.954294
1.969336
1.973514
1.964212
1.914820
1.761504
1.488225
1.225574
1.078866
1.022514
1.005502
1.001180
1.000226
1.000040
1.000006
1.000000
1.000000
1.000000
1.000000
1.000000
1.000000
1.000000
1.000000
1.000000
1.000000
1.000000
1.000000
1.000000
1.000000
1.000013
1.000114
1.000889
1.005616
1.027453
1.097920
1.242371
1.427917
1.610396
1.760387
1.866408
1.931306
1.965768
1.981473
1.985916
1.976501
1.926161
1.770038
1.492548
1.226960
1.079183
1.022573
1.005512
1.001181
1.000226
1.000040
1.000006
1.000000
1.000000
1.000000
1.000000
1.000000
1.000000
1.000000
1.000000
1.000000
1.000000
1.000000
1.000000
1.000000
1.000000
1.000013
1.000113
1.000884
1.005590
1.027336
1.097583
1.241816
1.427409
1.610317
1.761041
1.867882
1.933468
1.968389
1.984340
1.988873
1.979370
1.928517
1.771055
1.492116
1.226255
1.078819
1.022450
1.005478
1.001173
1.000224
1.000040
1.000006
1.000000
1.000000
1.000000
1.000000
1.000000
1.000000
1.000000
1.000000
1.000000
1.000000
1.000000
1.000000
1.000000
1.000000
1.000013
1.000108
1.000846
1.005381
1.026413
1.094762
1.236194
1.419151
1.599986
1.749168
1.854889
1.919694
1.954114
1.969776
1.974129
1.964374
1.912866
1.754481
1.477565
1.217844
1.075536
1.021466
1.005233
1.001120
1.000213
1.000038
1.000006
1.000000
1.000000
1.000000
1.000000
1.000000
1.000000
1.000000
1.000000
1.000000
1.000000
1.000000
1.000000
1.000000
1.000000
1.000010
1.000092
1.000706
1.004522
1.022493
1.082286
1.209918
1.378559
1.546836
1.685653
1.783286
1.842337
1.873147
1.886830
1.890147
1.879501
1.826596
1.669194
1.409644
1.181554
1.061988
1.017498
1.004252
1.000908
1.000173
1.000029
1.000004
1.000000
1.000000
1.000000
1.000000
1.000000
1.000000
1.000000
1.000000
1.000000
1.000000
1.000000
1.000000
1.000000
1.000000
1.000005
1.000058
1.000473
1.003077
1.015589
1.058624
1.154802
1.285976
1.418226
1.526282
1.600334
1.643452
1.664940
1.673918
1.675177
1.664043
1.614290
1.477232
1.276912
1.118559
1.039983
1.011259
1.002733
1.000582
1.000110
1.000017
1.000001
1.000000
1.000000
1.000000
1.000000
1.000000
1.000000
1.000000
1.000000
1.000000
1.000000
1.000000
1.000000
1.000000
1.000000
1.000000
1.000030
1.000255
1.001673
1.008602
1.033095
1.089847
1.168644
1.247388
1.309583
1.350001
1.372049
1.382279
1.386159
1.385910
1.377347
1.342597
1.255062
1.142023
1.059829
1.020193
1.005715
1.001395
1.000297
1.000056
1.000008
1.000000
1.000000
1.000000
1.000000
1.000000
1.000000
1.000000
1.000000
1.000000
1.000000
1.000000
1.000000
1.000000
1.000000
1.000000
1.000000
1.000013
1.000109
1.000735
1.003829
1.014938
1.041112
1.077227
1.112117
1.138149
1.153895
1.161838
1.165239
1.166384
1.165928
1.161538
1.144759
1.105020
1.057513
1.024254
1.008257
1.002356
1.000577
1.000123
1.000023
1.000002
1.000000
1.000000
1.000000
1.000000
1.000000
1.000000
1.000000
1.000000
1.000000
1.000000
1.000000
1.000000
1.000000
1.000000
1.000000
1.000000
1.000001
1.000037
1.000268
1.001410
1.005539
1.015298
1.028489
1.040670
1.049206
1.054009
1.056256
1.057148
1.057412
1.057179
1.055534
1.049444
1.035475
1.019379
1.008229
1.002827
1.000812
1.000199
1.000041
1.000006
1.000000
1.000000
1.000000
1.000000
1.000000
1.000000
1.000000
1.000000
1.000000
1.000000
1.000000
1.000000
1.000000
1.000000
1.000000
1.000000
1.000000
1.000000
1.000013
1.000083
1.000439
1.001735
1.004786
1.008813
1.012375
1.014736
1.015983
1.016530
1.016734
1.016787
1.016707
1.016207
1.014390
1.010283
1.005626
1.002404
1.000832
1.000240
1.000058
1.000011
1.000000
1.000000
1.000000
1.000000
1.000000
1.000000
1.000000
1.000000
1.000000
1.000000
1.000000
1.000000
1.000000
1.000000
1.000000
1.000000
1.000000
1.000000
1.000000
1.000000
1.000019
1.000117
1.000468
1.001290
1.002353
1.003259
1.003833
1.004122
1.004241
1.004284
1.004297
1.004272
1.004141
1.003672
1.002620
1.001436
1.000615
1.000213
1.000061
1.000014
1.000000
1.000000
1.000000
1.000000
1.000000
1.000000
1.000000
1.000000
1.000000
1.000000
1.000000
1.000000
1.000000
1.000000
1.000000
1.000000
1.000000
1.000000
1.000000
1.000000
1.000000
1.000003
1.000025
1.000110
1.000305
1.000552
1.000757
1.000882
1.000941
1.000967
1.000976
1.000978
1.000972
1.000942
1.000835
1.000595
1.000326
1.000139
1.000048
1.000012
1.000000
1.000000
1.000000
1.000000
1.000000
1.000000
1.000000
1.000000
1.000000
1.000000
1.000000
1.000000
1.000000
1.000000
1.000000
1.000000
1.000000
1.000000
1.000000
1.000000
1.000000
1.000000
1.000000
1.000004
1.000020
1.000062
1.000113
1.000155
1.000180
1.000194
1.000198
1.000198
1.000199
1.000198
1.000192
1.000170
1.000121
1.000066
1.000027
1.000007
1.000000
1.000000
1.000000
1.000000
1.000000
1.000000
1.000000
1.000000
1.000000
1.000000
1.000000
1.000000
1.000000
1.000000
1.000000
1.000000
1.000000
1.000000
1.000000
1.000000
1.000000
1.000000
1.000000
1.000000
1.000000
1.000002
1.000010
1.000019
1.000028
1.000033
1.000035
1.000035
1.000035
1.000035
1.000035
1.000034
1.000030
1.000019
1.000008
1.000003
1.000000
1.000000
1.000000
1.000000
1.000000
1.000000
1.000000
1.000000
1.000000
1.000000
1.000000
1.000000
1.000000
1.000000
1.000000
1.000000
1.000000
1.000000
1.000000
1.000000
1.000000
1.000000
1.000000
1.000000
1.000000
1.000000
1.000000
1.000000
1.000002
1.000003
1.000004
1.000004
1.000004
1.000004
1.000004
1.000004
1.000004
1.000003
1.000001
1.000000
1.000000
1.000000
1.000000
1.000000
1.000000
1.000000
1.000000
1.000000
1.000000
1.000000
1.000000
1.000000
1.000000
1.000000
1.000000
1.000000
1.000000
1.000000
1.000000
1.000000
1.000000
1.000000
1.000000
1.000000
1.000000
1.000000
1.000000
1.000000
1.000000
1.000000
1.000000
1.000000
1.000000
1.000000
1.000000
1.000000
1.000000
1.000000
1.000000
1.000000
1.000000
1.000000
1.000000
1.000000
1.000000
1.000000
1.000000
1.000000
1.000000
1.000000
1.000000
1.000000
1.000000
1.000000
1.000000
1.000000
1.000000
1.000000
1.000000
1.000000
1.000000
1.000000
1.000000
1.000000
1.000000
1.000000
1.000000
1.000000
1.000000
1.000000
1.000000
1.000000
1.000000
1.000000
1.000000
1.000000
1.000000
1.000000
1.000000
1.000000
1.000000
1.000000
1.000000
1.000000
1.000000
1.000000
1.000000
1.000000
1.000000
1.000000
1.000000
1.000000
1.000000
1.000000
1.000000
1.000000
1.000000
1.000000
1.000000
1.000000
1.000000
1.000000
1.000000
1.000000
1.000000
1.000000
1.000000
1.000000
1.000000
1.000000
1.000000
1.000000
1.000000
1.000000
1.000000
1.000000
1.000000
1.000000
1.000000
1.000000
1.000000
1.000000
1.000000
1.000000
1.000000
1.000000
1.000000
1.000000
1.000000
1.000000
1.000000
1.000000
1.000000
1.000000
1.000000
1.000000
1.000000
1.000000
1.000000
1.000000
1.000000
1.000000
1.000000
1.000000
1.000000
1.000000
1.000000
1.000000
1.000000
1.000000
1.000000
1.000000
1.000000
1.000000
1.000000
1.000000
1.000000
1.000000
1.000000
1.000000
1.000000
1.000000
1.000000
1.000000
1.000000
1.000000
1.000000
1.000000
1.000000
1.000000
1.000000
1.000000
1.000000
1.000000
1.000000
1.000000
1.000000
1.000000
1.000000
1.000000
1.000000
1.000000
1.000000
1.000000
1.000000
1.000000
1.000000
1.000000
1.000000
1.000000
1.000000
1.000000
1.000000
1.000000
1.000000
1.000000
1.000000
1.000000
1.000000
1.000000
1.000000
1.000000
1.000000
1.000000
1.000000
1.000000
1.000000
1.000000
1.000000
1.000000
1.000000
1.000000
1.000000
1.000000
1.000000
1.000000
1.000000
1.000000
1.000000
1.000000
1.000000
1.000000
1.000000
1.000000
1.000000
1.000000
1.000000
1.000000
1.000000
1.000000
1.000000
1.000000
1.000000
1.000000
1.000000
1.000000
1.000000
1.000000
1.000000
1.000000
1.000000
1.000000
1.000000
1.000000
1.000000
1.000000
1.000000
1.000000
1.000000
1.000000
1.000000
1.000000
1.000000
1.000000
1.000000
1.000000
1.000000
1.000000
1.000000
1.000000
1.000000
1.000000
1.000000
1.000000
1.000000
1.000000
1.000000
1.000000
1.000000
1.000000
1.000000
1.000000
1.000000
1.000000
1.000000
1.000000
1.000000
1.000000
1.000000
1.000000
1.000000
1.000000
1.000000
1.000000
1.000000
1.000000
1.000000
1.000000
1.000000
1.000000
1.000000
1.000000
1.000000
1.000000
1.000000
1.000000
1.000000
1.000000
1.000000
1.000000
1.000000
1.000000
1.000000
1.000000
1.000000
1.000000
1.000000
1.000000
1.000000
1.000000
1.000000
1.000000
1.000000
1.000000
1.000000
1.000000
1.000000
1.000000
1.000000
1.000000
1.000000
1.000000
1.000000
1.000000
1.000000
1.000000
1.000000
1.000000
1.000000
1.000000
1.000000
1.000000
1.000000
1.000000
1.000000
1.000000
1.000000
1.000000
1.000000
1.000000
1.000000
1.000000
1.000000
1.000000
1.000000
1.000000
1.000000
1.000000
1.000000
1.000000
1.000000
1.000000
1.000000
1.000000
1.000000
1.000000
1.000000
1.000000
1.000000
1.000000
1.000000
1.000000
1.000000
1.000000
1.000000
1.000000
1.000000
1.000000
1.000000
1.000000
1.000000
1.000000
1.000000
1.000000
1.000000
1.000000
1.000000
1.000000
1.000000
1.000000
1.000000
1.000000
1.000000
1.000000
1.000000
1.000000
1.000000
