1.000000
1.000000
1.000000
1.000000
1.000000
1.000000
1.000000
1.000000
1.000000
1.000000
1.000000
1.000000
1.000000
1.000000
1.000000
1.000000
1.000000
1.000000
1.000000
1.000000
1.000000
1.000000
1.000000
1.000000
1.000000
1.000000
1.000000
1.000000
1.000000
1.000000
1.000000
1.000000
1.000000
1.000000
1.000000
1.000000
1.000000
1.000000
1.000000
1.000000
1.000000
1.000000
1.000000
1.000000
1.000000
1.000000
1.000000
1.000000
1.000000
1.000000
1.000000
1.000000
1.000000
1.000000
1.000000
1.000000
1.000000
1.000000
1.000000
1.000000
1.000000
1.000000
1.000000
1.000000
1.000000
1.000000
1.000000
1.000000
1.000000
1.000000
1.000000
1.000000
1.000000
1.000000
1.000000
1.000000
1.000000
1.000000
1.000000
1.000000
1.000000
1.000000
1.000000
1.000000
1.000000
1.000000
1.000000
1.000000
1.000000
1.000000
1.000000
1.000000
1.000000
1.000000
1.000000
1.000000
1.000000
1.000000
1.000000
1.000000
1.000000
1.000000
1.000000
1.000000
1.000000
1.000000
1.000000
1.000000
1.000000
1.000000
1.000000
1.000000
1.000000
1.000000
1.000000
1.000000
1.000000
1.000000
1.000000
1.000000
1.000000
1.000000
1.000000
1.000000
1.000000
1.000000
1.000000
1.000000
1.000000
1.000000
1.000000
1.000000
1.000000
1.000000
1.000000
1.000000
1.000000
1.000000
1.000000
1.000000
1.000000
1.000000
1.000000
1.000000
1.000000
1.000000
1.000000
1.000000
1.000000
1.000000
1.000000
1.000000
1.000000
1.000000
1.000000
1.000000
1.000000
1.000000
1.000000
1.000000
1.000000
1.000000
1.000000
1.000000
1.000000
1.000000
1.000000
1.000000
1.000000
1.000000
1.000000
1.000000
1.000000
1.000000
1.000000
1.000000
1.000000
1.000000
1.000000
1.000000
1.000000
1.000000
1.000000
1.000000
1.000000
1.000000
1.000000
1.000000
1.000000
1.000000
1.000000
1.000000
1.000000
1.000000
1.000000
1.000000
1.000000
1.000000
1.000000
1.000000
1.000000
1.000000
1.000000
1.000000
1.000000
1.000000
1.000000
1.000000
1.000000
1.000000
1.000000
1.000000
1.000000
1.000000
1.000000
1.000000
1.000000
1.000000
1.000000
1.000000
1.000000
1.000000
1.000000
1.000000
1.000000
1.000000
1.000000
1.000000
1.000000
1.000000
1.000000
1.000000
1.000000
1.000000
1.000000
1.000000
1.000000
1.000000
1.000000
1.000000
1.000000
1.000000
1.000000
1.000000
1.000000
1.000000
1.000000
1.000000
1.000000
1.000000
1.000000
1.000000
1.000000
1.000000
1.000000
1.000010
1.000013
1.000027
1.000040
1.000052
1.000055
1.000056
1.000056
1.000056
1.000056
1.000054
1.000046
1.000037
1.000022
1.000010
1.000000
1.000000
1.000000
1.000000
1.000000
1.000000
1.000000
1.000000
1.000000
1.000000
1.000000
1.000000
1.000000
1.000000
1.000000
1.000000
1.000000
1.000000
1.000000
1.000000
1.000000
1.000000
1.000000
1.000000
1.000000
1.000013
1.000085
1.000214
1.000380
1.000509
1.000585
1.000623
1.000637
1.000643
1.000644
1.000640
1.000625
1.000561
1.000429
1.000260
1.000127
1.000052
1.000019
1.000005
1.000000
1.000000
1.000000
1.000000
1.000000
1.000000
1.000000
1.000000
1.000000
1.000000
1.000000
1.000000
1.000000
1.000000
1.000000
1.000000
1.000000
1.000000
1.000000
1.000000
1.000006
1.000045
1.000214
1.000753
1.001870
1.003222
1.004321
1.004993
1.005319
1.005450
1.005494
1.005509
1.005480
1.005338
1.004852
1.003743
1.002314
1.001141
1.000459
1.000153
1.000046
1.000012
1.000000
1.000000
1.000000
1.000000
1.000000
1.000000
1.000000
1.000000
1.000000
1.000000
1.000000
1.000000
1.000000
1.000000
1.000000
1.000000
1.000000
1.000000
1.000010
1.000050
1.000288
1.001336
1.004598
1.011209
1.019135
1.025655
1.029727
1.031779
1.032643
1.032955
1.033030
1.032900
1.032158
1.029496
1.023194
1.014661
1.007354
1.002980
1.001001
1.000286
1.000070
1.000016
1.000003
1.000000
1.000000
1.000000
1.000000
1.000000
1.000000
1.000000
1.000000
1.000000
1.000000
1.000000
1.000000
1.000000
1.000000
1.000000
1.000000
1.000023
1.000201
1.001165
1.005275
1.017715
1.042021
1.070685
1.094570
1.110086
1.118369
1.122113
1.123568
1.123996
1.123681
1.121418
1.112921
1.091500
1.059842
1.030756
1.012619
1.004261
1.001218
1.000301
1.000065
1.000016
1.000002
1.000000
1.000000
1.000000
1.000000
1.000000
1.000000
1.000000
1.000000
1.000000
1.000000
1.000000
1.000000
1.000000
1.000000
1.000013
1.000064
1.000455
1.002604
1.011668
1.038604
1.090053
1.150749
1.202827
1.238542
1.259027
1.269092
1.273378
1.274868
1.274574
1.270517
1.254428
1.211434
1.142324
1.074366
1.030572
1.010261
1.002910
1.000714
1.000156
1.000033
1.000007
1.000000
1.000000
1.000000
1.000000
1.000000
1.000000
1.000000
1.000000
1.000000
1.000000
1.000000
1.000000
1.000000
1.000000
1.000013
1.000102
1.000708
1.004072
1.018196
1.059909
1.139170
1.234130
1.318769
1.380186
1.417961
1.438028
1.447324
1.450960
1.451190
1.445678
1.422356
1.357002
1.244755
1.128589
1.052416
1.017344
1.004850
1.001176
1.000254
1.000051
1.000010
1.000000
1.000000
1.000000
1.000000
1.000000
1.000000
1.000000
1.000000
1.000000
1.000000
1.000000
1.000000
1.000000
1.000000
1.000015
1.000126
1.000894
1.005153
1.023072
1.076121
1.177591
1.301966
1.417209
1.505251
1.562776
1.595417
1.611618
1.618519
1.619871
1.613426
1.583977
1.498405
1.344537
1.180294
1.072378
1.023518
1.006470
1.001550
1.000332
1.000066
1.000012
1.000000
1.000000
1.000000
1.000000
1.000000
1.000000
1.000000
1.000000
1.000000
1.000000
1.000000
1.000000
1.000000
1.000000
1.000017
1.000142
1.001004
1.005776
1.025958
1.086053
1.202276
1.348040
1.487774
1.599180
1.675597
1.721275
1.745189
1.756010
1.758917
1.751988
1.717573
1.615001
1.425486
1.220531
1.087028
1.027792
1.007538
1.001786
1.000379
1.000074
1.000013
1.000000
1.000000
1.000000
1.000000
1.000000
1.000000
1.000000
1.000000
1.000000
1.000000
1.000000
1.000000
1.000000
1.000000
1.000018
1.000149
1.001051
1.006073
1.027375
1.091157
1.215764
1.374952
1.531610
1.660611
1.752385
1.809398
1.840435
1.855078
1.859620
1.852488
1.814209
1.698323
1.481507
1.246842
1.095975
1.030240
1.008119
1.001912
1.000401
1.000077
1.000014
1.000000
1.000000
1.000000
1.000000
1.000000
1.000000
1.000000
1.000000
1.000000
1.000000
1.000000
1.000000
1.000000
1.000000
1.000018
1.000151
1.001069
1.006194
1.027971
1.093417
1.222160
1.388684
1.555496
1.695940
1.798400
1.863762
1.900303
1.918024
1.923940
1.916736
1.875646
1.750266
1.514940
1.261547
1.100628
1.031433
1.008387
1.001965
1.000412
1.000078
1.000014
1.000000
1.000000
1.000000
1.000000
1.000000
1.000000
1.000000
1.000000
1.000000
1.000000
1.000000
1.000000
1.000000
1.000000
1.000018
1.000151
1.001076
1.006236
1.028188
1.094291
1.224825
1.394863
1.566998
1.713904
1.822773
1.893391
1.933533
1.953331
1.960198
1.952962
1.910022
1.778609
1.532278
1.268661
1.102722
1.031937
1.008495
1.001985
1.000414
1.000078
1.000014
1.000000
1.000000
1.000000
1.000000
1.000000
1.000000
1.000000
1.000000
1.000000
1.000000
1.000000
1.000000
1.000000
1.000000
1.000018
1.000151
1.001077
1.006248
1.028245
1.094553
1.225745
1.397244
1.571814
1.721899
1.834098
1.907564
1.949718
1.970703
1.978121
1.970858
1.926829
1.792027
1.539974
1.271548
1.103491
1.032103
1.008526
1.001991
1.000415
1.000078
1.000014
1.000000
1.000000
1.000000
1.000000
1.000000
1.000000
1.000000
1.000000
1.000000
1.000000
1.000000
1.000000
1.000000
1.000000
1.000018
1.000150
1.001072
1.006220
1.028134
1.094278
1.225382
1.397145
1.572483
1.723772
1.837350
1.912052
1.955103
1.976623
1.984281
1.976963
1.932295
1.795692
1.541129
1.271340
1.103183
1.031963
1.008482
1.001979
1.000412
1.000078
1.000014
1.000000
1.000000
1.000000
1.000000
1.000000
1.000000
1.000000
1.000000
1.000000
1.000000
1.000000
1.000000
1.000000
1.000000
1.000017
1.000144
1.001031
1.006007
1.027281
1.091846
1.220735
1.390492
1.564373
1.714718
1.827709
1.902041
1.944850
1.966210
1.973734
1.966151
1.920723
1.782689
1.528328
1.262792
1.099389
1.030701
1.008134
1.001896
1.000396
1.000074
1.000013
1.000000
1.000000
1.000000
1.000000
1.000000
1.000000
1.000000
1.000000
1.000000
1.000000
1.000000
1.000000
1.000000
1.000000
1.000015
1.000125
1.000882
1.005183
1.023818
1.081573
1.199962
1.358906
1.523347
1.665871
1.772593
1.842204
1.881800
1.901216
1.907606
1.899004
1.851814
1.712548
1.467670
1.226279
1.084155
1.025789
1.006807
1.001584
1.000330
1.000060
1.000010
1.000000
1.000000
1.000000
1.000000
1.000000
1.000000
1.000000
1.000000
1.000000
1.000000
1.000000
1.000000
1.000000
1.000000
1.000010
1.000085
1.000625
1.003717
1.017383
1.061088
1.154527
1.284000
1.419901
1.537446
1.624057
1.679033
1.709216
1.723331
1.727033
1.717056
1.670207
1.541479
1.337936
1.157296
1.057503
1.017535
1.004622
1.001072
1.000222
1.000042
1.000006
1.000000
1.000000
1.000000
1.000000
1.000000
1.000000
1.000000
1.000000
1.000000
1.000000
1.000000
1.000000
1.000000
1.000000
1.000003
1.000047
1.000362
1.002167
1.010297
1.037037
1.096361
1.180538
1.269035
1.344016
1.397127
1.429105
1.445615
1.452738
1.453653
1.444661
1.408027
1.316305
1.188444
1.085591
1.031163
1.009537
1.002524
1.000587
1.000121
1.000022
1.000002
1.000000
1.000000
1.000000
1.000000
1.000000
1.000000
1.000000
1.000000
1.000000
1.000000
1.000000
1.000000
1.000000
1.000000
1.000000
1.000022
1.000171
1.001034
1.004975
1.018170
1.048031
1.090487
1.134133
1.169487
1.193033
1.206237
1.212559
1.215019
1.214810
1.209415
1.189329
1.142559
1.082944
1.037501
1.013747
1.004242
1.001130
1.000263
1.000053
1.000008
1.000000
1.000000
1.000000
1.000000
1.000000
1.000000
1.000000
1.000000
1.000000
1.000000
1.000000
1.000000
1.000000
1.000000
1.000000
1.000000
1.000008
1.000063
1.000411
1.001999
1.007362
1.019566
1.036665
1.053590
1.066543
1.074598
1.078794
1.080657
1.081305
1.081054
1.078757
1.070616
1.052428
1.030308
1.013773
1.005098
1.001587
1.000424
1.000098
1.000019
1.000002
1.000000
1.000000
1.000000
1.000000
1.000000
1.000000
1.000000
1.000000
1.000000
1.000000
1.000000
1.000000
1.000000
1.000000
1.000000
1.000000
1.000000
1.000020
1.000139
1.000683
1.002526
1.006711
1.012455
1.017918
1.021878
1.024191
1.025319
1.025788
1.025933
1.025820
1.025045
1.022369
1.016516
1.009550
1.004368
1.001630
1.000510
1.000136
1.000031
1.000004
1.000000
1.000000
1.000000
1.000000
1.000000
1.000000
1.000000
1.000000
1.000000
1.000000
1.000000
1.000000
1.000000
1.000000
1.000000
1.000000
1.000000
1.000000
1.000005
1.000038
1.000200
1.000748
1.001986
1.003651
1.005180
1.006239
1.006826
1.007096
1.007201
1.007234
1.007195
1.006973
1.006217
1.004580
1.002653
1.001219
1.000457
1.000143
1.000038
1.000008
1.000000
1.000000
1.000000
1.000000
1.000000
1.000000
1.000000
1.000000
1.000000
1.000000
1.000000
1.000000
1.000000
1.000000
1.000000
1.000000
1.000000
1.000000
1.000000
1.000000
1.000009
1.000051
1.000194
1.000516
1.000942
1.001322
1.001575
1.001710
1.001768
1.001792
1.001799
1.001786
1.001731
1.001542
1.001135
1.000658
1.000302
1.000113
1.000035
1.000008
1.000000
1.000000
1.000000
1.000000
1.000000
1.000000
1.000000
1.000000
1.000000
1.000000
1.000000
1.000000
1.000000
1.000000
1.000000
1.000000
1.000000
1.000000
1.000000
1.000000
1.000000
1.000000
1.000009
1.000044
1.000118
1.000215
1.000301
1.000354
1.000384
1.000398
1.000401
1.000402
1.000399
1.000386
1.000344
1.000253
1.000146
1.000067
1.000023
1.000005
1.000000
1.000000
1.000000
1.000000
1.000000
1.000000
1.000000
1.000000
1.000000
1.000000
1.000000
1.000000
1.000000
1.000000
1.000000
1.000000
1.000000
1.000000
1.000000
1.000000
1.000000
1.000000
1.000000
1.000000
1.000006
1.000022
1.000042
1.000060
1.000072
1.000077
1.000080
1.000080
1.000080
1.000080
1.000077
1.000068
1.000051
1.000028
1.000010
1.000002
1.000000
1.000000
1.000000
1.000000
1.000000
1.000000
1.000000
1.000000
1.000000
1.000000
1.000000
1.000000
1.000000
1.000000
1.000000
1.000000
1.000000
1.000000
1.000000
1.000000
1.000000
1.000000
1.000000
1.000000
1.000000
1.000000
1.000003
1.000006
1.000009
1.000011
1.000011
1.000012
1.000012
1.000012
1.000012
1.000011
1.000010
1.000006
1.000003
1.000000
1.000000
1.000000
1.000000
1.000000
1.000000
1.000000
1.000000
1.000000
1.000000
1.000000
1.000000
1.000000
1.000000
1.000000
1.000000
1.000000
1.000000
1.000000
1.000000
1.000000
1.000000
1.000000
1.000000
1.000000
1.000000
1.000000
1.000000
1.000000
1.000000
1.000000
1.000000
1.000000
1.000000
1.000000
1.000000
1.000000
1.000000
1.000000
1.000000
1.000000
1.000000
1.000000
1.000000
1.000000
1.000000
1.000000
1.000000
1.000000
1.000000
1.000000
1.000000
1.000000
1.000000
1.000000
1.000000
1.000000
1.000000
1.000000
1.000000
1.000000
1.000000
1.000000
1.000000
1.000000
1.000000
1.000000
1.000000
1.000000
1.000000
1.000000
1.000000
1.000000
1.000000
1.000000
1.000000
1.000000
1.000000
1.000000
1.000000
1.000000
1.000000
1.000000
1.000000
1.000000
1.000000
1.000000
1.000000
1.000000
1.000000
1.000000
1.000000
1.000000
1.000000
1.000000
1.000000
1.000000
1.000000
1.000000
1.000000
1.000000
1.000000
1.000000
1.000000
1.000000
1.000000
1.000000
1.000000
1.000000
1.000000
1.000000
1.000000
1.000000
1.000000
1.000000
1.000000
1.000000
1.000000
1.000000
1.000000
1.000000
1.000000
1.000000
1.000000
1.000000
1.000000
1.000000
1.000000
1.000000
1.000000
1.000000
1.000000
1.000000
1.000000
1.000000
1.000000
1.000000
1.000000
1.000000
1.000000
1.000000
1.000000
1.000000
1.000000
1.000000
1.000000
1.000000
1.000000
1.000000
1.000000
1.000000
1.000000
1.000000
1.000000
1.000000
1.000000
1.000000
1.000000
1.000000
1.000000
1.000000
1.000000
1.000000
1.000000
1.000000
1.000000
1.000000
1.000000
1.000000
1.000000
1.000000
1.000000
1.000000
1.000000
1.000000
1.000000
1.000000
1.000000
1.000000
1.000000
1.000000
1.000000
1.000000
1.000000
1.000000
1.000000
1.000000
1.000000
1.000000
1.000000
1.000000
1.000000
1.000000
1.000000
1.000000
1.000000
1.000000
1.000000
1.000000
1.000000
1.000000
1.000000
1.000000
1.000000
1.000000
1.000000
1.000000
1.000000
1.000000
1.000000
1.000000
1.000000
1.000000
1.000000
1.000000
1.000000
1.000000
1.000000
1.000000
1.000000
1.000000
1.000000
1.000000
1.000000
1.000000
1.000000
1.000000
1.000000
1.000000
1.000000
1.000000
1.000000
1.000000
1.000000
1.000000
1.000000
1.000000
1.000000
1.000000
1.000000
1.000000
1.000000
1.000000
1.000000
1.000000
1.000000
1.000000
1.000000
1.000000
1.000000
1.000000
1.000000
1.000000
1.000000
1.000000
1.000000
1.000000
1.000000
1.000000
1.000000
1.000000
1.000000
1.000000
1.000000
1.000000
1.000000
1.000000
1.000000
1.000000
1.000000
1.000000
1.000000
1.000000
1.000000
1.000000
1.000000
1.000000
1.000000
1.000000
1.000000
1.000000
1.000000
1.000000
1.000000
1.000000
1.000000
1.000000
1.000000
1.000000
1.000000
1.000000
1.000000
1.000000
1.000000
1.000000
1.000000
1.000000
1.000000
1.000000
1.000000
1.000000
1.000000
1.000000
1.000000
1.000000
1.000000
1.000000
1.000000
1.000000
1.000000
1.000000
1.000000
1.000000
1.000000
1.000000
1.000000
1.000000
1.000000
1.000000
1.000000
1.000000
1.000000
1.000000
1.000000
1.000000
1.000000
1.000000
1.000000
1.000000
1.000000
1.000000
1.000000
1.000000
1.000000
1.000000
1.000000
1.000000
1.000000
1.000000
1.000000
1.000000
1.000000
1.000000
1.000000
1.000000
1.000000
1.000000
1.000000
1.000000
1.000000
1.000000
1.000000
1.000000
1.000000
1.000000
1.000000
1.000000
1.000000
1.000000
1.000000
1.000000
1.000000
1.000000
1.000000
1.000000
1.000000
1.000000
1.000000
1.000000
1.000000
1.000000
1.000000
1.000000
1.000000
1.000000
1.000000
1.000000
1.000000
1.000000
1.000000
1.000000
1.000000
1.000000
1.000000
1.000000
1.000000
1.000000
