1.000000
1.000000
1.000000
1.000000
1.000000
1.000000
1.000000
1.000000
1.000000
1.000000
1.000000
1.000000
1.000000
1.000000
1.000000
1.000000
1.000000
1.000000
1.000000
1.000000
1.000000
1.000000
1.000000
1.000000
1.000000
1.000000
1.000000
1.000000
1.000000
1.000000
1.000000
1.000000
1.000000
1.000000
1.000000
1.000000
1.000000
1.000000
1.000000
1.000000
1.000000
1.000000
1.000000
1.000000
1.000000
1.000000
1.000000
1.000000
1.000000
1.000000
1.000000
1.000000
1.000000
1.000000
1.000000
1.000000
1.000000
1.000000
1.000000
1.000000
1.000000
1.000000
1.000000
1.000000
1.000000
1.000000
1.000000
1.000000
1.000000
1.000000
1.000000
1.000000
1.000000
1.000000
1.000000
1.000000
1.000000
1.000000
1.000000
1.000000
1.000000
1.000000
1.000000
1.000000
1.000000
1.000000
1.000000
1.000000
1.000000
1.000000
1.000000
1.000000
1.000000
1.000000
1.000000
1.000000
1.000000
1.000000
1.000000
1.000000
1.000000
1.000000
1.000000
1.000000
1.000000
1.000000
1.000000
1.000000
1.000000
1.000000
1.000000
1.000000
1.000000
1.000000
1.000000
1.000000
1.000000
1.000000
1.000000
1.000000
1.000000
1.000000
1.000000
1.000000
1.000000
1.000000
1.000000
1.000000
1.000000
1.000000
1.000000
1.000000
1.000000
1.000000
1.000000
1.000000
1.000000
1.000000
1.000000
1.000000
1.000000
1.000000
1.000000
1.000000
1.000000
1.000000
1.000000
1.000000
1.000000
1.000000
1.000000
1.000000
1.000000
1.000000
1.000000
1.000000
1.000000
1.000000
1.000000
1.000000
1.000000
1.000000
1.000000
1.000000
1.000000
1.000000
1.000000
1.000000
1.000000
1.000000
1.000000
1.000000
1.000000
1.000000
1.000000
1.000000
1.000000
1.000000
1.000000
1.000000
1.000000
1.000000
1.000000
1.000000
1.000000
1.000000
1.000000
1.000000
1.000000
1.000000
1.000000
1.000000
1.000000
1.000000
1.000000
1.000000
1.000000
1.000000
1.000000
1.000000
1.000000
1.000000
1.000000
1.000000
1.000000
1.000000
1.000000
1.000000
1.000000
1.000000
1.000000
1.000000
1.000000
1.000000
1.000000
1.000000
1.000000
1.000000
1.000000
1.000000
1.000000
1.000000
1.000000
1.000000
1.000000
1.000000
1.000000
1.000000
1.000000
1.000000
1.000000
1.000000
1.000000
1.000000
1.000000
1.000000
1.000000
1.000000
1.000000
1.000000
1.000000
1.000000
1.000000
1.000000
1.000000
1.000000
1.000000
1.000000
1.000000
1.000000
1.000000
1.000000
1.000000
1.000000
1.000000
1.000009
1.000013
1.000027
1.000040
1.000048
1.000051
1.000051
1.000052
1.000052
1.000051
1.000050
1.000044
1.000032
1.000018
1.000008
1.000000
1.000000
1.000000
1.000000
1.000000
1.000000
1.000000
1.000000
1.000000
1.000000
1.000000
1.000000
1.000000
1.000000
1.000000
1.000000
1.000000
1.000000
1.000000
1.000000
1.000000
1.000000
1.000000
1.000000
1.000000
1.000013
1.000084
1.000214
1.000375
1.000500
1.000568
1.000601
1.000616
1.000619
1.000620
1.000617
1.000601
1.000539
1.000407
1.000240
1.000112
1.000044
1.000017
1.000003
1.000000
1.000000
1.000000
1.000000
1.000000
1.000000
1.000000
1.000000
1.000000
1.000000
1.000000
1.000000
1.000000
1.000000
1.000000
1.000000
1.000000
1.000000
1.000000
1.000000
1.000004
1.000041
1.000211
1.000762
1.001927
1.003315
1.004415
1.005061
1.005364
1.005480
1.005520
1.005531
1.005502
1.005362
1.004860
1.003697
1.002226
1.001060
1.000409
1.000132
1.000037
1.000009
1.000000
1.000000
1.000000
1.000000
1.000000
1.000000
1.000000
1.000000
1.000000
1.000000
1.000000
1.000000
1.000000
1.000000
1.000000
1.000000
1.000000
1.000000
1.000008
1.000046
1.000281
1.001360
1.004825
1.011976
1.020420
1.027179
1.031267
1.033254
1.034061
1.034341
1.034403
1.034269
1.033500
1.030653
1.023785
1.014649
1.007095
1.002762
1.000889
1.000243
1.000058
1.000014
1.000000
1.000000
1.000000
1.000000
1.000000
1.000000
1.000000
1.000000
1.000000
1.000000
1.000000
1.000000
1.000000
1.000000
1.000000
1.000000
1.000000
1.000021
1.000195
1.001170
1.005499
1.019027
1.045874
1.077073
1.102441
1.118461
1.126751
1.130376
1.131736
1.132117
1.131775
1.129379
1.120101
1.096212
1.061383
1.030457
1.011996
1.003878
1.001060
1.000251
1.000053
1.000012
1.000000
1.000000
1.000000
1.000000
1.000000
1.000000
1.000000
1.000000
1.000000
1.000000
1.000000
1.000000
1.000000
1.000000
1.000000
1.000011
1.000058
1.000434
1.002594
1.012073
1.041165
1.097608
1.163382
1.218676
1.255704
1.276384
1.286250
1.290322
1.291682
1.291313
1.287004
1.269449
1.221536
1.145440
1.073231
1.028840
1.009255
1.002507
1.000588
1.000123
1.000026
1.000005
1.000000
1.000000
1.000000
1.000000
1.000000
1.000000
1.000000
1.000000
1.000000
1.000000
1.000000
1.000000
1.000000
1.000000
1.000013
1.000091
1.000666
1.003998
1.018567
1.063052
1.149013
1.251019
1.340395
1.403925
1.442077
1.461802
1.470667
1.474015
1.474077
1.468190
1.442801
1.370255
1.247242
1.124840
1.048640
1.015369
1.004104
1.000951
1.000197
1.000041
1.000007
1.000000
1.000000
1.000000
1.000000
1.000000
1.000000
1.000000
1.000000
1.000000
1.000000
1.000000
1.000000
1.000000
1.000000
1.000013
1.000112
1.000831
1.004991
1.023242
1.079144
1.188008
1.320433
1.441294
1.531896
1.589765
1.621740
1.637138
1.643471
1.644491
1.637526
1.605508
1.510906
1.343376
1.172248
1.065988
1.020468
1.005379
1.001232
1.000252
1.000049
1.000008
1.000000
1.000000
1.000000
1.000000
1.000000
1.000000
1.000000
1.000000
1.000000
1.000000
1.000000
1.000000
1.000000
1.000000
1.000015
1.000126
1.000922
1.005541
1.025902
1.088648
1.212259
1.366243
1.511750
1.625629
1.701988
1.746406
1.768943
1.778778
1.781105
1.773485
1.736114
1.623242
1.418507
1.207560
1.078124
1.023830
1.006179
1.001401
1.000284
1.000053
1.000009
1.000000
1.000000
1.000000
1.000000
1.000000
1.000000
1.000000
1.000000
1.000000
1.000000
1.000000
1.000000
1.000000
1.000000
1.000015
1.000130
1.000960
1.005793
1.027156
1.093349
1.225059
1.392174
1.554249
1.685199
1.776182
1.831113
1.860044
1.873181
1.876837
1.868840
1.827363
1.700539
1.468282
1.229541
1.085162
1.025657
1.006592
1.001486
1.000299
1.000055
1.000009
1.000000
1.000000
1.000000
1.000000
1.000000
1.000000
1.000000
1.000000
1.000000
1.000000
1.000000
1.000000
1.000000
1.000000
1.000016
1.000131
1.000975
1.005892
1.027661
1.095348
1.230908
1.404961
1.576663
1.718360
1.819183
1.881588
1.915274
1.930965
1.935691
1.927475
1.883096
1.746680
1.496572
1.241192
1.088629
1.026500
1.006773
1.001520
1.000304
1.000056
1.000009
1.000000
1.000000
1.000000
1.000000
1.000000
1.000000
1.000000
1.000000
1.000000
1.000000
1.000000
1.000000
1.000000
1.000000
1.000016
1.000131
1.000979
1.005924
1.027836
1.096090
1.233253
1.410510
1.587079
1.734625
1.841127
1.908049
1.944716
1.962051
1.967484
1.959135
1.912922
1.770682
1.510494
1.246525
1.090104
1.026837
1.006842
1.001532
1.000306
1.000056
1.000009
1.000000
1.000000
1.000000
1.000000
1.000000
1.000000
1.000000
1.000000
1.000000
1.000000
1.000000
1.000000
1.000000
1.000000
1.000016
1.000132
1.000980
1.005931
1.027878
1.096295
1.234019
1.412551
1.591259
1.741566
1.850897
1.920158
1.958413
1.976642
1.982462
1.974030
1.926789
1.781442
1.516303
1.248541
1.090603
1.026938
1.006860
1.001535
1.000306
1.000056
1.000009
1.000000
1.000000
1.000000
1.000000
1.000000
1.000000
1.000000
1.000000
1.000000
1.000000
1.000000
1.000000
1.000000
1.000000
1.000015
1.000131
1.000975
1.005904
1.027763
1.095986
1.233553
1.412237
1.591533
1.742794
1.853204
1.923401
1.962307
1.980906
1.986876
1.978365
1.930546
1.783632
1.516539
1.248020
1.090248
1.026804
1.006820
1.001525
1.000304
1.000055
1.000009
1.000000
1.000000
1.000000
1.000000
1.000000
1.000000
1.000000
1.000000
1.000000
1.000000
1.000000
1.000000
1.000000
1.000000
1.000015
1.000125
1.000935
1.005693
1.026872
1.093359
1.228426
1.404796
1.582330
1.732343
1.841885
1.911487
1.950001
1.968360
1.974163
1.965390
1.916858
1.768753
1.502750
1.239477
1.086700
1.025685
1.006527
1.001458
1.000290
1.000053
1.000008
1.000000
1.000000
1.000000
1.000000
1.000000
1.000000
1.000000
1.000000
1.000000
1.000000
1.000000
1.000000
1.000000
1.000000
1.000012
1.000108
1.000790
1.004849
1.023179
1.082015
1.205024
1.368922
1.535531
1.676494
1.778862
1.843203
1.878274
1.894649
1.899356
1.889619
1.839474
1.691107
1.438275
1.202930
1.072291
1.021260
1.005384
1.001200
1.000240
1.000042
1.000006
1.000000
1.000000
1.000000
1.000000
1.000000
1.000000
1.000000
1.000000
1.000000
1.000000
1.000000
1.000000
1.000000
1.000000
1.000008
1.000070
1.000545
1.003388
1.016493
1.059939
1.154861
1.285427
1.419838
1.532926
1.613360
1.662298
1.687912
1.699242
1.701566
1.690878
1.642375
1.509109
1.306425
1.136749
1.048002
1.014066
1.003559
1.000791
1.000156
1.000028
1.000003
1.000000
1.000000
1.000000
1.000000
1.000000
1.000000
1.000000
1.000000
1.000000
1.000000
1.000000
1.000000
1.000000
1.000000
1.000001
1.000038
1.000305
1.001908
1.009433
1.035081
1.093210
1.174865
1.258639
1.327236
1.373817
1.400530
1.413608
1.418904
1.419117
1.410250
1.374391
1.284470
1.163835
1.071648
1.025114
1.007392
1.001879
1.000419
1.000082
1.000013
1.000000
1.000000
1.000000
1.000000
1.000000
1.000000
1.000000
1.000000
1.000000
1.000000
1.000000
1.000000
1.000000
1.000000
1.000000
1.000000
1.000017
1.000138
1.000874
1.004376
1.016511
1.044523
1.083790
1.122957
1.153429
1.172779
1.183074
1.187736
1.189425
1.189044
1.184142
1.165711
1.122489
1.069144
1.030193
1.010667
1.003166
1.000809
1.000180
1.000035
1.000004
1.000000
1.000000
1.000000
1.000000
1.000000
1.000000
1.000000
1.000000
1.000000
1.000000
1.000000
1.000000
1.000000
1.000000
1.000000
1.000000
1.000004
1.000049
1.000333
1.001683
1.006400
1.017334
1.032393
1.046799
1.057354
1.063599
1.066681
1.067976
1.068392
1.068140
1.066187
1.059126
1.043160
1.024259
1.010658
1.003802
1.001137
1.000291
1.000063
1.000012
1.000000
1.000000
1.000000
1.000000
1.000000
1.000000
1.000000
1.000000
1.000000
1.000000
1.000000
1.000000
1.000000
1.000000
1.000000
1.000000
1.000000
1.000000
1.000016
1.000108
1.000549
1.002098
1.005677
1.010499
1.014924
1.017991
1.019696
1.020483
1.020794
1.020882
1.020784
1.020160
1.017950
1.013041
1.007338
1.003245
1.001166
1.000350
1.000089
1.000019
1.000001
1.000000
1.000000
1.000000
1.000000
1.000000
1.000000
1.000000
1.000000
1.000000
1.000000
1.000000
1.000000
1.000000
1.000000
1.000000
1.000000
1.000000
1.000000
1.000002
1.000027
1.000154
1.000593
1.001603
1.002937
1.004117
1.004899
1.005312
1.005492
1.005559
1.005580
1.005548
1.005377
1.004781
1.003467
1.001954
1.000867
1.000313
1.000093
1.000023
1.000003
1.000000
1.000000
1.000000
1.000000
1.000000
1.000000
1.000000
1.000000
1.000000
1.000000
1.000000
1.000000
1.000000
1.000000
1.000000
1.000000
1.000000
1.000000
1.000000
1.000000
1.000005
1.000036
1.000146
1.000398
1.000723
1.001002
1.001181
1.001270
1.001309
1.001324
1.001327
1.001318
1.001277
1.001135
1.000822
1.000463
1.000206
1.000074
1.000020
1.000004
1.000000
1.000000
1.000000
1.000000
1.000000
1.000000
1.000000
1.000000
1.000000
1.000000
1.000000
1.000000
1.000000
1.000000
1.000000
1.000000
1.000000
1.000000
1.000000
1.000000
1.000000
1.000000
1.000006
1.000031
1.000086
1.000157
1.000216
1.000253
1.000273
1.000281
1.000283
1.000283
1.000281
1.000273
1.000242
1.000175
1.000098
1.000044
1.000013
1.000002
1.000000
1.000000
1.000000
1.000000
1.000000
1.000000
1.000000
1.000000
1.000000
1.000000
1.000000
1.000000
1.000000
1.000000
1.000000
1.000000
1.000000
1.000000
1.000000
1.000000
1.000000
1.000000
1.000000
1.000000
1.000004
1.000015
1.000030
1.000042
1.000049
1.000052
1.000053
1.000053
1.000053
1.000053
1.000051
1.000045
1.000031
1.000015
1.000005
1.000000
1.000000
1.000000
1.000000
1.000000
1.000000
1.000000
1.000000
1.000000
1.000000
1.000000
1.000000
1.000000
1.000000
1.000000
1.000000
1.000000
1.000000
1.000000
1.000000
1.000000
1.000000
1.000000
1.000000
1.000000
1.000000
1.000000
1.000000
1.000004
1.000005
1.000006
1.000007
1.000007
1.000007
1.000007
1.000007
1.000007
1.000005
1.000003
1.000000
1.000000
1.000000
1.000000
1.000000
1.000000
1.000000
1.000000
1.000000
1.000000
1.000000
1.000000
1.000000
1.000000
1.000000
1.000000
1.000000
1.000000
1.000000
1.000000
1.000000
1.000000
1.000000
1.000000
1.000000
1.000000
1.000000
1.000000
1.000000
1.000000
1.000000
1.000000
1.000000
1.000000
1.000000
1.000000
1.000000
1.000000
1.000000
1.000000
1.000000
1.000000
1.000000
1.000000
1.000000
1.000000
1.000000
1.000000
1.000000
1.000000
1.000000
1.000000
1.000000
1.000000
1.000000
1.000000
1.000000
1.000000
1.000000
1.000000
1.000000
1.000000
1.000000
1.000000
1.000000
1.000000
1.000000
1.000000
1.000000
1.000000
1.000000
1.000000
1.000000
1.000000
1.000000
1.000000
1.000000
1.000000
1.000000
1.000000
1.000000
1.000000
1.000000
1.000000
1.000000
1.000000
1.000000
1.000000
1.000000
1.000000
1.000000
1.000000
1.000000
1.000000
1.000000
1.000000
1.000000
1.000000
1.000000
1.000000
1.000000
1.000000
1.000000
1.000000
1.000000
1.000000
1.000000
1.000000
1.000000
1.000000
1.000000
1.000000
1.000000
1.000000
1.000000
1.000000
1.000000
1.000000
1.000000
1.000000
1.000000
1.000000
1.000000
1.000000
1.000000
1.000000
1.000000
1.000000
1.000000
1.000000
1.000000
1.000000
1.000000
1.000000
1.000000
1.000000
1.000000
1.000000
1.000000
1.000000
1.000000
1.000000
1.000000
1.000000
1.000000
1.000000
1.000000
1.000000
1.000000
1.000000
1.000000
1.000000
1.000000
1.000000
1.000000
1.000000
1.000000
1.000000
1.000000
1.000000
1.000000
1.000000
1.000000
1.000000
1.000000
1.000000
1.000000
1.000000
1.000000
1.000000
1.000000
1.000000
1.000000
1.000000
1.000000
1.000000
1.000000
1.000000
1.000000
1.000000
1.000000
1.000000
1.000000
1.000000
1.000000
1.000000
1.000000
1.000000
1.000000
1.000000
1.000000
1.000000
1.000000
1.000000
1.000000
1.000000
1.000000
1.000000
1.000000
1.000000
1.000000
1.000000
1.000000
1.000000
1.000000
1.000000
1.000000
1.000000
1.000000
1.000000
1.000000
1.000000
1.000000
1.000000
1.000000
1.000000
1.000000
1.000000
1.000000
1.000000
1.000000
1.000000
1.000000
1.000000
1.000000
1.000000
1.000000
1.000000
1.000000
1.000000
1.000000
1.000000
1.000000
1.000000
1.000000
1.000000
1.000000
1.000000
1.000000
1.000000
1.000000
1.000000
1.000000
1.000000
1.000000
1.000000
1.000000
1.000000
1.000000
1.000000
1.000000
1.000000
1.000000
1.000000
1.000000
1.000000
1.000000
1.000000
1.000000
1.000000
1.000000
1.000000
1.000000
1.000000
1.000000
1.000000
1.000000
1.000000
1.000000
1.000000
1.000000
1.000000
1.000000
1.000000
1.000000
1.000000
1.000000
1.000000
1.000000
1.000000
1.000000
1.000000
1.000000
1.000000
1.000000
1.000000
1.000000
1.000000
1.000000
1.000000
1.000000
1.000000
1.000000
1.000000
1.000000
1.000000
1.000000
1.000000
1.000000
1.000000
1.000000
1.000000
1.000000
1.000000
1.000000
1.000000
1.000000
1.000000
1.000000
1.000000
1.000000
1.000000
1.000000
1.000000
1.000000
1.000000
1.000000
1.000000
1.000000
1.000000
1.000000
1.000000
1.000000
1.000000
1.000000
1.000000
1.000000
1.000000
1.000000
1.000000
1.000000
1.000000
1.000000
1.000000
1.000000
1.000000
1.000000
1.000000
1.000000
1.000000
1.000000
1.000000
1.000000
1.000000
1.000000
1.000000
1.000000
1.000000
1.000000
1.000000
1.000000
1.000000
1.000000
1.000000
1.000000
1.000000
1.000000
1.000000
1.000000
1.000000
1.000000
1.000000
1.000000
1.000000
1.000000
1.000000
1.000000
1.000000
1.000000
1.000000
1.000000
1.000000
1.000000
1.000000
1.000000
1.000000
1.000000
1.000000
1.000000
1.000000
1.000000
1.000000
1.000000
1.000000
1.000000
1.000000
1.000000
1.000000
