1.000000
1.000000
1.000000
1.000000
1.000000
1.000000
1.000000
1.000000
1.000000
1.000000
1.000000
1.000000
1.000000
1.000000
1.000000
1.000000
1.000000
1.000000
1.000000
1.000000
1.000000
1.000000
1.000000
1.000000
1.000000
1.000000
1.000000
1.000000
1.000000
1.000000
1.000000
1.000000
1.000000
1.000000
1.000000
1.000000
1.000000
1.000000
1.000000
1.000000
1.000000
1.000000
1.000000
1.000000
1.000000
1.000000
1.000000
1.000000
1.000000
1.000000
1.000000
1.000000
1.000000
1.000000
1.000000
1.000000
1.000000
1.000000
1.000000
1.000000
1.000000
1.000000
1.000000
1.000000
1.000000
1.000000
1.000000
1.000000
1.000000
1.000000
1.000000
1.000000
1.000000
1.000000
1.000000
1.000000
1.000000
1.000000
1.000000
1.000000
1.000000
1.000000
1.000000
1.000000
1.000000
1.000000
1.000000
1.000000
1.000000
1.000000
1.000000
1.000000
1.000000
1.000000
1.000000
1.000000
1.000000
1.000000
1.000000
1.000000
1.000000
1.000000
1.000000
1.000000
1.000000
1.000000
1.000000
1.000000
1.000000
1.000000
1.000000
1.000000
1.000000
1.000000
1.000000
1.000000
1.000000
1.000000
1.000000
1.000000
1.000000
1.000000
1.000000
1.000000
1.000000
1.000000
1.000000
1.000000
1.000000
1.000000
1.000000
1.000000
1.000000
1.000000
1.000000
1.000000
1.000000
1.000000
1.000000
1.000000
1.000000
1.000000
1.000000
1.000000
1.000000
1.000000
1.000000
1.000000
1.000000
1.000000
1.000000
1.000000
1.000000
1.000000
1.000000
1.000000
1.000000
1.000000
1.000000
1.000000
1.000000
1.000000
1.000000
1.000000
1.000000
1.000000
1.000000
1.000000
1.000000
1.000000
1.000000
1.000000
1.000000
1.000000
1.000000
1.000000
1.000000
1.000000
1.000000
1.000000
1.000000
1.000000
1.000000
1.000000
1.000000
1.000000
1.000000
1.000000
1.000000
1.000000
1.000000
1.000000
1.000000
1.000000
1.000000
1.000000
1.000000
1.000000
1.000000
1.000000
1.000000
1.000000
1.000000
1.000000
1.000000
1.000000
1.000000
1.000000
1.000000
1.000000
1.000000
1.000000
1.000000
1.000000
1.000000
1.000000
1.000000
1.000000
1.000000
1.000000
1.000000
1.000000
1.000000
1.000000
1.000000
1.000000
1.000000
1.000000
1.000000
1.000000
1.000000
1.000000
1.000000
1.000000
1.000000
1.000000
1.000000
1.000000
1.000000
1.000000
1.000000
1.000000
1.000000
1.000000
1.000000
1.000000
1.000000
1.000000
1.000000
1.000000
1.000000
1.000000
1.000000
1.000000
1.000000
1.000007
1.000013
1.000027
1.000040
1.000041
1.000042
1.000043
1.000043
1.000043
1.000043
1.000041
1.000039
1.000025
1.000013
1.000004
1.000000
1.000000
1.000000
1.000000
1.000000
1.000000
1.000000
1.000000
1.000000
1.000000
1.000000
1.000000
1.000000
1.000000
1.000000
1.000000
1.000000
1.000000
1.000000
1.000000
1.000000
1.000000
1.000000
1.000000
1.000000
1.000013
1.000080
1.000208
1.000360
1.000472
1.000528
1.000554
1.000563
1.000566
1.000567
1.000563
1.000549
1.000491
1.000360
1.000201
1.000086
1.000033
1.000011
1.000000
1.000000
1.000000
1.000000
1.000000
1.000000
1.000000
1.000000
1.000000
1.000000
1.000000
1.000000
1.000000
1.000000
1.000000
1.000000
1.000000
1.000000
1.000000
1.000000
1.000000
1.000000
1.000033
1.000200
1.000768
1.002027
1.003472
1.004547
1.005136
1.005390
1.005479
1.005508
1.005516
1.005490
1.005354
1.004828
1.003559
1.002024
1.000896
1.000318
1.000092
1.000024
1.000005
1.000000
1.000000
1.000000
1.000000
1.000000
1.000000
1.000000
1.000000
1.000000
1.000000
1.000000
1.000000
1.000000
1.000000
1.000000
1.000000
1.000000
1.000000
1.000004
1.000040
1.000265
1.001389
1.005260
1.013575
1.023068
1.030238
1.034289
1.036120
1.036809
1.037029
1.037070
1.036933
1.036119
1.032899
1.024789
1.014433
1.006491
1.002323
1.000684
1.000170
1.000038
1.000008
1.000000
1.000000
1.000000
1.000000
1.000000
1.000000
1.000000
1.000000
1.000000
1.000000
1.000000
1.000000
1.000000
1.000000
1.000000
1.000000
1.000000
1.000017
1.000175
1.001163
1.005916
1.021815
1.054494
1.091256
1.119653
1.136557
1.144758
1.148104
1.149271
1.149566
1.149180
1.146525
1.135534
1.105879
1.064008
1.029473
1.010659
1.003149
1.000784
1.000168
1.000033
1.000008
1.000000
1.000000
1.000000
1.000000
1.000000
1.000000
1.000000
1.000000
1.000000
1.000000
1.000000
1.000000
1.000000
1.000000
1.000000
1.000006
1.000048
1.000389
1.002534
1.012772
1.046446
1.114146
1.190956
1.252823
1.292239
1.313059
1.322399
1.326007
1.327116
1.326621
1.321821
1.301053
1.241693
1.150170
1.069867
1.025163
1.007361
1.001816
1.000389
1.000074
1.000015
1.000001
1.000000
1.000000
1.000000
1.000000
1.000000
1.000000
1.000000
1.000000
1.000000
1.000000
1.000000
1.000000
1.000000
1.000000
1.000010
1.000072
1.000581
1.003791
1.019091
1.069265
1.169990
1.287032
1.385927
1.453219
1.491630
1.510371
1.518272
1.521039
1.520804
1.514195
1.484311
1.395201
1.248913
1.115485
1.040979
1.011783
1.002863
1.000607
1.000115
1.000021
1.000003
1.000000
1.000000
1.000000
1.000000
1.000000
1.000000
1.000000
1.000000
1.000000
1.000000
1.000000
1.000000
1.000000
1.000000
1.000011
1.000087
1.000706
1.004609
1.023301
1.084884
1.209746
1.359022
1.490885
1.585776
1.643476
1.673573
1.687156
1.692337
1.692752
1.684806
1.647274
1.532176
1.335994
1.154114
1.053646
1.015143
1.003626
1.000759
1.000141
1.000025
1.000003
1.000000
1.000000
1.000000
1.000000
1.000000
1.000000
1.000000
1.000000
1.000000
1.000000
1.000000
1.000000
1.000000
1.000000
1.000011
1.000095
1.000765
1.005027
1.025509
1.093435
1.232853
1.403763
1.560225
1.677794
1.752778
1.793873
1.813355
1.821213
1.822489
1.813610
1.770025
1.634217
1.398709
1.180303
1.061661
1.017143
1.004057
1.000840
1.000156
1.000027
1.000004
1.000000
1.000000
1.000000
1.000000
1.000000
1.000000
1.000000
1.000000
1.000000
1.000000
1.000000
1.000000
1.000000
1.000000
1.000011
1.000097
1.000788
1.005202
1.026465
1.097339
1.244198
1.427478
1.599523
1.732771
1.820618
1.870424
1.894833
1.905035
1.907126
1.897619
1.849590
1.698903
1.436526
1.194995
1.065835
1.018120
1.004258
1.000877
1.000161
1.000028
1.000004
1.000000
1.000000
1.000000
1.000000
1.000000
1.000000
1.000000
1.000000
1.000000
1.000000
1.000000
1.000000
1.000000
1.000000
1.000011
1.000097
1.000798
1.005265
1.026817
1.098867
1.249000
1.438366
1.618862
1.761312
1.857201
1.912733
1.940514
1.952373
1.955062
1.945154
1.894201
1.734095
1.455910
1.201971
1.067675
1.018524
1.004337
1.000891
1.000163
1.000028
1.000004
1.000000
1.000000
1.000000
1.000000
1.000000
1.000000
1.000000
1.000000
1.000000
1.000000
1.000000
1.000000
1.000000
1.000000
1.000011
1.000098
1.000799
1.005283
1.026930
1.099388
1.250776
1.442744
1.627198
1.774279
1.874442
1.933146
1.962849
1.975676
1.978721
1.968576
1.915938
1.750653
1.464462
1.204821
1.068373
1.018669
1.004363
1.000894
1.000163
1.000028
1.000004
1.000000
1.000000
1.000000
1.000000
1.000000
1.000000
1.000000
1.000000
1.000000
1.000000
1.000000
1.000000
1.000000
1.000000
1.000011
1.000098
1.000799
1.005286
1.026948
1.099507
1.251287
1.444200
1.630250
1.779334
1.881440
1.941634
1.972265
1.985566
1.988783
1.978513
1.925021
1.757255
1.467579
1.205737
1.068566
1.018702
1.004368
1.000894
1.000163
1.000028
1.000004
1.000000
1.000000
1.000000
1.000000
1.000000
1.000000
1.000000
1.000000
1.000000
1.000000
1.000000
1.000000
1.000000
1.000000
1.000011
1.000097
1.000796
1.005261
1.026828
1.099144
1.250650
1.443514
1.629841
1.779454
1.882150
1.942823
1.973758
1.987212
1.990476
1.980118
1.926185
1.757307
1.466656
1.204935
1.068215
1.018594
1.004341
1.000888
1.000162
1.000028
1.000004
1.000000
1.000000
1.000000
1.000000
1.000000
1.000000
1.000000
1.000000
1.000000
1.000000
1.000000
1.000000
1.000000
1.000000
1.000011
1.000092
1.000760
1.005056
1.025877
1.096122
1.244487
1.434361
1.618282
1.766055
1.867392
1.927129
1.957485
1.970624
1.973709
1.963117
1.908597
1.739116
1.451517
1.196769
1.065219
1.017742
1.004138
1.000846
1.000154
1.000026
1.000003
1.000000
1.000000
1.000000
1.000000
1.000000
1.000000
1.000000
1.000000
1.000000
1.000000
1.000000
1.000000
1.000000
1.000000
1.000008
1.000077
1.000625
1.004184
1.021722
1.082384
1.214897
1.388281
1.557751
1.693687
1.785977
1.839500
1.866135
1.877341
1.879469
1.868084
1.812475
1.645637
1.380385
1.161024
1.052596
1.014220
1.003307
1.000676
1.000124
1.000020
1.000002
1.000000
1.000000
1.000000
1.000000
1.000000
1.000000
1.000000
1.000000
1.000000
1.000000
1.000000
1.000000
1.000000
1.000000
1.000003
1.000048
1.000406
1.002766
1.014628
1.057071
1.154319
1.285597
1.414860
1.517065
1.584286
1.621592
1.639226
1.646151
1.646575
1.635215
1.584575
1.444330
1.247972
1.101687
1.032885
1.008879
1.002063
1.000419
1.000075
1.000011
1.000000
1.000000
1.000000
1.000000
1.000000
1.000000
1.000000
1.000000
1.000000
1.000000
1.000000
1.000000
1.000000
1.000000
1.000000
1.000000
1.000024
1.000210
1.001447
1.007766
1.030987
1.086108
1.161574
1.234778
1.290327
1.324728
1.342512
1.350304
1.353055
1.352510
1.344408
1.311116
1.226614
1.121776
1.049330
1.015997
1.004343
1.001014
1.000206
1.000037
1.000004
1.000000
1.000000
1.000000
1.000000
1.000000
1.000000
1.000000
1.000000
1.000000
1.000000
1.000000
1.000000
1.000000
1.000000
1.000000
1.000000
1.000009
1.000085
1.000608
1.003309
1.013378
1.037641
1.070508
1.101152
1.122997
1.135535
1.141513
1.143926
1.144674
1.144206
1.140348
1.125265
1.089076
1.047237
1.019197
1.006282
1.001719
1.000402
1.000080
1.000014
1.000000
1.000000
1.000000
1.000000
1.000000
1.000000
1.000000
1.000000
1.000000
1.000000
1.000000
1.000000
1.000000
1.000000
1.000000
1.000000
1.000000
1.000000
1.000028
1.000212
1.001163
1.004733
1.013353
1.024759
1.034893
1.041663
1.045272
1.046868
1.047466
1.047626
1.047424
1.046064
1.040883
1.028791
1.015254
1.006245
1.002062
1.000567
1.000133
1.000026
1.000003
1.000000
1.000000
1.000000
1.000000
1.000000
1.000000
1.000000
1.000000
1.000000
1.000000
1.000000
1.000000
1.000000
1.000000
1.000000
1.000000
1.000000
1.000000
1.000009
1.000062
1.000345
1.001412
1.003980
1.007293
1.010108
1.011887
1.012778
1.013147
1.013277
1.013308
1.013244
1.012852
1.011381
1.007987
1.004240
1.001747
1.000580
1.000160
1.000036
1.000006
1.000000
1.000000
1.000000
1.000000
1.000000
1.000000
1.000000
1.000000
1.000000
1.000000
1.000000
1.000000
1.000000
1.000000
1.000000
1.000000
1.000000
1.000000
1.000000
1.000000
1.000015
1.000087
1.000363
1.001022
1.001855
1.002535
1.002948
1.003143
1.003219
1.003246
1.003254
1.003236
1.003138
1.002776
1.001945
1.001034
1.000427
1.000142
1.000039
1.000008
1.000000
1.000000
1.000000
1.000000
1.000000
1.000000
1.000000
1.000000
1.000000
1.000000
1.000000
1.000000
1.000000
1.000000
1.000000
1.000000
1.000000
1.000000
1.000000
1.000000
1.000000
1.000001
1.000018
1.000080
1.000229
1.000414
1.000561
1.000645
1.000685
1.000701
1.000706
1.000707
1.000702
1.000681
1.000602
1.000421
1.000224
1.000092
1.000030
1.000006
1.000000
1.000000
1.000000
1.000000
1.000000
1.000000
1.000000
1.000000
1.000000
1.000000
1.000000
1.000000
1.000000
1.000000
1.000000
1.000000
1.000000
1.000000
1.000000
1.000000
1.000000
1.000000
1.000000
1.000002
1.000013
1.000044
1.000080
1.000109
1.000126
1.000134
1.000136
1.000136
1.000136
1.000136
1.000132
1.000117
1.000082
1.000043
1.000016
1.000003
1.000000
1.000000
1.000000
1.000000
1.000000
1.000000
1.000000
1.000000
1.000000
1.000000
1.000000
1.000000
1.000000
1.000000
1.000000
1.000000
1.000000
1.000000
1.000000
1.000000
1.000000
1.000000
1.000000
1.000000
1.000000
1.000000
1.000006
1.000012
1.000017
1.000021
1.000022
1.000022
1.000022
1.000022
1.000022
1.000021
1.000018
1.000011
1.000004
1.000000
1.000000
1.000000
1.000000
1.000000
1.000000
1.000000
1.000000
1.000000
1.000000
1.000000
1.000000
1.000000
1.000000
1.000000
1.000000
1.000000
1.000000
1.000000
1.000000
1.000000
1.000000
1.000000
1.000000
1.000000
1.000000
1.000000
1.000000
1.000000
1.000000
1.000001
1.000002
1.000002
1.000002
1.000002
1.000002
1.000002
1.000002
1.000001
1.000000
1.000000
1.000000
1.000000
1.000000
1.000000
1.000000
1.000000
1.000000
1.000000
1.000000
1.000000
1.000000
1.000000
1.000000
1.000000
1.000000
1.000000
1.000000
1.000000
1.000000
1.000000
1.000000
1.000000
1.000000
1.000000
1.000000
1.000000
1.000000
1.000000
1.000000
1.000000
1.000000
1.000000
1.000000
1.000000
1.000000
1.000000
1.000000
1.000000
1.000000
1.000000
1.000000
1.000000
1.000000
1.000000
1.000000
1.000000
1.000000
1.000000
1.000000
1.000000
1.000000
1.000000
1.000000
1.000000
1.000000
1.000000
1.000000
1.000000
1.000000
1.000000
1.000000
1.000000
1.000000
1.000000
1.000000
1.000000
1.000000
1.000000
1.000000
1.000000
1.000000
1.000000
1.000000
1.000000
1.000000
1.000000
1.000000
1.000000
1.000000
1.000000
1.000000
1.000000
1.000000
1.000000
1.000000
1.000000
1.000000
1.000000
1.000000
1.000000
1.000000
1.000000
1.000000
1.000000
1.000000
1.000000
1.000000
1.000000
1.000000
1.000000
1.000000
1.000000
1.000000
1.000000
1.000000
1.000000
1.000000
1.000000
1.000000
1.000000
1.000000
1.000000
1.000000
1.000000
1.000000
1.000000
1.000000
1.000000
1.000000
1.000000
1.000000
1.000000
1.000000
1.000000
1.000000
1.000000
1.000000
1.000000
1.000000
1.000000
1.000000
1.000000
1.000000
1.000000
1.000000
1.000000
1.000000
1.000000
1.000000
1.000000
1.000000
1.000000
1.000000
1.000000
1.000000
1.000000
1.000000
1.000000
1.000000
1.000000
1.000000
1.000000
1.000000
1.000000
1.000000
1.000000
1.000000
1.000000
1.000000
1.000000
1.000000
1.000000
1.000000
1.000000
1.000000
1.000000
1.000000
1.000000
1.000000
1.000000
1.000000
1.000000
1.000000
1.000000
1.000000
1.000000
1.000000
1.000000
1.000000
1.000000
1.000000
1.000000
1.000000
1.000000
1.000000
1.000000
1.000000
1.000000
1.000000
1.000000
1.000000
1.000000
1.000000
1.000000
1.000000
1.000000
1.000000
1.000000
1.000000
1.000000
1.000000
1.000000
1.000000
1.000000
1.000000
1.000000
1.000000
1.000000
1.000000
1.000000
1.000000
1.000000
1.000000
1.000000
1.000000
1.000000
1.000000
1.000000
1.000000
1.000000
1.000000
1.000000
1.000000
1.000000
1.000000
1.000000
1.000000
1.000000
1.000000
1.000000
1.000000
1.000000
1.000000
1.000000
1.000000
1.000000
1.000000
1.000000
1.000000
1.000000
1.000000
1.000000
1.000000
1.000000
1.000000
1.000000
1.000000
1.000000
1.000000
1.000000
1.000000
1.000000
1.000000
1.000000
1.000000
1.000000
1.000000
1.000000
1.000000
1.000000
1.000000
1.000000
1.000000
1.000000
1.000000
1.000000
1.000000
1.000000
1.000000
1.000000
1.000000
1.000000
1.000000
1.000000
1.000000
1.000000
1.000000
1.000000
1.000000
1.000000
1.000000
1.000000
1.000000
1.000000
1.000000
1.000000
1.000000
1.000000
1.000000
1.000000
1.000000
1.000000
1.000000
1.000000
1.000000
1.000000
1.000000
1.000000
1.000000
1.000000
1.000000
1.000000
1.000000
1.000000
1.000000
1.000000
1.000000
1.000000
1.000000
1.000000
1.000000
1.000000
1.000000
1.000000
1.000000
1.000000
1.000000
1.000000
1.000000
1.000000
1.000000
1.000000
1.000000
1.000000
1.000000
1.000000
1.000000
1.000000
1.000000
1.000000
1.000000
1.000000
1.000000
1.000000
1.000000
1.000000
1.000000
1.000000
1.000000
1.000000
1.000000
1.000000
1.000000
1.000000
1.000000
1.000000
1.000000
1.000000
1.000000
1.000000
1.000000
1.000000
1.000000
1.000000
1.000000
1.000000
1.000000
1.000000
1.000000
1.000000
1.000000
1.000000
1.000000
1.000000
1.000000
1.000000
1.000000
1.000000
1.000000
1.000000
1.000000
1.000000
1.000000
1.000000
1.000000
1.000000
1.000000
1.000000
1.000000
1.000000
1.000000
1.000000
1.000000
1.000000
1.000000
1.000000
1.000000
