1.000000
1.000000
1.000000
1.000000
1.000000
1.000000
1.000000
1.000000
1.000000
1.000000
1.000000
1.000000
1.000000
1.000000
1.000000
1.000000
1.000000
1.000000
1.000000
1.000000
1.000000
1.000000
1.000000
1.000000
1.000000
1.000000
1.000000
1.000000
1.000000
1.000000
1.000000
1.000000
1.000000
1.000000
1.000000
1.000000
1.000000
1.000000
1.000000
1.000000
1.000000
1.000000
1.000000
1.000000
1.000000
1.000000
1.000000
1.000000
1.000000
1.000000
1.000000
1.000000
1.000000
1.000000
1.000000
1.000000
1.000000
1.000000
1.000000
1.000000
1.000000
1.000000
1.000000
1.000000
1.000000
1.000000
1.000000
1.000000
1.000000
1.000000
1.000000
1.000000
1.000000
1.000000
1.000000
1.000000
1.000000
1.000000
1.000000
1.000000
1.000000
1.000000
1.000000
1.000000
1.000000
1.000000
1.000000
1.000000
1.000000
1.000000
1.000000
1.000000
1.000000
1.000000
1.000000
1.000000
1.000000
1.000000
1.000000
1.000000
1.000000
1.000000
1.000000
1.000000
1.000000
1.000000
1.000000
1.000000
1.000000
1.000000
1.000000
1.000000
1.000000
1.000000
1.000000
1.000000
1.000000
1.000000
1.000000
1.000000
1.000000
1.000000
1.000000
1.000000
1.000000
1.000000
1.000000
1.000000
1.000000
1.000000
1.000000
1.000000
1.000000
1.000000
1.000000
1.000000
1.000000
1.000000
1.000000
1.000000
1.000000
1.000000
1.000000
1.000000
1.000000
1.000000
1.000000
1.000000
1.000000
1.000000
1.000000
1.000000
1.000000
1.000000
1.000000
1.000000
1.000000
1.000000
1.000000
1.000000
1.000000
1.000000
1.000000
1.000000
1.000000
1.000000
1.000000
1.000000
1.000000
1.000000
1.000000
1.000000
1.000000
1.000000
1.000000
1.000000
1.000000
1.000000
1.000000
1.000000
1.000000
1.000000
1.000000
1.000000
1.000000
1.000000
1.000000
1.000000
1.000000
1.000000
1.000000
1.000000
1.000000
1.000000
1.000000
1.000000
1.000000
1.000000
1.000000
1.000000
1.000000
1.000000
1.000000
1.000000
1.000000
1.000000
1.000000
1.000000
1.000000
1.000000
1.000000
1.000000
1.000000
1.000000
1.000000
1.000000
1.000000
1.000000
1.000000
1.000000
1.000000
1.000000
1.000000
1.000000
1.000000
1.000000
1.000000
1.000000
1.000000
1.000000
1.000000
1.000000
1.000000
1.000000
1.000000
1.000000
1.000000
1.000000
1.000000
1.000000
1.000000
1.000000
1.000000
1.000000
1.000000
1.000000
1.000000
1.000000
1.000000
1.000000
1.000000
1.000000
1.000000
1.000000
1.000000
1.000009
1.000013
1.000027
1.000040
1.000047
1.000050
1.000051
1.000051
1.000051
1.000051
1.000049
1.000043
1.000032
1.000017
1.000008
1.000000
1.000000
1.000000
1.000000
1.000000
1.000000
1.000000
1.000000
1.000000
1.000000
1.000000
1.000000
1.000000
1.000000
1.000000
1.000000
1.000000
1.000000
1.000000
1.000000
1.000000
1.000000
1.000000
1.000000
1.000000
1.000013
1.000084
1.000214
1.000374
1.000499
1.000566
1.000599
1.000613
1.000616
1.000617
1.000614
1.000598
1.000536
1.000405
1.000238
1.000111
1.000044
1.000016
1.000003
1.000000
1.000000
1.000000
1.000000
1.000000
1.000000
1.000000
1.000000
1.000000
1.000000
1.000000
1.000000
1.000000
1.000000
1.000000
1.000000
1.000000
1.000000
1.000000
1.000000
1.000004
1.000041
1.000211
1.000763
1.001933
1.003325
1.004424
1.005067
1.005367
1.005482
1.005521
1.005533
1.005503
1.005363
1.004860
1.003691
1.002216
1.001052
1.000404
1.000129
1.000036
1.000009
1.000000
1.000000
1.000000
1.000000
1.000000
1.000000
1.000000
1.000000
1.000000
1.000000
1.000000
1.000000
1.000000
1.000000
1.000000
1.000000
1.000000
1.000000
1.000008
1.000046
1.000280
1.001362
1.004849
1.012060
1.020560
1.027343
1.031431
1.033411
1.034211
1.034488
1.034549
1.034415
1.033643
1.030776
1.023845
1.014644
1.007065
1.002738
1.000877
1.000238
1.000057
1.000013
1.000000
1.000000
1.000000
1.000000
1.000000
1.000000
1.000000
1.000000
1.000000
1.000000
1.000000
1.000000
1.000000
1.000000
1.000000
1.000000
1.000000
1.000021
1.000194
1.001171
1.005522
1.019172
1.046306
1.077786
1.103314
1.119387
1.127676
1.131287
1.132636
1.133012
1.132667
1.130257
1.120893
1.096723
1.061540
1.030417
1.011927
1.003837
1.001043
1.000246
1.000052
1.000012
1.000000
1.000000
1.000000
1.000000
1.000000
1.000000
1.000000
1.000000
1.000000
1.000000
1.000000
1.000000
1.000000
1.000000
1.000000
1.000010
1.000058
1.000432
1.002592
1.012115
1.041444
1.098447
1.164783
1.220426
1.257591
1.278287
1.288129
1.292177
1.293524
1.293148
1.288811
1.271094
1.222623
1.145746
1.073087
1.028649
1.009149
1.002466
1.000576
1.000120
1.000026
1.000005
1.000000
1.000000
1.000000
1.000000
1.000000
1.000000
1.000000
1.000000
1.000000
1.000000
1.000000
1.000000
1.000000
1.000000
1.000013
1.000090
1.000662
1.003989
1.018603
1.063389
1.150095
1.252877
1.342764
1.406513
1.444696
1.464378
1.473195
1.476511
1.476556
1.470629
1.445012
1.371652
1.247446
1.124399
1.048230
1.015164
1.004029
1.000929
1.000192
1.000039
1.000007
1.000000
1.000000
1.000000
1.000000
1.000000
1.000000
1.000000
1.000000
1.000000
1.000000
1.000000
1.000000
1.000000
1.000000
1.000013
1.000111
1.000824
1.004973
1.023255
1.079463
1.189145
1.322450
1.443911
1.534773
1.592663
1.624555
1.639863
1.646134
1.647120
1.640100
1.607798
1.512180
1.343151
1.171339
1.065307
1.020156
1.005271
1.001201
1.000244
1.000047
1.000008
1.000000
1.000000
1.000000
1.000000
1.000000
1.000000
1.000000
1.000000
1.000000
1.000000
1.000000
1.000000
1.000000
1.000000
1.000015
1.000125
1.000914
1.005515
1.025890
1.088920
1.213344
1.368220
1.514338
1.628460
1.704789
1.749054
1.771437
1.781165
1.783432
1.775739
1.738044
1.624021
1.417638
1.206133
1.077191
1.023429
1.006046
1.001364
1.000275
1.000051
1.000008
1.000000
1.000000
1.000000
1.000000
1.000000
1.000000
1.000000
1.000000
1.000000
1.000000
1.000000
1.000000
1.000000
1.000000
1.000015
1.000128
1.000951
1.005762
1.027127
1.093577
1.226067
1.394041
1.556683
1.687812
1.778680
1.833367
1.862063
1.875040
1.878604
1.870519
1.828694
1.700656
1.466748
1.227674
1.084044
1.025198
1.006444
1.001445
1.000290
1.000053
1.000009
1.000000
1.000000
1.000000
1.000000
1.000000
1.000000
1.000000
1.000000
1.000000
1.000000
1.000000
1.000000
1.000000
1.000000
1.000015
1.000129
1.000965
1.005859
1.027623
1.095549
1.231859
1.406727
1.578936
1.720733
1.821347
1.883414
1.916788
1.932264
1.936869
1.928550
1.883817
1.746184
1.494512
1.239028
1.087401
1.026010
1.006617
1.001478
1.000294
1.000054
1.000009
1.000000
1.000000
1.000000
1.000000
1.000000
1.000000
1.000000
1.000000
1.000000
1.000000
1.000000
1.000000
1.000000
1.000000
1.000015
1.000129
1.000969
1.005890
1.027794
1.096277
1.234170
1.412209
1.589236
1.736817
1.843033
1.909539
1.945830
1.962908
1.968195
1.959735
1.913173
1.769743
1.508097
1.244193
1.088820
1.026333
1.006683
1.001489
1.000296
1.000054
1.000009
1.000000
1.000000
1.000000
1.000000
1.000000
1.000000
1.000000
1.000000
1.000000
1.000000
1.000000
1.000000
1.000000
1.000000
1.000015
1.000129
1.000969
1.005897
1.027834
1.096477
1.234921
1.414216
1.593350
1.743649
1.852642
1.921436
1.959272
1.977217
1.982876
1.974329
1.926746
1.780242
1.513726
1.246130
1.089295
1.026428
1.006700
1.001492
1.000296
1.000054
1.000009
1.000000
1.000000
1.000000
1.000000
1.000000
1.000000
1.000000
1.000000
1.000000
1.000000
1.000000
1.000000
1.000000
1.000000
1.000015
1.000129
1.000965
1.005870
1.027719
1.096165
1.234445
1.413879
1.593584
1.744812
1.854853
1.924554
1.963019
1.981317
1.987119
1.978492
1.930337
1.782291
1.513878
1.245584
1.088938
1.026295
1.006660
1.001482
1.000294
1.000053
1.000009
1.000000
1.000000
1.000000
1.000000
1.000000
1.000000
1.000000
1.000000
1.000000
1.000000
1.000000
1.000000
1.000000
1.000000
1.000015
1.000123
1.000925
1.005659
1.026824
1.093517
1.229265
1.406351
1.584260
1.734207
1.843352
1.912436
1.950495
1.968546
1.974180
1.965291
1.916429
1.767220
1.499997
1.237049
1.085418
1.025191
1.006373
1.001417
1.000280
1.000051
1.000008
1.000000
1.000000
1.000000
1.000000
1.000000
1.000000
1.000000
1.000000
1.000000
1.000000
1.000000
1.000000
1.000000
1.000000
1.000012
1.000106
1.000780
1.004813
1.023106
1.082053
1.205563
1.369987
1.536801
1.677560
1.779431
1.843197
1.877792
1.893859
1.898402
1.888556
1.838102
1.688751
1.435129
1.200517
1.071101
1.020817
1.005248
1.001164
1.000231
1.000041
1.000006
1.000000
1.000000
1.000000
1.000000
1.000000
1.000000
1.000000
1.000000
1.000000
1.000000
1.000000
1.000000
1.000000
1.000000
1.000007
1.000069
1.000537
1.003354
1.016396
1.059804
1.154874
1.285529
1.419738
1.532306
1.612055
1.660350
1.685494
1.696549
1.698743
1.687995
1.639336
1.505623
1.303125
1.134665
1.047064
1.013732
1.003459
1.000765
1.000151
1.000026
1.000003
1.000000
1.000000
1.000000
1.000000
1.000000
1.000000
1.000000
1.000000
1.000000
1.000000
1.000000
1.000000
1.000000
1.000000
1.000001
1.000037
1.000299
1.001882
1.009341
1.034866
1.092854
1.174215
1.257456
1.325357
1.371250
1.397427
1.410170
1.415293
1.415446
1.406604
1.370851
1.281162
1.161337
1.070268
1.024530
1.007190
1.001819
1.000404
1.000078
1.000012
1.000000
1.000000
1.000000
1.000000
1.000000
1.000000
1.000000
1.000000
1.000000
1.000000
1.000000
1.000000
1.000000
1.000000
1.000000
1.000000
1.000017
1.000134
1.000858
1.004314
1.016336
1.044148
1.083071
1.121762
1.151731
1.170662
1.180676
1.185183
1.186804
1.186411
1.181564
1.163313
1.120474
1.067783
1.029488
1.010376
1.003067
1.000780
1.000173
1.000034
1.000004
1.000000
1.000000
1.000000
1.000000
1.000000
1.000000
1.000000
1.000000
1.000000
1.000000
1.000000
1.000000
1.000000
1.000000
1.000000
1.000000
1.000003
1.000047
1.000325
1.001651
1.006302
1.017104
1.031951
1.046103
1.056420
1.062493
1.065472
1.066716
1.067112
1.066862
1.064943
1.057993
1.042255
1.023677
1.010364
1.003682
1.001096
1.000280
1.000060
1.000011
1.000000
1.000000
1.000000
1.000000
1.000000
1.000000
1.000000
1.000000
1.000000
1.000000
1.000000
1.000000
1.000000
1.000000
1.000000
1.000000
1.000000
1.000000
1.000015
1.000105
1.000536
1.002055
1.005574
1.010303
1.014627
1.017609
1.019257
1.020015
1.020311
1.020395
1.020299
1.019690
1.017526
1.012710
1.007130
1.003141
1.001124
1.000336
1.000085
1.000017
1.000001
1.000000
1.000000
1.000000
1.000000
1.000000
1.000000
1.000000
1.000000
1.000000
1.000000
1.000000
1.000000
1.000000
1.000000
1.000000
1.000000
1.000000
1.000000
1.000002
1.000026
1.000149
1.000578
1.001566
1.002868
1.004015
1.004771
1.005168
1.005341
1.005405
1.005424
1.005394
1.005227
1.004646
1.003363
1.001890
1.000836
1.000300
1.000089
1.000021
1.000003
1.000000
1.000000
1.000000
1.000000
1.000000
1.000000
1.000000
1.000000
1.000000
1.000000
1.000000
1.000000
1.000000
1.000000
1.000000
1.000000
1.000000
1.000000
1.000000
1.000000
1.000005
1.000035
1.000141
1.000386
1.000702
1.000973
1.001144
1.001230
1.001267
1.001281
1.001284
1.001275
1.001236
1.001098
1.000794
1.000446
1.000197
1.000070
1.000019
1.000003
1.000000
1.000000
1.000000
1.000000
1.000000
1.000000
1.000000
1.000000
1.000000
1.000000
1.000000
1.000000
1.000000
1.000000
1.000000
1.000000
1.000000
1.000000
1.000000
1.000000
1.000000
1.000000
1.000006
1.000029
1.000083
1.000152
1.000208
1.000244
1.000262
1.000271
1.000272
1.000273
1.000271
1.000263
1.000233
1.000168
1.000094
1.000042
1.000013
1.000001
1.000000
1.000000
1.000000
1.000000
1.000000
1.000000
1.000000
1.000000
1.000000
1.000000
1.000000
1.000000
1.000000
1.000000
1.000000
1.000000
1.000000
1.000000
1.000000
1.000000
1.000000
1.000000
1.000000
1.000000
1.000004
1.000014
1.000029
1.000041
1.000047
1.000050
1.000051
1.000051
1.000051
1.000051
1.000049
1.000043
1.000030
1.000014
1.000005
1.000000
1.000000
1.000000
1.000000
1.000000
1.000000
1.000000
1.000000
1.000000
1.000000
1.000000
1.000000
1.000000
1.000000
1.000000
1.000000
1.000000
1.000000
1.000000
1.000000
1.000000
1.000000
1.000000
1.000000
1.000000
1.000000
1.000000
1.000000
1.000004
1.000005
1.000006
1.000006
1.000006
1.000006
1.000006
1.000006
1.000006
1.000005
1.000003
1.000000
1.000000
1.000000
1.000000
1.000000
1.000000
1.000000
1.000000
1.000000
1.000000
1.000000
1.000000
1.000000
1.000000
1.000000
1.000000
1.000000
1.000000
1.000000
1.000000
1.000000
1.000000
1.000000
1.000000
1.000000
1.000000
1.000000
1.000000
1.000000
1.000000
1.000000
1.000000
1.000000
1.000000
1.000000
1.000000
1.000000
1.000000
1.000000
1.000000
1.000000
1.000000
1.000000
1.000000
1.000000
1.000000
1.000000
1.000000
1.000000
1.000000
1.000000
1.000000
1.000000
1.000000
1.000000
1.000000
1.000000
1.000000
1.000000
1.000000
1.000000
1.000000
1.000000
1.000000
1.000000
1.000000
1.000000
1.000000
1.000000
1.000000
1.000000
1.000000
1.000000
1.000000
1.000000
1.000000
1.000000
1.000000
1.000000
1.000000
1.000000
1.000000
1.000000
1.000000
1.000000
1.000000
1.000000
1.000000
1.000000
1.000000
1.000000
1.000000
1.000000
1.000000
1.000000
1.000000
1.000000
1.000000
1.000000
1.000000
1.000000
1.000000
1.000000
1.000000
1.000000
1.000000
1.000000
1.000000
1.000000
1.000000
1.000000
1.000000
1.000000
1.000000
1.000000
1.000000
1.000000
1.000000
1.000000
1.000000
1.000000
1.000000
1.000000
1.000000
1.000000
1.000000
1.000000
1.000000
1.000000
1.000000
1.000000
1.000000
1.000000
1.000000
1.000000
1.000000
1.000000
1.000000
1.000000
1.000000
1.000000
1.000000
1.000000
1.000000
1.000000
1.000000
1.000000
1.000000
1.000000
1.000000
1.000000
1.000000
1.000000
1.000000
1.000000
1.000000
1.000000
1.000000
1.000000
1.000000
1.000000
1.000000
1.000000
1.000000
1.000000
1.000000
1.000000
1.000000
1.000000
1.000000
1.000000
1.000000
1.000000
1.000000
1.000000
1.000000
1.000000
1.000000
1.000000
1.000000
1.000000
1.000000
1.000000
1.000000
1.000000
1.000000
1.000000
1.000000
1.000000
1.000000
1.000000
1.000000
1.000000
1.000000
1.000000
1.000000
1.000000
1.000000
1.000000
1.000000
1.000000
1.000000
1.000000
1.000000
1.000000
1.000000
1.000000
1.000000
1.000000
1.000000
1.000000
1.000000
1.000000
1.000000
1.000000
1.000000
1.000000
1.000000
1.000000
1.000000
1.000000
1.000000
1.000000
1.000000
1.000000
1.000000
1.000000
1.000000
1.000000
1.000000
1.000000
1.000000
1.000000
1.000000
1.000000
1.000000
1.000000
1.000000
1.000000
1.000000
1.000000
1.000000
1.000000
1.000000
1.000000
1.000000
1.000000
1.000000
1.000000
1.000000
1.000000
1.000000
1.000000
1.000000
1.000000
1.000000
1.000000
1.000000
1.000000
1.000000
1.000000
1.000000
1.000000
1.000000
1.000000
1.000000
1.000000
1.000000
1.000000
1.000000
1.000000
1.000000
1.000000
1.000000
1.000000
1.000000
1.000000
1.000000
1.000000
1.000000
1.000000
1.000000
1.000000
1.000000
1.000000
1.000000
1.000000
1.000000
1.000000
1.000000
1.000000
1.000000
1.000000
1.000000
1.000000
1.000000
1.000000
1.000000
1.000000
1.000000
1.000000
1.000000
1.000000
1.000000
1.000000
1.000000
1.000000
1.000000
1.000000
1.000000
1.000000
1.000000
1.000000
1.000000
1.000000
1.000000
1.000000
1.000000
1.000000
1.000000
1.000000
1.000000
1.000000
1.000000
1.000000
1.000000
1.000000
1.000000
1.000000
1.000000
1.000000
1.000000
1.000000
1.000000
1.000000
1.000000
1.000000
1.000000
1.000000
1.000000
1.000000
1.000000
1.000000
1.000000
1.000000
1.000000
1.000000
1.000000
1.000000
1.000000
1.000000
1.000000
1.000000
1.000000
1.000000
1.000000
1.000000
1.000000
1.000000
1.000000
1.000000
1.000000
1.000000
1.000000
1.000000
1.000000
1.000000
1.000000
1.000000
1.000000
1.000000
1.000000
1.000000
1.000000
1.000000
1.000000
1.000000
1.000000
1.000000
1.000000
1.000000
1.000000
1.000000
1.000000
1.000000
1.000000
1.000000
1.000000
