1.000000
1.000000
1.000000
1.000000
1.000000
1.000000
1.000000
1.000000
1.000000
1.000000
1.000000
1.000000
1.000000
1.000000
1.000000
1.000000
1.000000
1.000000
1.000000
1.000000
1.000000
1.000000
1.000000
1.000000
1.000000
1.000000
1.000000
1.000000
1.000000
1.000000
1.000000
1.000000
1.000000
1.000000
1.000000
1.000000
1.000000
1.000000
1.000000
1.000000
1.000000
1.000000
1.000000
1.000000
1.000000
1.000000
1.000000
1.000000
1.000000
1.000000
1.000000
1.000000
1.000000
1.000000
1.000000
1.000000
1.000000
1.000000
1.000000
1.000000
1.000000
1.000000
1.000000
1.000000
1.000000
1.000000
1.000000
1.000000
1.000000
1.000000
1.000000
1.000000
1.000000
1.000000
1.000000
1.000000
1.000000
1.000000
1.000000
1.000000
1.000000
1.000000
1.000000
1.000000
1.000000
1.000000
1.000000
1.000000
1.000000
1.000000
1.000000
1.000000
1.000000
1.000000
1.000000
1.000000
1.000000
1.000000
1.000000
1.000000
1.000000
1.000000
1.000000
1.000000
1.000000
1.000000
1.000000
1.000000
1.000000
1.000000
1.000000
1.000000
1.000000
1.000000
1.000000
1.000000
1.000000
1.000000
1.000000
1.000000
1.000000
1.000000
1.000000
1.000000
1.000000
1.000000
1.000000
1.000000
1.000000
1.000000
1.000000
1.000000
1.000000
1.000000
1.000000
1.000000
1.000000
1.000000
1.000000
1.000000
1.000000
1.000000
1.000000
1.000000
1.000000
1.000000
1.000000
1.000000
1.000000
1.000000
1.000000
1.000000
1.000000
1.000000
1.000000
1.000000
1.000000
1.000000
1.000000
1.000000
1.000000
1.000000
1.000000
1.000000
1.000000
1.000000
1.000000
1.000000
1.000000
1.000000
1.000000
1.000000
1.000000
1.000000
1.000000
1.000000
1.000000
1.000000
1.000000
1.000000
1.000000
1.000000
1.000000
1.000000
1.000000
1.000000
1.000000
1.000000
1.000000
1.000000
1.000000
1.000000
1.000000
1.000000
1.000000
1.000000
1.000000
1.000000
1.000000
1.000000
1.000000
1.000000
1.000000
1.000000
1.000000
1.000000
1.000000
1.000000
1.000000
1.000000
1.000000
1.000000
1.000000
1.000000
1.000000
1.000000
1.000000
1.000000
1.000000
1.000000
1.000000
1.000000
1.000000
1.000000
1.000000
1.000000
1.000000
1.000000
1.000000
1.000000
1.000000
1.000000
1.000000
1.000000
1.000000
1.000000
1.000000
1.000000
1.000000
1.000000
1.000000
1.000000
1.000000
1.000000
1.000000
1.000000
1.000000
1.000000
1.000000
1.000000
1.000000
1.000000
1.000000
1.000000
1.000000
1.000007
1.000013
1.000027
1.000040
1.000042
1.000044
1.000045
1.000045
1.000045
1.000045
1.000044
1.000040
1.000027
1.000014
1.000005
1.000000
1.000000
1.000000
1.000000
1.000000
1.000000
1.000000
1.000000
1.000000
1.000000
1.000000
1.000000
1.000000
1.000000
1.000000
1.000000
1.000000
1.000000
1.000000
1.000000
1.000000
1.000000
1.000000
1.000000
1.000000
1.000013
1.000081
1.000210
1.000365
1.000480
1.000539
1.000567
1.000577
1.000580
1.000581
1.000577
1.000563
1.000504
1.000372
1.000211
1.000092
1.000036
1.000013
1.000000
1.000000
1.000000
1.000000
1.000000
1.000000
1.000000
1.000000
1.000000
1.000000
1.000000
1.000000
1.000000
1.000000
1.000000
1.000000
1.000000
1.000000
1.000000
1.000000
1.000000
1.000001
1.000035
1.000204
1.000769
1.002004
1.003436
1.004520
1.005125
1.005391
1.005487
1.005518
1.005528
1.005501
1.005364
1.004843
1.003600
1.002079
1.000938
1.000340
1.000102
1.000027
1.000006
1.000000
1.000000
1.000000
1.000000
1.000000
1.000000
1.000000
1.000000
1.000000
1.000000
1.000000
1.000000
1.000000
1.000000
1.000000
1.000000
1.000000
1.000000
1.000005
1.000041
1.000269
1.001384
1.005151
1.013157
1.022380
1.029453
1.033523
1.035397
1.036116
1.036351
1.036397
1.036261
1.035457
1.032333
1.024555
1.014513
1.006656
1.002435
1.000733
1.000187
1.000043
1.000009
1.000000
1.000000
1.000000
1.000000
1.000000
1.000000
1.000000
1.000000
1.000000
1.000000
1.000000
1.000000
1.000000
1.000000
1.000000
1.000000
1.000000
1.000018
1.000181
1.001168
1.005814
1.021079
1.052157
1.087425
1.115038
1.131732
1.139970
1.143392
1.144609
1.144924
1.144549
1.141958
1.131428
1.103369
1.063397
1.029774
1.011011
1.003331
1.000849
1.000188
1.000037
1.000009
1.000000
1.000000
1.000000
1.000000
1.000000
1.000000
1.000000
1.000000
1.000000
1.000000
1.000000
1.000000
1.000000
1.000000
1.000000
1.000007
1.000050
1.000401
1.002555
1.012608
1.045073
1.109710
1.183572
1.243738
1.282574
1.303392
1.312883
1.316613
1.317786
1.317321
1.312644
1.292737
1.236540
1.149161
1.070866
1.026127
1.007829
1.001979
1.000434
1.000084
1.000017
1.000002
1.000000
1.000000
1.000000
1.000000
1.000000
1.000000
1.000000
1.000000
1.000000
1.000000
1.000000
1.000000
1.000000
1.000000
1.000011
1.000077
1.000603
1.003851
1.018986
1.067685
1.164435
1.277497
1.373951
1.440344
1.478755
1.497787
1.505947
1.508862
1.508699
1.502271
1.473586
1.389028
1.248923
1.118105
1.042943
1.012654
1.003151
1.000683
1.000132
1.000025
1.000004
1.000000
1.000000
1.000000
1.000000
1.000000
1.000000
1.000000
1.000000
1.000000
1.000000
1.000000
1.000000
1.000000
1.000000
1.000012
1.000093
1.000738
1.004714
1.023322
1.083454
1.204047
1.348904
1.477986
1.571894
1.629753
1.660400
1.674473
1.679949
1.680510
1.672807
1.636737
1.527229
1.338535
1.158987
1.056736
1.016410
1.004025
1.000862
1.000164
1.000030
1.000005
1.000000
1.000000
1.000000
1.000000
1.000000
1.000000
1.000000
1.000000
1.000000
1.000000
1.000000
1.000000
1.000000
1.000000
1.000012
1.000103
1.000805
1.005163
1.025645
1.092261
1.227481
1.393989
1.547730
1.664526
1.740029
1.782076
1.802373
1.810735
1.812264
1.803690
1.761735
1.632123
1.404502
1.187402
1.065696
1.018708
1.004533
1.000962
1.000182
1.000033
1.000005
1.000000
1.000000
1.000000
1.000000
1.000000
1.000000
1.000000
1.000000
1.000000
1.000000
1.000000
1.000000
1.000000
1.000000
1.000013
1.000105
1.000831
1.005356
1.026673
1.096367
1.239207
1.418303
1.587914
1.720789
1.809641
1.860876
1.886472
1.897410
1.899874
1.890725
1.844392
1.700088
1.445287
1.203787
1.070496
1.019861
1.004776
1.001007
1.000190
1.000034
1.000005
1.000000
1.000000
1.000000
1.000000
1.000000
1.000000
1.000000
1.000000
1.000000
1.000000
1.000000
1.000000
1.000000
1.000000
1.000013
1.000106
1.000842
1.005428
1.027061
1.098009
1.244272
1.429678
1.608055
1.750543
1.847907
1.905310
1.934616
1.947420
1.950586
1.941069
1.891798
1.737984
1.466770
1.211793
1.072673
1.020351
1.004875
1.001024
1.000192
1.000034
1.000005
1.000000
1.000000
1.000000
1.000000
1.000000
1.000000
1.000000
1.000000
1.000000
1.000000
1.000000
1.000000
1.000000
1.000000
1.000013
1.000106
1.000844
1.005449
1.027188
1.098581
1.246184
1.434344
1.616910
1.764339
1.866326
1.927225
1.958701
1.972623
1.976218
1.966480
1.915474
1.756291
1.476523
1.215162
1.073524
1.020532
1.004909
1.001029
1.000192
1.000034
1.000005
1.000000
1.000000
1.000000
1.000000
1.000000
1.000000
1.000000
1.000000
1.000000
1.000000
1.000000
1.000000
1.000000
1.000000
1.000013
1.000106
1.000844
1.005453
1.027211
1.098720
1.246754
1.435939
1.620232
1.769848
1.873989
1.936575
1.969123
1.983608
1.987419
1.977560
1.925651
1.763822
1.480210
1.216295
1.073773
1.020577
1.004916
1.001030
1.000192
1.000034
1.000005
1.000000
1.000000
1.000000
1.000000
1.000000
1.000000
1.000000
1.000000
1.000000
1.000000
1.000000
1.000000
1.000000
1.000000
1.000012
1.000105
1.000840
1.005427
1.027092
1.098369
1.246158
1.435340
1.619986
1.770230
1.875072
1.938237
1.971162
1.985843
1.989721
1.979772
1.927385
1.764331
1.479512
1.215531
1.073413
1.020461
1.004886
1.001023
1.000191
1.000033
1.000005
1.000000
1.000000
1.000000
1.000000
1.000000
1.000000
1.000000
1.000000
1.000000
1.000000
1.000000
1.000000
1.000000
1.000000
1.000012
1.000100
1.000803
1.005220
1.026155
1.095448
1.240271
1.426644
1.609054
1.757608
1.861208
1.923511
1.955892
1.970269
1.973964
1.963773
1.910763
1.746939
1.464645
1.207230
1.070271
1.019544
1.004661
1.000975
1.000182
1.000032
1.000005
1.000000
1.000000
1.000000
1.000000
1.000000
1.000000
1.000000
1.000000
1.000000
1.000000
1.000000
1.000000
1.000000
1.000000
1.000009
1.000084
1.000665
1.004354
1.022118
1.082358
1.212398
1.383414
1.552353
1.689827
1.784866
1.841178
1.869886
1.882302
1.884999
1.873963
1.819696
1.657626
1.395084
1.171176
1.057179
1.015801
1.003757
1.000785
1.000147
1.000024
1.000003
1.000000
1.000000
1.000000
1.000000
1.000000
1.000000
1.000000
1.000000
1.000000
1.000000
1.000000
1.000000
1.000000
1.000000
1.000004
1.000053
1.000439
1.002922
1.015115
1.057878
1.154617
1.285912
1.416778
1.522012
1.592699
1.632903
1.652425
1.660339
1.661152
1.649878
1.599633
1.460898
1.262355
1.109955
1.036321
1.010019
1.002380
1.000495
1.000091
1.000014
1.000000
1.000000
1.000000
1.000000
1.000000
1.000000
1.000000
1.000000
1.000000
1.000000
1.000000
1.000000
1.000000
1.000000
1.000000
1.000000
1.000027
1.000232
1.001558
1.008184
1.032055
1.088024
1.165216
1.241251
1.300146
1.337529
1.357391
1.366351
1.369632
1.369216
1.360866
1.326802
1.240705
1.131699
1.054417
1.018008
1.004993
1.001192
1.000248
1.000046
1.000005
1.000000
1.000000
1.000000
1.000000
1.000000
1.000000
1.000000
1.000000
1.000000
1.000000
1.000000
1.000000
1.000000
1.000000
1.000000
1.000000
1.000011
1.000097
1.000670
1.003565
1.014156
1.039382
1.073883
1.106642
1.130545
1.144635
1.151549
1.154424
1.155354
1.154886
1.150761
1.134826
1.096857
1.052209
1.021620
1.007218
1.002017
1.000484
1.000100
1.000018
1.000001
1.000000
1.000000
1.000000
1.000000
1.000000
1.000000
1.000000
1.000000
1.000000
1.000000
1.000000
1.000000
1.000000
1.000000
1.000000
1.000000
1.000000
1.000032
1.000239
1.001283
1.005129
1.014313
1.026600
1.037734
1.045356
1.049532
1.051432
1.052165
1.052372
1.052153
1.050654
1.045027
1.032012
1.017227
1.007185
1.002421
1.000681
1.000163
1.000033
1.000004
1.000000
1.000000
1.000000
1.000000
1.000000
1.000000
1.000000
1.000000
1.000000
1.000000
1.000000
1.000000
1.000000
1.000000
1.000000
1.000000
1.000000
1.000000
1.000011
1.000072
1.000390
1.001569
1.004372
1.008032
1.011207
1.013261
1.014319
1.014770
1.014933
1.014974
1.014902
1.014459
1.012820
1.009080
1.004895
1.002054
1.000697
1.000196
1.000046
1.000008
1.000000
1.000000
1.000000
1.000000
1.000000
1.000000
1.000000
1.000000
1.000000
1.000000
1.000000
1.000000
1.000000
1.000000
1.000000
1.000000
1.000000
1.000000
1.000000
1.000000
1.000017
1.000101
1.000413
1.001150
1.002094
1.002881
1.003369
1.003607
1.003703
1.003737
1.003747
1.003726
1.003612
1.003200
1.002263
1.001222
1.000514
1.000175
1.000049
1.000010
1.000000
1.000000
1.000000
1.000000
1.000000
1.000000
1.000000
1.000000
1.000000
1.000000
1.000000
1.000000
1.000000
1.000000
1.000000
1.000000
1.000000
1.000000
1.000000
1.000000
1.000000
1.000002
1.000021
1.000094
1.000265
1.000479
1.000653
1.000756
1.000805
1.000825
1.000832
1.000833
1.000828
1.000803
1.000710
1.000502
1.000271
1.000113
1.000039
1.000009
1.000000
1.000000
1.000000
1.000000
1.000000
1.000000
1.000000
1.000000
1.000000
1.000000
1.000000
1.000000
1.000000
1.000000
1.000000
1.000000
1.000000
1.000000
1.000000
1.000000
1.000000
1.000000
1.000000
1.000003
1.000016
1.000053
1.000095
1.000131
1.000151
1.000161
1.000165
1.000165
1.000165
1.000164
1.000160
1.000141
1.000099
1.000054
1.000021
1.000005
1.000000
1.000000
1.000000
1.000000
1.000000
1.000000
1.000000
1.000000
1.000000
1.000000
1.000000
1.000000
1.000000
1.000000
1.000000
1.000000
1.000000
1.000000
1.000000
1.000000
1.000000
1.000000
1.000000
1.000000
1.000000
1.000001
1.000008
1.000015
1.000023
1.000026
1.000028
1.000028
1.000028
1.000028
1.000028
1.000027
1.000023
1.000014
1.000006
1.000002
1.000000
1.000000
1.000000
1.000000
1.000000
1.000000
1.000000
1.000000
1.000000
1.000000
1.000000
1.000000
1.000000
1.000000
1.000000
1.000000
1.000000
1.000000
1.000000
1.000000
1.000000
1.000000
1.000000
1.000000
1.000000
1.000000
1.000000
1.000000
1.000001
1.000002
1.000003
1.000003
1.000003
1.000003
1.000003
1.000003
1.000003
1.000002
1.000000
1.000000
1.000000
1.000000
1.000000
1.000000
1.000000
1.000000
1.000000
1.000000
1.000000
1.000000
1.000000
1.000000
1.000000
1.000000
1.000000
1.000000
1.000000
1.000000
1.000000
1.000000
1.000000
1.000000
1.000000
1.000000
1.000000
1.000000
1.000000
1.000000
1.000000
1.000000
1.000000
1.000000
1.000000
1.000000
1.000000
1.000000
1.000000
1.000000
1.000000
1.000000
1.000000
1.000000
1.000000
1.000000
1.000000
1.000000
1.000000
1.000000
1.000000
1.000000
1.000000
1.000000
1.000000
1.000000
1.000000
1.000000
1.000000
1.000000
1.000000
1.000000
1.000000
1.000000
1.000000
1.000000
1.000000
1.000000
1.000000
1.000000
1.000000
1.000000
1.000000
1.000000
1.000000
1.000000
1.000000
1.000000
1.000000
1.000000
1.000000
1.000000
1.000000
1.000000
1.000000
1.000000
1.000000
1.000000
1.000000
1.000000
1.000000
1.000000
1.000000
1.000000
1.000000
1.000000
1.000000
1.000000
1.000000
1.000000
1.000000
1.000000
1.000000
1.000000
1.000000
1.000000
1.000000
1.000000
1.000000
1.000000
1.000000
1.000000
1.000000
1.000000
1.000000
1.000000
1.000000
1.000000
1.000000
1.000000
1.000000
1.000000
1.000000
1.000000
1.000000
1.000000
1.000000
1.000000
1.000000
1.000000
1.000000
1.000000
1.000000
1.000000
1.000000
1.000000
1.000000
1.000000
1.000000
1.000000
1.000000
1.000000
1.000000
1.000000
1.000000
1.000000
1.000000
1.000000
1.000000
1.000000
1.000000
1.000000
1.000000
1.000000
1.000000
1.000000
1.000000
1.000000
1.000000
1.000000
1.000000
1.000000
1.000000
1.000000
1.000000
1.000000
1.000000
1.000000
1.000000
1.000000
1.000000
1.000000
1.000000
1.000000
1.000000
1.000000
1.000000
1.000000
1.000000
1.000000
1.000000
1.000000
1.000000
1.000000
1.000000
1.000000
1.000000
1.000000
1.000000
1.000000
1.000000
1.000000
1.000000
1.000000
1.000000
1.000000
1.000000
1.000000
1.000000
1.000000
1.000000
1.000000
1.000000
1.000000
1.000000
1.000000
1.000000
1.000000
1.000000
1.000000
1.000000
1.000000
1.000000
1.000000
1.000000
1.000000
1.000000
1.000000
1.000000
1.000000
1.000000
1.000000
1.000000
1.000000
1.000000
1.000000
1.000000
1.000000
1.000000
1.000000
1.000000
1.000000
1.000000
1.000000
1.000000
1.000000
1.000000
1.000000
1.000000
1.000000
1.000000
1.000000
1.000000
1.000000
1.000000
1.000000
1.000000
1.000000
1.000000
1.000000
1.000000
1.000000
1.000000
1.000000
1.000000
1.000000
1.000000
1.000000
1.000000
1.000000
1.000000
1.000000
1.000000
1.000000
1.000000
1.000000
1.000000
1.000000
1.000000
1.000000
1.000000
1.000000
1.000000
1.000000
1.000000
1.000000
1.000000
1.000000
1.000000
1.000000
1.000000
1.000000
1.000000
1.000000
1.000000
1.000000
1.000000
1.000000
1.000000
1.000000
1.000000
1.000000
1.000000
1.000000
1.000000
1.000000
1.000000
1.000000
1.000000
1.000000
1.000000
1.000000
1.000000
1.000000
1.000000
1.000000
1.000000
1.000000
1.000000
1.000000
1.000000
1.000000
1.000000
1.000000
1.000000
1.000000
1.000000
1.000000
1.000000
1.000000
1.000000
1.000000
1.000000
1.000000
1.000000
1.000000
1.000000
1.000000
1.000000
1.000000
1.000000
1.000000
1.000000
1.000000
1.000000
1.000000
1.000000
1.000000
1.000000
1.000000
1.000000
1.000000
1.000000
1.000000
1.000000
1.000000
1.000000
1.000000
1.000000
1.000000
1.000000
1.000000
1.000000
1.000000
1.000000
1.000000
1.000000
1.000000
1.000000
1.000000
1.000000
1.000000
1.000000
1.000000
1.000000
1.000000
1.000000
1.000000
1.000000
1.000000
1.000000
1.000000
1.000000
1.000000
1.000000
1.000000
1.000000
1.000000
1.000000
1.000000
1.000000
1.000000
1.000000
1.000000
1.000000
1.000000
1.000000
1.000000
1.000000
