1.000000
1.000000
1.000000
1.000000
1.000000
1.000000
1.000000
1.000000
1.000000
1.000000
1.000000
1.000000
1.000000
1.000000
1.000000
1.000000
1.000000
1.000000
1.000000
1.000000
1.000000
1.000000
1.000000
1.000000
1.000000
1.000000
1.000000
1.000000
1.000000
1.000000
1.000000
1.000000
1.000000
1.000000
1.000000
1.000000
1.000000
1.000000
1.000000
1.000000
1.000000
1.000000
1.000000
1.000000
1.000000
1.000000
1.000000
1.000000
1.000000
1.000000
1.000000
1.000000
1.000000
1.000000
1.000000
1.000000
1.000000
1.000000
1.000000
1.000000
1.000000
1.000000
1.000000
1.000000
1.000000
1.000000
1.000000
1.000000
1.000000
1.000000
1.000000
1.000000
1.000000
1.000000
1.000000
1.000000
1.000000
1.000000
1.000000
1.000000
1.000000
1.000000
1.000000
1.000000
1.000000
1.000000
1.000000
1.000000
1.000000
1.000000
1.000000
1.000000
1.000000
1.000000
1.000000
1.000000
1.000000
1.000000
1.000000
1.000000
1.000000
1.000000
1.000000
1.000000
1.000000
1.000000
1.000000
1.000000
1.000000
1.000000
1.000000
1.000000
1.000000
1.000000
1.000000
1.000000
1.000000
1.000000
1.000000
1.000000
1.000000
1.000000
1.000000
1.000000
1.000000
1.000000
1.000000
1.000000
1.000000
1.000000
1.000000
1.000000
1.000000
1.000000
1.000000
1.000000
1.000000
1.000000
1.000000
1.000000
1.000000
1.000000
1.000000
1.000000
1.000000
1.000000
1.000000
1.000000
1.000000
1.000000
1.000000
1.000000
1.000000
1.000000
1.000000
1.000000
1.000000
1.000000
1.000000
1.000000
1.000000
1.000000
1.000000
1.000000
1.000000
1.000000
1.000000
1.000000
1.000000
1.000000
1.000000
1.000000
1.000000
1.000000
1.000000
1.000000
1.000000
1.000000
1.000000
1.000000
1.000000
1.000000
1.000000
1.000000
1.000000
1.000000
1.000000
1.000000
1.000000
1.000000
1.000000
1.000000
1.000000
1.000000
1.000000
1.000000
1.000000
1.000000
1.000000
1.000000
1.000000
1.000000
1.000000
1.000000
1.000000
1.000000
1.000000
1.000000
1.000000
1.000000
1.000000
1.000000
1.000000
1.000000
1.000000
1.000000
1.000000
1.000000
1.000000
1.000000
1.000000
1.000000
1.000000
1.000000
1.000000
1.000000
1.000000
1.000000
1.000000
1.000000
1.000000
1.000000
1.000000
1.000000
1.000000
1.000000
1.000000
1.000000
1.000000
1.000000
1.000000
1.000000
1.000000
1.000000
1.000000
1.000000
1.000000
1.000000
1.000000
1.000000
1.000000
1.000000
1.000000
1.000000
1.000000
1.000010
1.000013
1.000027
1.000040
1.000054
1.000057
1.000057
1.000058
1.000058
1.000057
1.000056
1.000048
1.000038
1.000024
1.000011
1.000000
1.000000
1.000000
1.000000
1.000000
1.000000
1.000000
1.000000
1.000000
1.000000
1.000000
1.000000
1.000000
1.000000
1.000000
1.000000
1.000000
1.000000
1.000000
1.000000
1.000000
1.000000
1.000000
1.000000
1.000000
1.000013
1.000085
1.000215
1.000381
1.000511
1.000590
1.000629
1.000643
1.000650
1.000652
1.000648
1.000631
1.000567
1.000435
1.000266
1.000132
1.000055
1.000020
1.000006
1.000000
1.000000
1.000000
1.000000
1.000000
1.000000
1.000000
1.000000
1.000000
1.000000
1.000000
1.000000
1.000000
1.000000
1.000000
1.000000
1.000000
1.000000
1.000000
1.000000
1.000007
1.000046
1.000215
1.000750
1.001850
1.003190
1.004289
1.004967
1.005301
1.005437
1.005482
1.005498
1.005469
1.005327
1.004845
1.003754
1.002340
1.001166
1.000474
1.000161
1.000048
1.000012
1.000000
1.000000
1.000000
1.000000
1.000000
1.000000
1.000000
1.000000
1.000000
1.000000
1.000000
1.000000
1.000000
1.000000
1.000000
1.000000
1.000000
1.000000
1.000011
1.000051
1.000290
1.001328
1.004526
1.010977
1.018745
1.025187
1.029251
1.031320
1.032202
1.032524
1.032602
1.032474
1.031741
1.029135
1.023001
1.014653
1.007427
1.003047
1.001037
1.000301
1.000075
1.000017
1.000003
1.000000
1.000000
1.000000
1.000000
1.000000
1.000000
1.000000
1.000000
1.000000
1.000000
1.000000
1.000000
1.000000
1.000000
1.000000
1.000000
1.000024
1.000203
1.001163
1.005204
1.017321
1.040889
1.068804
1.092237
1.107590
1.115864
1.119641
1.121125
1.121569
1.121263
1.119042
1.110775
1.090066
1.059340
1.030822
1.012803
1.004381
1.001270
1.000318
1.000069
1.000017
1.000002
1.000000
1.000000
1.000000
1.000000
1.000000
1.000000
1.000000
1.000000
1.000000
1.000000
1.000000
1.000000
1.000000
1.000000
1.000013
1.000066
1.000460
1.002604
1.011537
1.037827
1.087815
1.147002
1.198100
1.233397
1.253807
1.263924
1.268274
1.269804
1.269534
1.265556
1.249900
1.208326
1.141273
1.074641
1.031086
1.010578
1.003041
1.000757
1.000167
1.000036
1.000008
1.000000
1.000000
1.000000
1.000000
1.000000
1.000000
1.000000
1.000000
1.000000
1.000000
1.000000
1.000000
1.000000
1.000000
1.000013
1.000106
1.000721
1.004090
1.018068
1.058939
1.136220
1.229071
1.312257
1.372998
1.410626
1.430779
1.440199
1.443924
1.444206
1.438812
1.416103
1.352832
1.243781
1.129608
1.053560
1.017973
1.005097
1.001253
1.000275
1.000055
1.000011
1.000000
1.000000
1.000000
1.000000
1.000000
1.000000
1.000000
1.000000
1.000000
1.000000
1.000000
1.000000
1.000000
1.000000
1.000016
1.000131
1.000914
1.005198
1.023002
1.075172
1.174439
1.296385
1.409889
1.497095
1.554460
1.587270
1.603702
1.610775
1.612232
1.605951
1.577267
1.494327
1.344559
1.182607
1.074360
1.024508
1.006838
1.001662
1.000361
1.000072
1.000014
1.000000
1.000000
1.000000
1.000000
1.000000
1.000000
1.000000
1.000000
1.000000
1.000000
1.000000
1.000000
1.000000
1.000000
1.000018
1.000147
1.001029
1.005845
1.025956
1.085228
1.199238
1.342505
1.480431
1.590999
1.667355
1.713365
1.737679
1.748800
1.751892
1.745183
1.711655
1.612109
1.427226
1.224394
1.089845
1.029099
1.008002
1.001923
1.000413
1.000081
1.000015
1.000001
1.000000
1.000000
1.000000
1.000000
1.000000
1.000000
1.000000
1.000000
1.000000
1.000000
1.000000
1.000000
1.000000
1.000018
1.000155
1.001079
1.006157
1.027426
1.090456
1.212932
1.369701
1.524640
1.652944
1.744860
1.802444
1.834101
1.849208
1.854034
1.847182
1.809874
1.697229
1.485184
1.252125
1.099452
1.031771
1.008645
1.002063
1.000439
1.000085
1.000015
1.000001
1.000000
1.000000
1.000000
1.000000
1.000000
1.000000
1.000000
1.000000
1.000000
1.000000
1.000000
1.000000
1.000000
1.000019
1.000157
1.001099
1.006285
1.028051
1.092800
1.219499
1.383721
1.548968
1.688917
1.791767
1.857967
1.895363
1.913719
1.920021
1.913151
1.873071
1.750987
1.520283
1.267876
1.104533
1.033095
1.008947
1.002125
1.000451
1.000087
1.000016
1.000001
1.000000
1.000000
1.000000
1.000000
1.000000
1.000000
1.000000
1.000000
1.000000
1.000000
1.000000
1.000000
1.000000
1.000019
1.000157
1.001107
1.006331
1.028282
1.093718
1.222267
1.390099
1.560809
1.707407
1.816893
1.888582
1.929781
1.950359
1.957699
1.950834
1.908910
1.780745
1.538776
1.275624
1.106858
1.033664
1.009070
1.002148
1.000455
1.000087
1.000016
1.000001
1.000000
1.000000
1.000000
1.000000
1.000000
1.000000
1.000000
1.000000
1.000000
1.000000
1.000000
1.000000
1.000000
1.000019
1.000157
1.001108
1.006344
1.028345
1.093999
1.223238
1.392591
1.565830
1.715739
1.828717
1.903422
1.946777
1.968644
1.976593
1.969726
1.926699
1.795065
1.547137
1.278835
1.107732
1.033857
1.009107
1.002155
1.000455
1.000087
1.000016
1.000001
1.000000
1.000000
1.000000
1.000000
1.000000
1.000000
1.000000
1.000000
1.000000
1.000000
1.000000
1.000000
1.000000
1.000018
1.000157
1.001102
1.006316
1.028235
1.093736
1.222909
1.392564
1.566628
1.717824
1.832280
1.908322
1.952661
1.975123
1.983348
1.976437
1.932753
1.799248
1.548630
1.278755
1.107448
1.033717
1.009063
1.002141
1.000452
1.000086
1.000015
1.000001
1.000000
1.000000
1.000000
1.000000
1.000000
1.000000
1.000000
1.000000
1.000000
1.000000
1.000000
1.000000
1.000000
1.000018
1.000150
1.001061
1.006103
1.027395
1.091362
1.218405
1.386145
1.558845
1.709190
1.823151
1.898901
1.943052
1.965386
1.973491
1.966318
1.921861
1.786858
1.536181
1.270235
1.103586
1.032409
1.008696
1.002053
1.000435
1.000082
1.000015
1.000000
1.000000
1.000000
1.000000
1.000000
1.000000
1.000000
1.000000
1.000000
1.000000
1.000000
1.000000
1.000000
1.000000
1.000015
1.000132
1.000912
1.005286
1.024004
1.081405
1.198388
1.355784
1.519469
1.662350
1.770314
1.841516
1.882537
1.902948
1.909914
1.901708
1.855456
1.718974
1.476757
1.233797
1.088111
1.027344
1.007309
1.001722
1.000364
1.000068
1.000011
1.000000
1.000000
1.000000
1.000000
1.000000
1.000000
1.000000
1.000000
1.000000
1.000000
1.000000
1.000000
1.000000
1.000000
1.000011
1.000090
1.000651
1.003819
1.017650
1.061404
1.154346
1.283393
1.419612
1.538389
1.626825
1.683668
1.715326
1.730380
1.734572
1.724869
1.678606
1.551405
1.347921
1.164056
1.060728
1.018745
1.005004
1.001176
1.000247
1.000047
1.000006
1.000000
1.000000
1.000000
1.000000
1.000000
1.000000
1.000000
1.000000
1.000000
1.000000
1.000000
1.000000
1.000000
1.000000
1.000004
1.000050
1.000381
1.002250
1.010566
1.037624
1.097272
1.182144
1.272006
1.348908
1.404066
1.437762
1.455440
1.463213
1.464400
1.455415
1.418622
1.326486
1.196532
1.090311
1.033266
1.010301
1.002760
1.000650
1.000135
1.000026
1.000003
1.000000
1.000000
1.000000
1.000000
1.000000
1.000000
1.000000
1.000000
1.000000
1.000000
1.000000
1.000000
1.000000
1.000000
1.000000
1.000023
1.000182
1.001088
1.005169
1.018691
1.049114
1.092542
1.137586
1.174510
1.199455
1.213668
1.220590
1.223341
1.223210
1.217674
1.197091
1.149236
1.087633
1.040045
1.014845
1.004635
1.001250
1.000295
1.000060
1.000010
1.000000
1.000000
1.000000
1.000000
1.000000
1.000000
1.000000
1.000000
1.000000
1.000000
1.000000
1.000000
1.000000
1.000000
1.000000
1.000000
1.000010
1.000069
1.000438
1.002105
1.007676
1.020285
1.038040
1.055793
1.069557
1.078247
1.082849
1.084927
1.085667
1.085423
1.083015
1.074523
1.055613
1.032424
1.014886
1.005572
1.001755
1.000476
1.000112
1.000022
1.000002
1.000000
1.000000
1.000000
1.000000
1.000000
1.000000
1.000000
1.000000
1.000000
1.000000
1.000000
1.000000
1.000000
1.000000
1.000000
1.000000
1.000000
1.000022
1.000150
1.000729
1.002670
1.007056
1.013109
1.018928
1.023201
1.025737
1.026993
1.027524
1.027693
1.027576
1.026750
1.023916
1.017744
1.010345
1.004780
1.001804
1.000572
1.000154
1.000036
1.000006
1.000000
1.000000
1.000000
1.000000
1.000000
1.000000
1.000000
1.000000
1.000000
1.000000
1.000000
1.000000
1.000000
1.000000
1.000000
1.000000
1.000000
1.000000
1.000006
1.000043
1.000217
1.000803
1.002118
1.003899
1.005551
1.006711
1.007363
1.007669
1.007790
1.007828
1.007787
1.007546
1.006734
1.004984
1.002911
1.001351
1.000512
1.000162
1.000044
1.000009
1.000000
1.000000
1.000000
1.000000
1.000000
1.000000
1.000000
1.000000
1.000000
1.000000
1.000000
1.000000
1.000000
1.000000
1.000000
1.000000
1.000000
1.000000
1.000000
1.000000
1.000011
1.000057
1.000211
1.000559
1.001020
1.001437
1.001718
1.001870
1.001938
1.001965
1.001973
1.001959
1.001898
1.001693
1.001251
1.000731
1.000340
1.000129
1.000041
1.000010
1.000000
1.000000
1.000000
1.000000
1.000000
1.000000
1.000000
1.000000
1.000000
1.000000
1.000000
1.000000
1.000000
1.000000
1.000000
1.000000
1.000000
1.000000
1.000000
1.000000
1.000000
1.000000
1.000011
1.000049
1.000129
1.000236
1.000332
1.000392
1.000426
1.000441
1.000446
1.000447
1.000444
1.000429
1.000384
1.000283
1.000165
1.000075
1.000028
1.000007
1.000000
1.000000
1.000000
1.000000
1.000000
1.000000
1.000000
1.000000
1.000000
1.000000
1.000000
1.000000
1.000000
1.000000
1.000000
1.000000
1.000000
1.000000
1.000000
1.000000
1.000000
1.000000
1.000000
1.000000
1.000007
1.000025
1.000047
1.000067
1.000081
1.000088
1.000090
1.000091
1.000091
1.000090
1.000087
1.000077
1.000058
1.000033
1.000013
1.000003
1.000000
1.000000
1.000000
1.000000
1.000000
1.000000
1.000000
1.000000
1.000000
1.000000
1.000000
1.000000
1.000000
1.000000
1.000000
1.000000
1.000000
1.000000
1.000000
1.000000
1.000000
1.000000
1.000000
1.000000
1.000000
1.000000
1.000003
1.000007
1.000011
1.000012
1.000013
1.000014
1.000014
1.000014
1.000014
1.000013
1.000011
1.000008
1.000003
1.000000
1.000000
1.000000
1.000000
1.000000
1.000000
1.000000
1.000000
1.000000
1.000000
1.000000
1.000000
1.000000
1.000000
1.000000
1.000000
1.000000
1.000000
1.000000
1.000000
1.000000
1.000000
1.000000
1.000000
1.000000
1.000000
1.000000
1.000000
1.000000
1.000000
1.000000
1.000000
1.000000
1.000000
1.000000
1.000000
1.000000
1.000000
1.000000
1.000000
1.000000
1.000000
1.000000
1.000000
1.000000
1.000000
1.000000
1.000000
1.000000
1.000000
1.000000
1.000000
1.000000
1.000000
1.000000
1.000000
1.000000
1.000000
1.000000
1.000000
1.000000
1.000000
1.000000
1.000000
1.000000
1.000000
1.000000
1.000000
1.000000
1.000000
1.000000
1.000000
1.000000
1.000000
1.000000
1.000000
1.000000
1.000000
1.000000
1.000000
1.000000
1.000000
1.000000
1.000000
1.000000
1.000000
1.000000
1.000000
1.000000
1.000000
1.000000
1.000000
1.000000
1.000000
1.000000
1.000000
1.000000
1.000000
1.000000
1.000000
1.000000
1.000000
1.000000
1.000000
1.000000
1.000000
1.000000
1.000000
1.000000
1.000000
1.000000
1.000000
1.000000
1.000000
1.000000
1.000000
1.000000
1.000000
1.000000
1.000000
1.000000
1.000000
1.000000
1.000000
1.000000
1.000000
1.000000
1.000000
1.000000
1.000000
1.000000
1.000000
1.000000
1.000000
1.000000
1.000000
1.000000
1.000000
1.000000
1.000000
1.000000
1.000000
1.000000
1.000000
1.000000
1.000000
1.000000
1.000000
1.000000
1.000000
1.000000
1.000000
1.000000
1.000000
1.000000
1.000000
1.000000
1.000000
1.000000
1.000000
1.000000
1.000000
1.000000
1.000000
1.000000
1.000000
1.000000
1.000000
1.000000
1.000000
1.000000
1.000000
1.000000
1.000000
1.000000
1.000000
1.000000
1.000000
1.000000
1.000000
1.000000
1.000000
1.000000
1.000000
1.000000
1.000000
1.000000
1.000000
1.000000
1.000000
1.000000
1.000000
1.000000
1.000000
1.000000
1.000000
1.000000
1.000000
1.000000
1.000000
1.000000
1.000000
1.000000
1.000000
1.000000
1.000000
1.000000
1.000000
1.000000
1.000000
1.000000
1.000000
1.000000
1.000000
1.000000
1.000000
1.000000
1.000000
1.000000
1.000000
1.000000
1.000000
1.000000
1.000000
1.000000
1.000000
1.000000
1.000000
1.000000
1.000000
1.000000
1.000000
1.000000
1.000000
1.000000
1.000000
1.000000
1.000000
1.000000
1.000000
1.000000
1.000000
1.000000
1.000000
1.000000
1.000000
1.000000
1.000000
1.000000
1.000000
1.000000
1.000000
1.000000
1.000000
1.000000
1.000000
1.000000
1.000000
1.000000
1.000000
1.000000
1.000000
1.000000
1.000000
1.000000
1.000000
1.000000
1.000000
1.000000
1.000000
1.000000
1.000000
1.000000
1.000000
1.000000
1.000000
1.000000
1.000000
1.000000
1.000000
1.000000
1.000000
1.000000
1.000000
1.000000
1.000000
1.000000
1.000000
1.000000
1.000000
1.000000
1.000000
1.000000
1.000000
1.000000
1.000000
1.000000
1.000000
1.000000
1.000000
1.000000
1.000000
1.000000
1.000000
1.000000
1.000000
1.000000
1.000000
1.000000
1.000000
1.000000
1.000000
1.000000
1.000000
1.000000
1.000000
1.000000
1.000000
1.000000
1.000000
1.000000
1.000000
1.000000
1.000000
1.000000
1.000000
1.000000
1.000000
1.000000
1.000000
1.000000
1.000000
1.000000
1.000000
1.000000
1.000000
1.000000
1.000000
1.000000
1.000000
1.000000
1.000000
1.000000
1.000000
1.000000
1.000000
1.000000
1.000000
1.000000
1.000000
1.000000
1.000000
1.000000
1.000000
1.000000
1.000000
1.000000
1.000000
1.000000
1.000000
1.000000
1.000000
1.000000
1.000000
1.000000
1.000000
1.000000
1.000000
1.000000
1.000000
1.000000
1.000000
1.000000
1.000000
1.000000
1.000000
1.000000
1.000000
1.000000
1.000000
1.000000
1.000000
1.000000
1.000000
1.000000
1.000000
1.000000
