1.000000
1.000000
1.000000
1.000000
1.000000
1.000000
1.000000
1.000000
1.000000
1.000000
1.000000
1.000000
1.000000
1.000000
1.000000
1.000000
1.000000
1.000000
1.000000
1.000000
1.000000
1.000000
1.000000
1.000000
1.000000
1.000000
1.000000
1.000000
1.000000
1.000000
1.000000
1.000000
1.000000
1.000000
1.000000
1.000000
1.000000
1.000000
1.000000
1.000000
1.000000
1.000000
1.000000
1.000000
1.000000
1.000000
1.000000
1.000000
1.000000
1.000000
1.000000
1.000000
1.000000
1.000000
1.000000
1.000000
1.000000
1.000000
1.000000
1.000000
1.000000
1.000000
1.000000
1.000000
1.000000
1.000000
1.000000
1.000000
1.000000
1.000000
1.000000
1.000000
1.000000
1.000000
1.000000
1.000000
1.000000
1.000000
1.000000
1.000000
1.000000
1.000000
1.000000
1.000000
1.000000
1.000000
1.000000
1.000000
1.000000
1.000000
1.000000
1.000000
1.000000
1.000000
1.000000
1.000000
1.000000
1.000000
1.000000
1.000000
1.000000
1.000000
1.000000
1.000000
1.000000
1.000000
1.000000
1.000000
1.000000
1.000000
1.000000
1.000000
1.000000
1.000000
1.000000
1.000000
1.000000
1.000000
1.000000
1.000000
1.000000
1.000000
1.000000
1.000000
1.000000
1.000000
1.000000
1.000000
1.000000
1.000000
1.000000
1.000000
1.000000
1.000000
1.000000
1.000000
1.000000
1.000000
1.000000
1.000000
1.000000
1.000000
1.000000
1.000000
1.000000
1.000000
1.000000
1.000000
1.000000
1.000000
1.000000
1.000000
1.000000
1.000000
1.000000
1.000000
1.000000
1.000000
1.000000
1.000000
1.000000
1.000000
1.000000
1.000000
1.000000
1.000000
1.000000
1.000000
1.000000
1.000000
1.000000
1.000000
1.000000
1.000000
1.000000
1.000000
1.000000
1.000000
1.000000
1.000000
1.000000
1.000000
1.000000
1.000000
1.000000
1.000000
1.000000
1.000000
1.000000
1.000000
1.000000
1.000000
1.000000
1.000000
1.000000
1.000000
1.000000
1.000000
1.000000
1.000000
1.000000
1.000000
1.000000
1.000000
1.000000
1.000000
1.000000
1.000000
1.000000
1.000000
1.000000
1.000000
1.000000
1.000000
1.000000
1.000000
1.000000
1.000000
1.000000
1.000000
1.000000
1.000000
1.000000
1.000000
1.000000
1.000000
1.000000
1.000000
1.000000
1.000000
1.000000
1.000000
1.000000
1.000000
1.000000
1.000000
1.000000
1.000000
1.000000
1.000000
1.000000
1.000000
1.000000
1.000000
1.000000
1.000000
1.000000
1.000000
1.000000
1.000000
1.000000
1.000000
1.000000
1.000000
1.000000
1.000008
1.000013
1.000027
1.000040
1.000045
1.000048
1.000049
1.000049
1.000049
1.000049
1.000047
1.000042
1.000030
1.000015
1.000007
1.000000
1.000000
1.000000
1.000000
1.000000
1.000000
1.000000
1.000000
1.000000
1.000000
1.000000
1.000000
1.000000
1.000000
1.000000
1.000000
1.000000
1.000000
1.000000
1.000000
1.000000
1.000000
1.000000
1.000000
1.000000
1.000013
1.000083
1.000213
1.000371
1.000493
1.000558
1.000588
1.000601
1.000603
1.000605
1.000601
1.000586
1.000525
1.000394
1.000228
1.000104
1.000041
1.000015
1.000002
1.000000
1.000000
1.000000
1.000000
1.000000
1.000000
1.000000
1.000000
1.000000
1.000000
1.000000
1.000000
1.000000
1.000000
1.000000
1.000000
1.000000
1.000000
1.000000
1.000000
1.000003
1.000039
1.000209
1.000766
1.001960
1.003366
1.004462
1.005092
1.005380
1.005488
1.005524
1.005535
1.005507
1.005367
1.004858
1.003661
1.002170
1.001012
1.000381
1.000119
1.000033
1.000008
1.000000
1.000000
1.000000
1.000000
1.000000
1.000000
1.000000
1.000000
1.000000
1.000000
1.000000
1.000000
1.000000
1.000000
1.000000
1.000000
1.000000
1.000000
1.000007
1.000044
1.000277
1.001372
1.004958
1.012444
1.021200
1.028091
1.032177
1.034121
1.034894
1.035155
1.035210
1.035075
1.034291
1.031333
1.024110
1.014611
1.006925
1.002631
1.000825
1.000220
1.000051
1.000011
1.000000
1.000000
1.000000
1.000000
1.000000
1.000000
1.000000
1.000000
1.000000
1.000000
1.000000
1.000000
1.000000
1.000000
1.000000
1.000000
1.000000
1.000020
1.000190
1.001171
1.005628
1.019836
1.048311
1.081096
1.107360
1.123662
1.131940
1.135487
1.136790
1.137143
1.136787
1.134312
1.124546
1.099061
1.062232
1.030217
1.011608
1.003655
1.000972
1.000224
1.000046
1.000010
1.000000
1.000000
1.000000
1.000000
1.000000
1.000000
1.000000
1.000000
1.000000
1.000000
1.000000
1.000000
1.000000
1.000000
1.000000
1.000009
1.000054
1.000421
1.002581
1.012298
1.042719
1.102332
1.171270
1.228507
1.266282
1.287040
1.296767
1.300705
1.301989
1.301579
1.297121
1.278649
1.227561
1.147070
1.072378
1.027769
1.008672
1.002285
1.000522
1.000106
1.000023
1.000004
1.000000
1.000000
1.000000
1.000000
1.000000
1.000000
1.000000
1.000000
1.000000
1.000000
1.000000
1.000000
1.000000
1.000000
1.000013
1.000085
1.000641
1.003944
1.018755
1.064917
1.155081
1.261438
1.353650
1.418372
1.456673
1.476146
1.484736
1.487911
1.487880
1.481773
1.455095
1.377931
1.248214
1.122299
1.046360
1.014248
1.003700
1.000834
1.000168
1.000034
1.000006
1.000000
1.000000
1.000000
1.000000
1.000000
1.000000
1.000000
1.000000
1.000000
1.000000
1.000000
1.000000
1.000000
1.000000
1.000013
1.000104
1.000794
1.004885
1.023299
1.080901
1.194359
1.331704
1.455885
1.547891
1.605833
1.637324
1.652208
1.658198
1.659028
1.651762
1.618152
1.517793
1.341884
1.167099
1.062231
1.018772
1.004799
1.001070
1.000213
1.000041
1.000006
1.000000
1.000000
1.000000
1.000000
1.000000
1.000000
1.000000
1.000000
1.000000
1.000000
1.000000
1.000000
1.000000
1.000000
1.000014
1.000116
1.000875
1.005393
1.025824
1.090134
1.218307
1.377270
1.526136
1.641301
1.717430
1.760967
1.782631
1.791873
1.793870
1.785856
1.746673
1.627297
1.413399
1.199573
1.073014
1.021667
1.005469
1.001208
1.000238
1.000044
1.000007
1.000000
1.000000
1.000000
1.000000
1.000000
1.000000
1.000000
1.000000
1.000000
1.000000
1.000000
1.000000
1.000000
1.000000
1.000014
1.000119
1.000908
1.005620
1.026984
1.094594
1.230682
1.402575
1.567753
1.699621
1.789887
1.843419
1.871036
1.883283
1.886441
1.877962
1.834550
1.700893
1.459511
1.219186
1.079074
1.023192
1.005804
1.001274
1.000250
1.000045
1.000007
1.000000
1.000000
1.000000
1.000000
1.000000
1.000000
1.000000
1.000000
1.000000
1.000000
1.000000
1.000000
1.000000
1.000000
1.000014
1.000120
1.000921
1.005708
1.027440
1.096446
1.236212
1.414796
1.589266
1.731438
1.831020
1.891500
1.923442
1.937952
1.942021
1.933254
1.886911
1.743662
1.484945
1.229252
1.081962
1.023873
1.005946
1.001299
1.000253
1.000046
1.000007
1.000000
1.000000
1.000000
1.000000
1.000000
1.000000
1.000000
1.000000
1.000000
1.000000
1.000000
1.000000
1.000000
1.000000
1.000014
1.000121
1.000924
1.005734
1.027594
1.097116
1.238377
1.419982
1.599047
1.746702
1.851535
1.916109
1.950689
1.966616
1.971269
1.962324
1.914178
1.765270
1.497068
1.233708
1.083150
1.024137
1.005998
1.001308
1.000255
1.000046
1.000007
1.000000
1.000000
1.000000
1.000000
1.000000
1.000000
1.000000
1.000000
1.000000
1.000000
1.000000
1.000000
1.000000
1.000000
1.000014
1.000121
1.000924
1.005741
1.027627
1.097292
1.239059
1.421836
1.602870
1.753050
1.860429
1.927065
1.963010
1.979684
1.984645
1.975598
1.926469
1.774635
1.501935
1.235318
1.083530
1.024211
1.006012
1.001310
1.000255
1.000046
1.000007
1.000000
1.000000
1.000000
1.000000
1.000000
1.000000
1.000000
1.000000
1.000000
1.000000
1.000000
1.000000
1.000000
1.000000
1.000014
1.000120
1.000919
1.005714
1.027511
1.096965
1.238539
1.421403
1.602926
1.753922
1.862218
1.929636
1.966109
1.983075
1.988147
1.979013
1.929345
1.776082
1.501740
1.234673
1.083167
1.024083
1.005974
1.001302
1.000252
1.000045
1.000007
1.000000
1.000000
1.000000
1.000000
1.000000
1.000000
1.000000
1.000000
1.000000
1.000000
1.000000
1.000000
1.000000
1.000000
1.000013
1.000114
1.000880
1.005504
1.026600
1.094221
1.233114
1.413471
1.593044
1.742614
1.849887
1.916592
1.952603
1.969295
1.974191
1.964800
1.914453
1.760158
1.487466
1.226196
1.079777
1.023047
1.005711
1.001243
1.000241
1.000043
1.000006
1.000000
1.000000
1.000000
1.000000
1.000000
1.000000
1.000000
1.000000
1.000000
1.000000
1.000000
1.000000
1.000000
1.000000
1.000011
1.000098
1.000738
1.004650
1.022769
1.082199
1.208004
1.374797
1.542476
1.682211
1.781757
1.842896
1.875356
1.890063
1.893896
1.883584
1.831747
1.677906
1.420861
1.189773
1.065886
1.018901
1.004669
1.001014
1.000197
1.000034
1.000005
1.000000
1.000000
1.000000
1.000000
1.000000
1.000000
1.000000
1.000000
1.000000
1.000000
1.000000
1.000000
1.000000
1.000000
1.000006
1.000062
1.000501
1.003198
1.015947
1.059162
1.154872
1.285864
1.419047
1.529156
1.605748
1.651135
1.674198
1.684057
1.685702
1.674715
1.625409
1.489759
1.288334
1.125480
1.042990
1.012298
1.003035
1.000657
1.000127
1.000021
1.000002
1.000000
1.000000
1.000000
1.000000
1.000000
1.000000
1.000000
1.000000
1.000000
1.000000
1.000000
1.000000
1.000000
1.000000
1.000000
1.000033
1.000274
1.001763
1.008926
1.033882
1.091199
1.171163
1.251925
1.316645
1.359449
1.383268
1.394558
1.398953
1.398863
1.390161
1.354938
1.266397
1.150324
1.064266
1.022017
1.006329
1.001570
1.000341
1.000064
1.000009
1.000000
1.000000
1.000000
1.000000
1.000000
1.000000
1.000000
1.000000
1.000000
1.000000
1.000000
1.000000
1.000000
1.000000
1.000000
1.000000
1.000015
1.000120
1.000787
1.004039
1.015549
1.042447
1.079802
1.116354
1.144087
1.161188
1.169999
1.173857
1.175194
1.174759
1.170166
1.152737
1.111633
1.061872
1.026454
1.009139
1.002649
1.000660
1.000143
1.000027
1.000003
1.000000
1.000000
1.000000
1.000000
1.000000
1.000000
1.000000
1.000000
1.000000
1.000000
1.000000
1.000000
1.000000
1.000000
1.000000
1.000000
1.000002
1.000042
1.000292
1.001513
1.005867
1.016080
1.029988
1.043015
1.052306
1.057639
1.060187
1.061222
1.061538
1.061296
1.059534
1.053073
1.038341
1.021183
1.009117
1.003180
1.000928
1.000232
1.000049
1.000008
1.000000
1.000000
1.000000
1.000000
1.000000
1.000000
1.000000
1.000000
1.000000
1.000000
1.000000
1.000000
1.000000
1.000000
1.000000
1.000000
1.000000
1.000000
1.000014
1.000092
1.000480
1.001871
1.005122
1.009449
1.013333
1.015953
1.017365
1.017997
1.018238
1.018304
1.018216
1.017670
1.015706
1.011298
1.006251
1.002707
1.000951
1.000279
1.000069
1.000014
1.000000
1.000000
1.000000
1.000000
1.000000
1.000000
1.000000
1.000000
1.000000
1.000000
1.000000
1.000000
1.000000
1.000000
1.000000
1.000000
1.000000
1.000000
1.000000
1.000001
1.000022
1.000131
1.000514
1.001406
1.002570
1.003576
1.004225
1.004558
1.004698
1.004749
1.004765
1.004737
1.004592
1.004076
1.002927
1.001622
1.000705
1.000248
1.000072
1.000017
1.000001
1.000000
1.000000
1.000000
1.000000
1.000000
1.000000
1.000000
1.000000
1.000000
1.000000
1.000000
1.000000
1.000000
1.000000
1.000000
1.000000
1.000000
1.000000
1.000000
1.000000
1.000004
1.000029
1.000123
1.000339
1.000614
1.000847
1.000990
1.001060
1.001090
1.001101
1.001103
1.001097
1.001062
1.000942
1.000676
1.000375
1.000163
1.000057
1.000015
1.000001
1.000000
1.000000
1.000000
1.000000
1.000000
1.000000
1.000000
1.000000
1.000000
1.000000
1.000000
1.000000
1.000000
1.000000
1.000000
1.000000
1.000000
1.000000
1.000000
1.000000
1.000000
1.000000
1.000005
1.000024
1.000071
1.000129
1.000177
1.000206
1.000222
1.000227
1.000228
1.000229
1.000227
1.000221
1.000195
1.000140
1.000077
1.000033
1.000010
1.000000
1.000000
1.000000
1.000000
1.000000
1.000000
1.000000
1.000000
1.000000
1.000000
1.000000
1.000000
1.000000
1.000000
1.000000
1.000000
1.000000
1.000000
1.000000
1.000000
1.000000
1.000000
1.000000
1.000000
1.000000
1.000003
1.000012
1.000024
1.000033
1.000039
1.000041
1.000041
1.000041
1.000042
1.000041
1.000040
1.000035
1.000023
1.000010
1.000003
1.000000
1.000000
1.000000
1.000000
1.000000
1.000000
1.000000
1.000000
1.000000
1.000000
1.000000
1.000000
1.000000
1.000000
1.000000
1.000000
1.000000
1.000000
1.000000
1.000000
1.000000
1.000000
1.000000
1.000000
1.000000
1.000000
1.000000
1.000000
1.000003
1.000004
1.000005
1.000005
1.000005
1.000005
1.000005
1.000005
1.000005
1.000004
1.000002
1.000000
1.000000
1.000000
1.000000
1.000000
1.000000
1.000000
1.000000
1.000000
1.000000
1.000000
1.000000
1.000000
1.000000
1.000000
1.000000
1.000000
1.000000
1.000000
1.000000
1.000000
1.000000
1.000000
1.000000
1.000000
1.000000
1.000000
1.000000
1.000000
1.000000
1.000000
1.000000
1.000000
1.000000
1.000000
1.000000
1.000000
1.000000
1.000000
1.000000
1.000000
1.000000
1.000000
1.000000
1.000000
1.000000
1.000000
1.000000
1.000000
1.000000
1.000000
1.000000
1.000000
1.000000
1.000000
1.000000
1.000000
1.000000
1.000000
1.000000
1.000000
1.000000
1.000000
1.000000
1.000000
1.000000
1.000000
1.000000
1.000000
1.000000
1.000000
1.000000
1.000000
1.000000
1.000000
1.000000
1.000000
1.000000
1.000000
1.000000
1.000000
1.000000
1.000000
1.000000
1.000000
1.000000
1.000000
1.000000
1.000000
1.000000
1.000000
1.000000
1.000000
1.000000
1.000000
1.000000
1.000000
1.000000
1.000000
1.000000
1.000000
1.000000
1.000000
1.000000
1.000000
1.000000
1.000000
1.000000
1.000000
1.000000
1.000000
1.000000
1.000000
1.000000
1.000000
1.000000
1.000000
1.000000
1.000000
1.000000
1.000000
1.000000
1.000000
1.000000
1.000000
1.000000
1.000000
1.000000
1.000000
1.000000
1.000000
1.000000
1.000000
1.000000
1.000000
1.000000
1.000000
1.000000
1.000000
1.000000
1.000000
1.000000
1.000000
1.000000
1.000000
1.000000
1.000000
1.000000
1.000000
1.000000
1.000000
1.000000
1.000000
1.000000
1.000000
1.000000
1.000000
1.000000
1.000000
1.000000
1.000000
1.000000
1.000000
1.000000
1.000000
1.000000
1.000000
1.000000
1.000000
1.000000
1.000000
1.000000
1.000000
1.000000
1.000000
1.000000
1.000000
1.000000
1.000000
1.000000
1.000000
1.000000
1.000000
1.000000
1.000000
1.000000
1.000000
1.000000
1.000000
1.000000
1.000000
1.000000
1.000000
1.000000
1.000000
1.000000
1.000000
1.000000
1.000000
1.000000
1.000000
1.000000
1.000000
1.000000
1.000000
1.000000
1.000000
1.000000
1.000000
1.000000
1.000000
1.000000
1.000000
1.000000
1.000000
1.000000
1.000000
1.000000
1.000000
1.000000
1.000000
1.000000
1.000000
1.000000
1.000000
1.000000
1.000000
1.000000
1.000000
1.000000
1.000000
1.000000
1.000000
1.000000
1.000000
1.000000
1.000000
1.000000
1.000000
1.000000
1.000000
1.000000
1.000000
1.000000
1.000000
1.000000
1.000000
1.000000
1.000000
1.000000
1.000000
1.000000
1.000000
1.000000
1.000000
1.000000
1.000000
1.000000
1.000000
1.000000
1.000000
1.000000
1.000000
1.000000
1.000000
1.000000
1.000000
1.000000
1.000000
1.000000
1.000000
1.000000
1.000000
1.000000
1.000000
1.000000
1.000000
1.000000
1.000000
1.000000
1.000000
1.000000
1.000000
1.000000
1.000000
1.000000
1.000000
1.000000
1.000000
1.000000
1.000000
1.000000
1.000000
1.000000
1.000000
1.000000
1.000000
1.000000
1.000000
1.000000
1.000000
1.000000
1.000000
1.000000
1.000000
1.000000
1.000000
1.000000
1.000000
1.000000
1.000000
1.000000
1.000000
1.000000
1.000000
1.000000
1.000000
1.000000
1.000000
1.000000
1.000000
1.000000
1.000000
1.000000
1.000000
1.000000
1.000000
1.000000
1.000000
1.000000
1.000000
1.000000
1.000000
1.000000
1.000000
1.000000
1.000000
1.000000
1.000000
1.000000
1.000000
1.000000
1.000000
1.000000
1.000000
1.000000
1.000000
1.000000
1.000000
1.000000
1.000000
1.000000
1.000000
1.000000
1.000000
1.000000
1.000000
1.000000
1.000000
1.000000
1.000000
1.000000
1.000000
1.000000
1.000000
1.000000
1.000000
1.000000
1.000000
1.000000
1.000000
1.000000
1.000000
1.000000
1.000000
1.000000
1.000000
1.000000
1.000000
1.000000
1.000000
1.000000
1.000000
1.000000
1.000000
1.000000
1.000000
1.000000
