1.000000
1.000000
1.000000
1.000000
1.000000
1.000000
1.000000
1.000000
1.000000
1.000000
1.000000
1.000000
1.000000
1.000000
1.000000
1.000000
1.000000
1.000000
1.000000
1.000000
1.000000
1.000000
1.000000
1.000000
1.000000
1.000000
1.000000
1.000000
1.000000
1.000000
1.000000
1.000000
1.000000
1.000000
1.000000
1.000000
1.000000
1.000000
1.000000
1.000000
1.000000
1.000000
1.000000
1.000000
1.000000
1.000000
1.000000
1.000000
1.000000
1.000000
1.000000
1.000000
1.000000
1.000000
1.000000
1.000000
1.000000
1.000000
1.000000
1.000000
1.000000
1.000000
1.000000
1.000000
1.000000
1.000000
1.000000
1.000000
1.000000
1.000000
1.000000
1.000000
1.000000
1.000000
1.000000
1.000000
1.000000
1.000000
1.000000
1.000000
1.000000
1.000000
1.000000
1.000000
1.000000
1.000000
1.000000
1.000000
1.000000
1.000000
1.000000
1.000000
1.000000
1.000000
1.000000
1.000000
1.000000
1.000000
1.000000
1.000000
1.000000
1.000000
1.000000
1.000000
1.000000
1.000000
1.000000
1.000000
1.000000
1.000000
1.000000
1.000000
1.000000
1.000000
1.000000
1.000000
1.000000
1.000000
1.000000
1.000000
1.000000
1.000000
1.000000
1.000000
1.000000
1.000000
1.000000
1.000000
1.000000
1.000000
1.000000
1.000000
1.000000
1.000000
1.000000
1.000000
1.000000
1.000000
1.000000
1.000000
1.000000
1.000000
1.000000
1.000000
1.000000
1.000000
1.000000
1.000000
1.000000
1.000000
1.000000
1.000000
1.000000
1.000000
1.000000
1.000000
1.000000
1.000000
1.000000
1.000000
1.000000
1.000000
1.000000
1.000000
1.000000
1.000000
1.000000
1.000000
1.000000
1.000000
1.000000
1.000000
1.000000
1.000000
1.000000
1.000000
1.000000
1.000000
1.000000
1.000000
1.000000
1.000000
1.000000
1.000000
1.000000
1.000000
1.000000
1.000000
1.000000
1.000000
1.000000
1.000000
1.000000
1.000000
1.000000
1.000000
1.000000
1.000000
1.000000
1.000000
1.000000
1.000000
1.000000
1.000000
1.000000
1.000000
1.000000
1.000000
1.000000
1.000000
1.000000
1.000000
1.000000
1.000000
1.000000
1.000000
1.000000
1.000000
1.000000
1.000000
1.000000
1.000000
1.000000
1.000000
1.000000
1.000000
1.000000
1.000000
1.000000
1.000000
1.000000
1.000000
1.000000
1.000000
1.000000
1.000000
1.000000
1.000000
1.000000
1.000000
1.000000
1.000000
1.000000
1.000000
1.000000
1.000000
1.000000
1.000000
1.000000
1.000000
1.000000
1.000000
1.000000
1.000000
1.000000
1.000010
1.000013
1.000027
1.000040
1.000057
1.000063
1.000064
1.000064
1.000064
1.000064
1.000062
1.000054
1.000042
1.000029
1.000015
1.000002
1.000000
1.000000
1.000000
1.000000
1.000000
1.000000
1.000000
1.000000
1.000000
1.000000
1.000000
1.000000
1.000000
1.000000
1.000000
1.000000
1.000000
1.000000
1.000000
1.000000
1.000000
1.000000
1.000000
1.000000
1.000013
1.000085
1.000216
1.000384
1.000519
1.000609
1.000651
1.000668
1.000678
1.000680
1.000676
1.000659
1.000593
1.000463
1.000293
1.000151
1.000064
1.000024
1.000009
1.000000
1.000000
1.000000
1.000000
1.000000
1.000000
1.000000
1.000000
1.000000
1.000000
1.000000
1.000000
1.000000
1.000000
1.000000
1.000000
1.000000
1.000000
1.000000
1.000000
1.000010
1.000049
1.000218
1.000730
1.001763
1.003044
1.004134
1.004836
1.005199
1.005355
1.005410
1.005429
1.005401
1.005260
1.004802
1.003786
1.002439
1.001270
1.000543
1.000195
1.000060
1.000015
1.000002
1.000000
1.000000
1.000000
1.000000
1.000000
1.000000
1.000000
1.000000
1.000000
1.000000
1.000000
1.000000
1.000000
1.000000
1.000000
1.000000
1.000000
1.000013
1.000054
1.000297
1.001285
1.004213
1.009992
1.017081
1.023167
1.027170
1.029304
1.030258
1.030624
1.030723
1.030604
1.029911
1.027547
1.022108
1.014549
1.007712
1.003332
1.001200
1.000368
1.000098
1.000021
1.000006
1.000000
1.000000
1.000000
1.000000
1.000000
1.000000
1.000000
1.000000
1.000000
1.000000
1.000000
1.000000
1.000000
1.000000
1.000000
1.000000
1.000027
1.000210
1.001145
1.004888
1.015665
1.036241
1.061058
1.082550
1.097159
1.105355
1.109262
1.110869
1.111382
1.111119
1.109081
1.101767
1.083914
1.057012
1.030964
1.013559
1.004911
1.001509
1.000402
1.000092
1.000021
1.000005
1.000000
1.000000
1.000000
1.000000
1.000000
1.000000
1.000000
1.000000
1.000000
1.000000
1.000000
1.000000
1.000000
1.000000
1.000013
1.000072
1.000482
1.002591
1.010934
1.034514
1.078528
1.131444
1.178344
1.211756
1.231753
1.242048
1.246660
1.248364
1.248206
1.244573
1.230711
1.194844
1.136241
1.075418
1.033198
1.011980
1.003657
1.000968
1.000226
1.000050
1.000011
1.000000
1.000000
1.000000
1.000000
1.000000
1.000000
1.000000
1.000000
1.000000
1.000000
1.000000
1.000000
1.000000
1.000000
1.000015
1.000118
1.000772
1.004146
1.017438
1.054713
1.123803
1.207798
1.284718
1.342387
1.379215
1.399634
1.409551
1.413652
1.414176
1.409299
1.389135
1.334280
1.238459
1.133262
1.058394
1.020820
1.006275
1.001639
1.000382
1.000080
1.000018
1.000002
1.000000
1.000000
1.000000
1.000000
1.000000
1.000000
1.000000
1.000000
1.000000
1.000000
1.000000
1.000000
1.000000
1.000019
1.000152
1.000997
1.005367
1.022593
1.070952
1.161010
1.272659
1.378570
1.461902
1.518298
1.551645
1.568990
1.576792
1.578721
1.573166
1.547677
1.475431
1.342854
1.191662
1.082979
1.029086
1.008623
1.002226
1.000512
1.000107
1.000022
1.000003
1.000000
1.000000
1.000000
1.000000
1.000000
1.000000
1.000000
1.000000
1.000000
1.000000
1.000000
1.000000
1.000000
1.000021
1.000172
1.001137
1.006120
1.025843
1.081503
1.186196
1.318784
1.448702
1.555256
1.630926
1.678077
1.703981
1.716379
1.720299
1.714577
1.684791
1.597644
1.432504
1.240289
1.102429
1.035274
1.010299
1.002627
1.000598
1.000125
1.000025
1.000004
1.000000
1.000000
1.000000
1.000000
1.000000
1.000000
1.000000
1.000000
1.000000
1.000000
1.000000
1.000000
1.000000
1.000022
1.000184
1.001206
1.006504
1.027549
1.087269
1.200745
1.347105
1.494331
1.619100
1.711089
1.770765
1.804938
1.822040
1.828156
1.822585
1.789423
1.690205
1.498852
1.274633
1.115333
1.039130
1.011289
1.002853
1.000645
1.000133
1.000026
1.000004
1.000000
1.000000
1.000000
1.000000
1.000000
1.000000
1.000000
1.000000
1.000000
1.000000
1.000000
1.000000
1.000000
1.000022
1.000187
1.001233
1.006670
1.028316
1.089991
1.208063
1.362360
1.520507
1.657726
1.761667
1.831078
1.872020
1.893151
1.901237
1.895926
1.860224
1.751930
1.541585
1.295516
1.122660
1.041181
1.011786
1.002964
1.000666
1.000136
1.000026
1.000004
1.000000
1.000000
1.000000
1.000000
1.000000
1.000000
1.000000
1.000000
1.000000
1.000000
1.000000
1.000000
1.000000
1.000022
1.000188
1.001245
1.006735
1.028616
1.091118
1.211307
1.369635
1.533841
1.678505
1.790054
1.865991
1.911667
1.935717
1.945274
1.940189
1.902715
1.788241
1.565666
1.306559
1.126271
1.042129
1.012004
1.003008
1.000675
1.000137
1.000027
1.000004
1.000000
1.000000
1.000000
1.000000
1.000000
1.000000
1.000000
1.000000
1.000000
1.000000
1.000000
1.000000
1.000000
1.000022
1.000188
1.001247
1.006753
1.028708
1.091495
1.212526
1.372646
1.539805
1.688375
1.804150
1.883880
1.932406
1.958261
1.968744
1.963797
1.925199
1.806960
1.577429
1.311548
1.127765
1.042487
1.012079
1.003024
1.000677
1.000137
1.000027
1.000004
1.000000
1.000000
1.000000
1.000000
1.000000
1.000000
1.000000
1.000000
1.000000
1.000000
1.000000
1.000000
1.000000
1.000022
1.000187
1.001241
1.006727
1.028610
1.091289
1.212356
1.372952
1.541208
1.691446
1.809173
1.890740
1.940689
1.967461
1.978412
1.973496
1.934188
1.813785
1.580765
1.312252
1.127669
1.042370
1.012032
1.003007
1.000672
1.000136
1.000026
1.000004
1.000000
1.000000
1.000000
1.000000
1.000000
1.000000
1.000000
1.000000
1.000000
1.000000
1.000000
1.000000
1.000000
1.000021
1.000179
1.001199
1.006518
1.027824
1.089172
1.208454
1.367513
1.534797
1.684602
1.802255
1.883908
1.933958
1.960786
1.971711
1.966564
1.926443
1.804275
1.570118
1.304058
1.123564
1.040866
1.011582
1.002892
1.000648
1.000131
1.000025
1.000004
1.000000
1.000000
1.000000
1.000000
1.000000
1.000000
1.000000
1.000000
1.000000
1.000000
1.000000
1.000000
1.000000
1.000019
1.000160
1.001047
1.005732
1.024739
1.080500
1.191454
1.342018
1.501968
1.645754
1.758557
1.836443
1.883781
1.908837
1.918635
1.912423
1.870419
1.745934
1.516358
1.268316
1.107136
1.035116
1.009910
1.002468
1.000553
1.000112
1.000020
1.000002
1.000000
1.000000
1.000000
1.000000
1.000000
1.000000
1.000000
1.000000
1.000000
1.000000
1.000000
1.000000
1.000000
1.000014
1.000115
1.000771
1.004276
1.018769
1.062564
1.153142
1.279876
1.416745
1.540103
1.635966
1.700882
1.739274
1.758850
1.765563
1.757393
1.714082
1.594189
1.392756
1.195953
1.076606
1.024924
1.007018
1.001745
1.000389
1.000078
1.000013
1.000000
1.000000
1.000000
1.000000
1.000000
1.000000
1.000000
1.000000
1.000000
1.000000
1.000000
1.000000
1.000000
1.000000
1.000007
1.000067
1.000472
1.002634
1.011746
1.040081
1.100895
1.188331
1.283580
1.368489
1.432619
1.474251
1.497626
1.508758
1.511496
1.502844
1.465839
1.372749
1.234609
1.113434
1.043943
1.014316
1.004045
1.001008
1.000222
1.000045
1.000006
1.000000
1.000000
1.000000
1.000000
1.000000
1.000000
1.000000
1.000000
1.000000
1.000000
1.000000
1.000000
1.000000
1.000000
1.000000
1.000032
1.000238
1.001341
1.006057
1.021006
1.053819
1.101390
1.152544
1.196606
1.228210
1.247472
1.257558
1.261942
1.262346
1.256299
1.233668
1.181224
1.110730
1.052974
1.020604
1.006767
1.001925
1.000482
1.000105
1.000021
1.000002
1.000000
1.000000
1.000000
1.000000
1.000000
1.000000
1.000000
1.000000
1.000000
1.000000
1.000000
1.000000
1.000000
1.000000
1.000000
1.000015
1.000099
1.000573
1.002611
1.009142
1.023587
1.044336
1.065967
1.083687
1.095613
1.102387
1.105681
1.106975
1.106820
1.103914
1.093806
1.071540
1.043251
1.020743
1.008144
1.002699
1.000773
1.000193
1.000042
1.000006
1.000000
1.000000
1.000000
1.000000
1.000000
1.000000
1.000000
1.000000
1.000000
1.000000
1.000000
1.000000
1.000000
1.000000
1.000000
1.000000
1.000001
1.000033
1.000209
1.000959
1.003376
1.008718
1.016258
1.023836
1.029730
1.033460
1.035444
1.036345
1.036663
1.036540
1.035461
1.031853
1.024118
1.014561
1.007025
1.002782
1.000929
1.000267
1.000066
1.000014
1.000000
1.000000
1.000000
1.000000
1.000000
1.000000
1.000000
1.000000
1.000000
1.000000
1.000000
1.000000
1.000000
1.000000
1.000000
1.000000
1.000000
1.000000
1.000012
1.000065
1.000305
1.001079
1.002784
1.005144
1.007438
1.009143
1.010165
1.010679
1.010900
1.010971
1.010921
1.010585
1.009485
1.007161
1.004328
1.002098
1.000836
1.000280
1.000080
1.000019
1.000002
1.000000
1.000000
1.000000
1.000000
1.000000
1.000000
1.000000
1.000000
1.000000
1.000000
1.000000
1.000000
1.000000
1.000000
1.000000
1.000000
1.000000
1.000000
1.000000
1.000017
1.000085
1.000303
1.000782
1.001433
1.002048
1.002488
1.002742
1.002863
1.002913
1.002930
1.002913
1.002820
1.002524
1.001903
1.001152
1.000560
1.000223
1.000074
1.000020
1.000003
1.000000
1.000000
1.000000
1.000000
1.000000
1.000000
1.000000
1.000000
1.000000
1.000000
1.000000
1.000000
1.000000
1.000000
1.000000
1.000000
1.000000
1.000000
1.000000
1.000000
1.000002
1.000019
1.000075
1.000194
1.000355
1.000504
1.000607
1.000664
1.000691
1.000703
1.000705
1.000701
1.000679
1.000607
1.000457
1.000276
1.000134
1.000054
1.000015
1.000002
1.000000
1.000000
1.000000
1.000000
1.000000
1.000000
1.000000
1.000000
1.000000
1.000000
1.000000
1.000000
1.000000
1.000000
1.000000
1.000000
1.000000
1.000000
1.000000
1.000000
1.000000
1.000000
1.000003
1.000014
1.000041
1.000076
1.000110
1.000132
1.000146
1.000151
1.000153
1.000153
1.000152
1.000148
1.000132
1.000100
1.000060
1.000027
1.000009
1.000001
1.000000
1.000000
1.000000
1.000000
1.000000
1.000000
1.000000
1.000000
1.000000
1.000000
1.000000
1.000000
1.000000
1.000000
1.000000
1.000000
1.000000
1.000000
1.000000
1.000000
1.000000
1.000000
1.000000
1.000000
1.000000
1.000007
1.000013
1.000020
1.000025
1.000027
1.000028
1.000028
1.000028
1.000028
1.000027
1.000024
1.000016
1.000008
1.000003
1.000000
1.000000
1.000000
1.000000
1.000000
1.000000
1.000000
1.000000
1.000000
1.000000
1.000000
1.000000
1.000000
1.000000
1.000000
1.000000
1.000000
1.000000
1.000000
1.000000
1.000000
1.000000
1.000000
1.000000
1.000000
1.000000
1.000000
1.000000
1.000000
1.000002
1.000003
1.000003
1.000003
1.000003
1.000003
1.000003
1.000003
1.000003
1.000001
1.000000
1.000000
1.000000
1.000000
1.000000
1.000000
1.000000
1.000000
1.000000
1.000000
1.000000
1.000000
1.000000
1.000000
1.000000
1.000000
1.000000
1.000000
1.000000
1.000000
1.000000
1.000000
1.000000
1.000000
1.000000
1.000000
1.000000
1.000000
1.000000
1.000000
1.000000
1.000000
1.000000
1.000000
1.000000
1.000000
1.000000
1.000000
1.000000
1.000000
1.000000
1.000000
1.000000
1.000000
1.000000
1.000000
1.000000
1.000000
1.000000
1.000000
1.000000
1.000000
1.000000
1.000000
1.000000
1.000000
1.000000
1.000000
1.000000
1.000000
1.000000
1.000000
1.000000
1.000000
1.000000
1.000000
1.000000
1.000000
1.000000
1.000000
1.000000
1.000000
1.000000
1.000000
1.000000
1.000000
1.000000
1.000000
1.000000
1.000000
1.000000
1.000000
1.000000
1.000000
1.000000
1.000000
1.000000
1.000000
1.000000
1.000000
1.000000
1.000000
1.000000
1.000000
1.000000
1.000000
1.000000
1.000000
1.000000
1.000000
1.000000
1.000000
1.000000
1.000000
1.000000
1.000000
1.000000
1.000000
1.000000
1.000000
1.000000
1.000000
1.000000
1.000000
1.000000
1.000000
1.000000
1.000000
1.000000
1.000000
1.000000
1.000000
1.000000
1.000000
1.000000
1.000000
1.000000
1.000000
1.000000
1.000000
1.000000
1.000000
1.000000
1.000000
1.000000
1.000000
1.000000
1.000000
1.000000
1.000000
1.000000
1.000000
1.000000
1.000000
1.000000
1.000000
1.000000
1.000000
1.000000
1.000000
1.000000
1.000000
1.000000
1.000000
1.000000
1.000000
1.000000
1.000000
1.000000
1.000000
1.000000
1.000000
1.000000
1.000000
1.000000
1.000000
1.000000
1.000000
1.000000
1.000000
1.000000
1.000000
1.000000
1.000000
1.000000
1.000000
1.000000
1.000000
1.000000
1.000000
1.000000
1.000000
1.000000
1.000000
1.000000
1.000000
1.000000
1.000000
1.000000
1.000000
1.000000
1.000000
1.000000
1.000000
1.000000
1.000000
1.000000
1.000000
1.000000
1.000000
1.000000
1.000000
1.000000
1.000000
1.000000
1.000000
1.000000
1.000000
1.000000
1.000000
1.000000
1.000000
1.000000
1.000000
1.000000
1.000000
1.000000
1.000000
1.000000
1.000000
1.000000
1.000000
1.000000
1.000000
1.000000
1.000000
1.000000
1.000000
1.000000
1.000000
1.000000
1.000000
1.000000
1.000000
1.000000
1.000000
1.000000
1.000000
1.000000
1.000000
1.000000
1.000000
1.000000
1.000000
1.000000
1.000000
1.000000
1.000000
1.000000
1.000000
1.000000
1.000000
1.000000
1.000000
1.000000
1.000000
1.000000
1.000000
1.000000
1.000000
1.000000
1.000000
1.000000
1.000000
1.000000
1.000000
1.000000
1.000000
1.000000
1.000000
1.000000
1.000000
1.000000
1.000000
1.000000
1.000000
1.000000
1.000000
1.000000
1.000000
1.000000
1.000000
1.000000
1.000000
1.000000
1.000000
1.000000
1.000000
1.000000
1.000000
1.000000
1.000000
1.000000
1.000000
1.000000
1.000000
1.000000
1.000000
1.000000
1.000000
1.000000
1.000000
1.000000
1.000000
1.000000
1.000000
1.000000
1.000000
1.000000
1.000000
1.000000
1.000000
1.000000
1.000000
1.000000
1.000000
1.000000
1.000000
1.000000
1.000000
1.000000
1.000000
1.000000
1.000000
1.000000
1.000000
1.000000
1.000000
1.000000
1.000000
1.000000
1.000000
1.000000
1.000000
1.000000
1.000000
1.000000
1.000000
1.000000
1.000000
1.000000
1.000000
1.000000
1.000000
1.000000
1.000000
1.000000
