1.000000
1.000000
1.000000
1.000000
1.000000
1.000000
1.000000
1.000000
1.000000
1.000000
1.000000
1.000000
1.000000
1.000000
1.000000
1.000000
1.000000
1.000000
1.000000
1.000000
1.000000
1.000000
1.000000
1.000000
1.000000
1.000000
1.000000
1.000000
1.000000
1.000000
1.000000
1.000000
1.000000
1.000000
1.000000
1.000000
1.000000
1.000000
1.000000
1.000000
1.000000
1.000000
1.000000
1.000000
1.000000
1.000000
1.000000
1.000000
1.000000
1.000000
1.000000
1.000000
1.000000
1.000000
1.000000
1.000000
1.000000
1.000000
1.000000
1.000000
1.000000
1.000000
1.000000
1.000000
1.000000
1.000000
1.000000
1.000000
1.000000
1.000000
1.000000
1.000000
1.000000
1.000000
1.000000
1.000000
1.000000
1.000000
1.000000
1.000000
1.000000
1.000000
1.000000
1.000000
1.000000
1.000000
1.000000
1.000000
1.000000
1.000000
1.000000
1.000000
1.000000
1.000000
1.000000
1.000000
1.000000
1.000000
1.000000
1.000000
1.000000
1.000000
1.000000
1.000000
1.000000
1.000000
1.000000
1.000000
1.000000
1.000000
1.000000
1.000000
1.000000
1.000000
1.000000
1.000000
1.000000
1.000000
1.000000
1.000000
1.000000
1.000000
1.000000
1.000000
1.000000
1.000000
1.000000
1.000000
1.000000
1.000000
1.000000
1.000000
1.000000
1.000000
1.000000
1.000000
1.000000
1.000000
1.000000
1.000000
1.000000
1.000000
1.000000
1.000000
1.000000
1.000000
1.000000
1.000000
1.000000
1.000000
1.000000
1.000000
1.000000
1.000000
1.000000
1.000000
1.000000
1.000000
1.000000
1.000000
1.000000
1.000000
1.000000
1.000000
1.000000
1.000000
1.000000
1.000000
1.000000
1.000000
1.000000
1.000000
1.000000
1.000000
1.000000
1.000000
1.000000
1.000000
1.000000
1.000000
1.000000
1.000000
1.000000
1.000000
1.000000
1.000000
1.000000
1.000000
1.000000
1.000000
1.000000
1.000000
1.000000
1.000000
1.000000
1.000000
1.000000
1.000000
1.000000
1.000000
1.000000
1.000000
1.000000
1.000000
1.000000
1.000000
1.000000
1.000000
1.000000
1.000000
1.000000
1.000000
1.000000
1.000000
1.000000
1.000000
1.000000
1.000000
1.000000
1.000000
1.000000
1.000000
1.000000
1.000000
1.000000
1.000000
1.000000
1.000000
1.000000
1.000000
1.000000
1.000000
1.000000
1.000000
1.000000
1.000000
1.000000
1.000000
1.000000
1.000000
1.000000
1.000000
1.000000
1.000000
1.000000
1.000000
1.000000
1.000000
1.000000
1.000000
1.000000
1.000000
1.000000
1.000000
1.000000
1.000010
1.000013
1.000027
1.000040
1.000056
1.000062
1.000063
1.000063
1.000063
1.000063
1.000061
1.000053
1.000042
1.000028
1.000015
1.000001
1.000000
1.000000
1.000000
1.000000
1.000000
1.000000
1.000000
1.000000
1.000000
1.000000
1.000000
1.000000
1.000000
1.000000
1.000000
1.000000
1.000000
1.000000
1.000000
1.000000
1.000000
1.000000
1.000000
1.000000
1.000013
1.000085
1.000216
1.000384
1.000518
1.000606
1.000647
1.000664
1.000674
1.000675
1.000671
1.000654
1.000588
1.000458
1.000289
1.000148
1.000062
1.000022
1.000009
1.000000
1.000000
1.000000
1.000000
1.000000
1.000000
1.000000
1.000000
1.000000
1.000000
1.000000
1.000000
1.000000
1.000000
1.000000
1.000000
1.000000
1.000000
1.000000
1.000000
1.000010
1.000049
1.000217
1.000733
1.001780
1.003072
1.004163
1.004863
1.005221
1.005373
1.005426
1.005444
1.005416
1.005275
1.004812
1.003782
1.002422
1.001252
1.000531
1.000188
1.000057
1.000014
1.000001
1.000000
1.000000
1.000000
1.000000
1.000000
1.000000
1.000000
1.000000
1.000000
1.000000
1.000000
1.000000
1.000000
1.000000
1.000000
1.000000
1.000000
1.000013
1.000053
1.000296
1.001294
1.004270
1.010168
1.017378
1.023531
1.027547
1.029671
1.030612
1.030970
1.031065
1.030944
1.030244
1.027836
1.022276
1.014575
1.007665
1.003281
1.001170
1.000355
1.000093
1.000020
1.000006
1.000000
1.000000
1.000000
1.000000
1.000000
1.000000
1.000000
1.000000
1.000000
1.000000
1.000000
1.000000
1.000000
1.000000
1.000000
1.000000
1.000027
1.000209
1.001149
1.004947
1.015958
1.037050
1.062409
1.084249
1.098997
1.107211
1.111098
1.112683
1.113182
1.112911
1.110840
1.103360
1.085017
1.057450
1.030956
1.013428
1.004814
1.001464
1.000386
1.000088
1.000020
1.000005
1.000000
1.000000
1.000000
1.000000
1.000000
1.000000
1.000000
1.000000
1.000000
1.000000
1.000000
1.000000
1.000000
1.000000
1.000013
1.000071
1.000478
1.002595
1.011047
1.035105
1.080156
1.134173
1.181825
1.215586
1.235667
1.245936
1.250502
1.252175
1.251996
1.248300
1.234124
1.197278
1.137205
1.075327
1.032831
1.011723
1.003541
1.000927
1.000215
1.000047
1.000010
1.000000
1.000000
1.000000
1.000000
1.000000
1.000000
1.000000
1.000000
1.000000
1.000000
1.000000
1.000000
1.000000
1.000000
1.000014
1.000115
1.000763
1.004139
1.017560
1.055477
1.126001
1.211561
1.289609
1.347847
1.384840
1.405223
1.415056
1.419089
1.419569
1.414598
1.393987
1.337684
1.239549
1.132697
1.057540
1.020294
1.006049
1.001563
1.000360
1.000075
1.000016
1.000001
1.000000
1.000000
1.000000
1.000000
1.000000
1.000000
1.000000
1.000000
1.000000
1.000000
1.000000
1.000000
1.000000
1.000019
1.000148
1.000982
1.005340
1.022679
1.071726
1.163407
1.276888
1.384175
1.468235
1.524838
1.558111
1.575303
1.582976
1.584818
1.579131
1.553079
1.478985
1.343377
1.190152
1.081425
1.028226
1.008276
1.002114
1.000481
1.000099
1.000021
1.000003
1.000000
1.000000
1.000000
1.000000
1.000000
1.000000
1.000000
1.000000
1.000000
1.000000
1.000000
1.000000
1.000000
1.000021
1.000168
1.001117
1.006073
1.025877
1.082193
1.188536
1.323035
1.454417
1.561740
1.637584
1.684565
1.710199
1.722371
1.726139
1.720235
1.689786
1.600485
1.431828
1.237535
1.100119
1.034097
1.009848
1.002485
1.000560
1.000116
1.000023
1.000003
1.000000
1.000000
1.000000
1.000000
1.000000
1.000000
1.000000
1.000000
1.000000
1.000000
1.000000
1.000000
1.000000
1.000021
1.000179
1.001183
1.006444
1.027539
1.087862
1.202936
1.351166
1.499814
1.625281
1.717322
1.776667
1.810409
1.827154
1.833031
1.827221
1.793319
1.691750
1.496669
1.270633
1.112373
1.037712
1.010765
1.002692
1.000602
1.000124
1.000024
1.000003
1.000000
1.000000
1.000000
1.000000
1.000000
1.000000
1.000000
1.000000
1.000000
1.000000
1.000000
1.000000
1.000000
1.000021
1.000181
1.001208
1.006602
1.028278
1.090515
1.210117
1.366200
1.525666
1.663446
1.767263
1.836146
1.876471
1.897100
1.904852
1.899246
1.862755
1.752029
1.537978
1.290516
1.119243
1.039610
1.011220
1.002793
1.000621
1.000126
1.000024
1.000003
1.000000
1.000000
1.000000
1.000000
1.000000
1.000000
1.000000
1.000000
1.000000
1.000000
1.000000
1.000000
1.000000
1.000021
1.000182
1.001220
1.006663
1.028565
1.091601
1.213272
1.373310
1.538728
1.683812
1.795063
1.870284
1.915168
1.938582
1.947719
1.942293
1.904010
1.787110
1.560980
1.300894
1.122584
1.040475
1.011417
1.002832
1.000629
1.000126
1.000024
1.000003
1.000000
1.000000
1.000000
1.000000
1.000000
1.000000
1.000000
1.000000
1.000000
1.000000
1.000000
1.000000
1.000000
1.000021
1.000182
1.001221
1.006680
1.028651
1.091959
1.214443
1.376222
1.544516
1.693395
1.808737
1.887604
1.935204
1.960321
1.970320
1.965002
1.925593
1.804974
1.572063
1.305513
1.123943
1.040796
1.011483
1.002846
1.000630
1.000127
1.000024
1.000003
1.000000
1.000000
1.000000
1.000000
1.000000
1.000000
1.000000
1.000000
1.000000
1.000000
1.000000
1.000000
1.000000
1.000021
1.000181
1.001215
1.006654
1.028551
1.091742
1.214243
1.376465
1.545804
1.696280
1.813482
1.894090
1.943026
1.968994
1.979421
1.974116
1.934004
1.811272
1.575018
1.306044
1.123802
1.040672
1.011436
1.002830
1.000626
1.000126
1.000024
1.000003
1.000000
1.000000
1.000000
1.000000
1.000000
1.000000
1.000000
1.000000
1.000000
1.000000
1.000000
1.000000
1.000000
1.000020
1.000174
1.001173
1.006444
1.027754
1.089579
1.210234
1.370853
1.539150
1.689117
1.806166
1.886785
1.935765
1.961749
1.972129
1.966584
1.925665
1.801213
1.564010
1.297765
1.119733
1.039203
1.011002
1.002720
1.000604
1.000121
1.000023
1.000003
1.000000
1.000000
1.000000
1.000000
1.000000
1.000000
1.000000
1.000000
1.000000
1.000000
1.000000
1.000000
1.000000
1.000018
1.000154
1.001021
1.005651
1.024615
1.080684
1.192719
1.344530
1.505207
1.648907
1.760903
1.837611
1.883795
1.907974
1.917219
1.910613
1.867820
1.741177
1.509190
1.261850
1.103464
1.033579
1.009384
1.002314
1.000513
1.000102
1.000018
1.000002
1.000000
1.000000
1.000000
1.000000
1.000000
1.000000
1.000000
1.000000
1.000000
1.000000
1.000000
1.000000
1.000000
1.000013
1.000110
1.000748
1.004192
1.018572
1.062380
1.153409
1.280614
1.417453
1.540076
1.634661
1.698128
1.735268
1.753973
1.760181
1.751692
1.707797
1.586505
1.384484
1.189874
1.073497
1.023686
1.006606
1.001626
1.000358
1.000071
1.000012
1.000000
1.000000
1.000000
1.000000
1.000000
1.000000
1.000000
1.000000
1.000000
1.000000
1.000000
1.000000
1.000000
1.000000
1.000007
1.000064
1.000454
1.002562
1.011532
1.039649
1.100282
1.187310
1.281653
1.365162
1.427668
1.467814
1.490084
1.500542
1.502951
1.494198
1.457171
1.364147
1.227364
1.108920
1.041811
1.013498
1.003778
1.000931
1.000203
1.000041
1.000005
1.000000
1.000000
1.000000
1.000000
1.000000
1.000000
1.000000
1.000000
1.000000
1.000000
1.000000
1.000000
1.000000
1.000000
1.000000
1.000031
1.000227
1.001293
1.005890
1.020582
1.052970
1.099805
1.149853
1.192590
1.222922
1.241189
1.250630
1.254670
1.254950
1.248980
1.226702
1.175068
1.106205
1.050391
1.019431
1.006324
1.001782
1.000441
1.000095
1.000019
1.000002
1.000000
1.000000
1.000000
1.000000
1.000000
1.000000
1.000000
1.000000
1.000000
1.000000
1.000000
1.000000
1.000000
1.000000
1.000000
1.000014
1.000093
1.000546
1.002513
1.008865
1.022969
1.043160
1.064056
1.081009
1.092288
1.098615
1.101652
1.102824
1.102644
1.099828
1.090023
1.068389
1.041078
1.019548
1.007609
1.002499
1.000709
1.000175
1.000038
1.000005
1.000000
1.000000
1.000000
1.000000
1.000000
1.000000
1.000000
1.000000
1.000000
1.000000
1.000000
1.000000
1.000000
1.000000
1.000000
1.000000
1.000001
1.000030
1.000197
1.000914
1.003239
1.008398
1.015650
1.022883
1.028452
1.031935
1.033764
1.034584
1.034869
1.034745
1.033715
1.030258
1.022828
1.013697
1.006557
1.002575
1.000852
1.000242
1.000059
1.000012
1.000000
1.000000
1.000000
1.000000
1.000000
1.000000
1.000000
1.000000
1.000000
1.000000
1.000000
1.000000
1.000000
1.000000
1.000000
1.000000
1.000000
1.000000
1.000011
1.000061
1.000287
1.001024
1.002652
1.004897
1.007061
1.008653
1.009597
1.010065
1.010265
1.010328
1.010278
1.009962
1.008920
1.006710
1.004031
1.001940
1.000766
1.000254
1.000072
1.000017
1.000001
1.000000
1.000000
1.000000
1.000000
1.000000
1.000000
1.000000
1.000000
1.000000
1.000000
1.000000
1.000000
1.000000
1.000000
1.000000
1.000000
1.000000
1.000000
1.000000
1.000016
1.000079
1.000284
1.000736
1.001349
1.001923
1.002329
1.002560
1.002670
1.002715
1.002730
1.002713
1.002627
1.002350
1.001766
1.001062
1.000512
1.000203
1.000067
1.000018
1.000002
1.000000
1.000000
1.000000
1.000000
1.000000
1.000000
1.000000
1.000000
1.000000
1.000000
1.000000
1.000000
1.000000
1.000000
1.000000
1.000000
1.000000
1.000000
1.000000
1.000000
1.000001
1.000017
1.000069
1.000181
1.000330
1.000467
1.000562
1.000613
1.000638
1.000648
1.000650
1.000646
1.000625
1.000558
1.000419
1.000251
1.000121
1.000048
1.000014
1.000001
1.000000
1.000000
1.000000
1.000000
1.000000
1.000000
1.000000
1.000000
1.000000
1.000000
1.000000
1.000000
1.000000
1.000000
1.000000
1.000000
1.000000
1.000000
1.000000
1.000000
1.000000
1.000000
1.000002
1.000013
1.000037
1.000069
1.000101
1.000121
1.000134
1.000138
1.000139
1.000140
1.000139
1.000134
1.000120
1.000091
1.000054
1.000024
1.000007
1.000000
1.000000
1.000000
1.000000
1.000000
1.000000
1.000000
1.000000
1.000000
1.000000
1.000000
1.000000
1.000000
1.000000
1.000000
1.000000
1.000000
1.000000
1.000000
1.000000
1.000000
1.000000
1.000000
1.000000
1.000000
1.000000
1.000006
1.000012
1.000018
1.000022
1.000024
1.000025
1.000025
1.000025
1.000025
1.000024
1.000021
1.000014
1.000007
1.000002
1.000000
1.000000
1.000000
1.000000
1.000000
1.000000
1.000000
1.000000
1.000000
1.000000
1.000000
1.000000
1.000000
1.000000
1.000000
1.000000
1.000000
1.000000
1.000000
1.000000
1.000000
1.000000
1.000000
1.000000
1.000000
1.000000
1.000000
1.000000
1.000000
1.000001
1.000002
1.000003
1.000003
1.000003
1.000003
1.000003
1.000003
1.000002
1.000000
1.000000
1.000000
1.000000
1.000000
1.000000
1.000000
1.000000
1.000000
1.000000
1.000000
1.000000
1.000000
1.000000
1.000000
1.000000
1.000000
1.000000
1.000000
1.000000
1.000000
1.000000
1.000000
1.000000
1.000000
1.000000
1.000000
1.000000
1.000000
1.000000
1.000000
1.000000
1.000000
1.000000
1.000000
1.000000
1.000000
1.000000
1.000000
1.000000
1.000000
1.000000
1.000000
1.000000
1.000000
1.000000
1.000000
1.000000
1.000000
1.000000
1.000000
1.000000
1.000000
1.000000
1.000000
1.000000
1.000000
1.000000
1.000000
1.000000
1.000000
1.000000
1.000000
1.000000
1.000000
1.000000
1.000000
1.000000
1.000000
1.000000
1.000000
1.000000
1.000000
1.000000
1.000000
1.000000
1.000000
1.000000
1.000000
1.000000
1.000000
1.000000
1.000000
1.000000
1.000000
1.000000
1.000000
1.000000
1.000000
1.000000
1.000000
1.000000
1.000000
1.000000
1.000000
1.000000
1.000000
1.000000
1.000000
1.000000
1.000000
1.000000
1.000000
1.000000
1.000000
1.000000
1.000000
1.000000
1.000000
1.000000
1.000000
1.000000
1.000000
1.000000
1.000000
1.000000
1.000000
1.000000
1.000000
1.000000
1.000000
1.000000
1.000000
1.000000
1.000000
1.000000
1.000000
1.000000
1.000000
1.000000
1.000000
1.000000
1.000000
1.000000
1.000000
1.000000
1.000000
1.000000
1.000000
1.000000
1.000000
1.000000
1.000000
1.000000
1.000000
1.000000
1.000000
1.000000
1.000000
1.000000
1.000000
1.000000
1.000000
1.000000
1.000000
1.000000
1.000000
1.000000
1.000000
1.000000
1.000000
1.000000
1.000000
1.000000
1.000000
1.000000
1.000000
1.000000
1.000000
1.000000
1.000000
1.000000
1.000000
1.000000
1.000000
1.000000
1.000000
1.000000
1.000000
1.000000
1.000000
1.000000
1.000000
1.000000
1.000000
1.000000
1.000000
1.000000
1.000000
1.000000
1.000000
1.000000
1.000000
1.000000
1.000000
1.000000
1.000000
1.000000
1.000000
1.000000
1.000000
1.000000
1.000000
1.000000
1.000000
1.000000
1.000000
1.000000
1.000000
1.000000
1.000000
1.000000
1.000000
1.000000
1.000000
1.000000
1.000000
1.000000
1.000000
1.000000
1.000000
1.000000
1.000000
1.000000
1.000000
1.000000
1.000000
1.000000
1.000000
1.000000
1.000000
1.000000
1.000000
1.000000
1.000000
1.000000
1.000000
1.000000
1.000000
1.000000
1.000000
1.000000
1.000000
1.000000
1.000000
1.000000
1.000000
1.000000
1.000000
1.000000
1.000000
1.000000
1.000000
1.000000
1.000000
1.000000
1.000000
1.000000
1.000000
1.000000
1.000000
1.000000
1.000000
1.000000
1.000000
1.000000
1.000000
1.000000
1.000000
1.000000
1.000000
1.000000
1.000000
1.000000
1.000000
1.000000
1.000000
1.000000
1.000000
1.000000
1.000000
1.000000
1.000000
1.000000
1.000000
1.000000
1.000000
1.000000
1.000000
1.000000
1.000000
1.000000
1.000000
1.000000
1.000000
1.000000
1.000000
1.000000
1.000000
1.000000
1.000000
1.000000
1.000000
1.000000
1.000000
1.000000
1.000000
1.000000
1.000000
1.000000
1.000000
1.000000
1.000000
1.000000
1.000000
1.000000
1.000000
1.000000
1.000000
1.000000
1.000000
1.000000
1.000000
1.000000
1.000000
1.000000
1.000000
1.000000
1.000000
1.000000
1.000000
1.000000
1.000000
1.000000
1.000000
1.000000
1.000000
1.000000
1.000000
1.000000
1.000000
1.000000
1.000000
1.000000
1.000000
1.000000
1.000000
1.000000
