1.000000
1.000000
1.000000
1.000000
1.000000
1.000000
1.000000
1.000000
1.000000
1.000000
1.000000
1.000000
1.000000
1.000000
1.000000
1.000000
1.000000
1.000000
1.000000
1.000000
1.000000
1.000000
1.000000
1.000000
1.000000
1.000000
1.000000
1.000000
1.000000
1.000000
1.000000
1.000000
1.000000
1.000000
1.000000
1.000000
1.000000
1.000000
1.000000
1.000000
1.000000
1.000000
1.000000
1.000000
1.000000
1.000000
1.000000
1.000000
1.000000
1.000000
1.000000
1.000000
1.000000
1.000000
1.000000
1.000000
1.000000
1.000000
1.000000
1.000000
1.000000
1.000000
1.000000
1.000000
1.000000
1.000000
1.000000
1.000000
1.000000
1.000000
1.000000
1.000000
1.000000
1.000000
1.000000
1.000000
1.000000
1.000000
1.000000
1.000000
1.000000
1.000000
1.000000
1.000000
1.000000
1.000000
1.000000
1.000000
1.000000
1.000000
1.000000
1.000000
1.000000
1.000000
1.000000
1.000000
1.000000
1.000000
1.000000
1.000000
1.000000
1.000000
1.000000
1.000000
1.000000
1.000000
1.000000
1.000000
1.000000
1.000000
1.000000
1.000000
1.000000
1.000000
1.000000
1.000000
1.000000
1.000000
1.000000
1.000000
1.000000
1.000000
1.000000
1.000000
1.000000
1.000000
1.000000
1.000000
1.000000
1.000000
1.000000
1.000000
1.000000
1.000000
1.000000
1.000000
1.000000
1.000000
1.000000
1.000000
1.000000
1.000000
1.000000
1.000000
1.000000
1.000000
1.000000
1.000000
1.000000
1.000000
1.000000
1.000000
1.000000
1.000000
1.000000
1.000000
1.000000
1.000000
1.000000
1.000000
1.000000
1.000000
1.000000
1.000000
1.000000
1.000000
1.000000
1.000000
1.000000
1.000000
1.000000
1.000000
1.000000
1.000000
1.000000
1.000000
1.000000
1.000000
1.000000
1.000000
1.000000
1.000000
1.000000
1.000000
1.000000
1.000000
1.000000
1.000000
1.000000
1.000000
1.000000
1.000000
1.000000
1.000000
1.000000
1.000000
1.000000
1.000000
1.000000
1.000000
1.000000
1.000000
1.000000
1.000000
1.000000
1.000000
1.000000
1.000000
1.000000
1.000000
1.000000
1.000000
1.000000
1.000000
1.000000
1.000000
1.000000
1.000000
1.000000
1.000001
1.000001
1.000001
1.000001
1.000001
1.000001
1.000000
1.000000
1.000000
1.000000
1.000000
1.000000
1.000000
1.000000
1.000000
1.000000
1.000000
1.000000
1.000000
1.000000
1.000000
1.000000
1.000000
1.000000
1.000000
1.000000
1.000000
1.000000
1.000000
1.000000
1.000000
1.000000
1.000000
1.000000
1.000000
1.000000
1.000010
1.000013
1.000027
1.000040
1.000060
1.000068
1.000069
1.000069
1.000069
1.000069
1.000068
1.000062
1.000048
1.000035
1.000019
1.000005
1.000000
1.000000
1.000000
1.000000
1.000000
1.000000
1.000000
1.000000
1.000000
1.000000
1.000000
1.000000
1.000000
1.000000
1.000000
1.000000
1.000000
1.000000
1.000000
1.000000
1.000000
1.000000
1.000000
1.000000
1.000013
1.000085
1.000216
1.000383
1.000522
1.000621
1.000669
1.000691
1.000703
1.000705
1.000701
1.000683
1.000617
1.000491
1.000321
1.000175
1.000076
1.000031
1.000013
1.000000
1.000000
1.000000
1.000000
1.000000
1.000000
1.000000
1.000000
1.000000
1.000000
1.000000
1.000000
1.000000
1.000000
1.000000
1.000000
1.000000
1.000000
1.000000
1.000000
1.000013
1.000052
1.000217
1.000704
1.001663
1.002872
1.003943
1.004664
1.005054
1.005231
1.005299
1.005321
1.005294
1.005156
1.004726
1.003790
1.002523
1.001375
1.000619
1.000235
1.000076
1.000022
1.000005
1.000000
1.000000
1.000000
1.000000
1.000000
1.000000
1.000000
1.000000
1.000000
1.000000
1.000000
1.000000
1.000000
1.000000
1.000000
1.000000
1.000000
1.000013
1.000057
1.000299
1.001231
1.003880
1.009004
1.015400
1.021086
1.024987
1.027165
1.028190
1.028604
1.028725
1.028619
1.027974
1.025854
1.021084
1.014325
1.007940
1.003616
1.001379
1.000450
1.000128
1.000031
1.000010
1.000000
1.000000
1.000000
1.000000
1.000000
1.000000
1.000000
1.000000
1.000000
1.000000
1.000000
1.000000
1.000000
1.000000
1.000000
1.000000
1.000031
1.000217
1.001120
1.004544
1.014026
1.031815
1.053650
1.073164
1.086934
1.094984
1.098996
1.100725
1.101312
1.101103
1.099258
1.092859
1.077627
1.054349
1.030860
1.014256
1.005472
1.001787
1.000506
1.000127
1.000029
1.000009
1.000000
1.000000
1.000000
1.000000
1.000000
1.000000
1.000000
1.000000
1.000000
1.000000
1.000000
1.000000
1.000000
1.000000
1.000013
1.000079
1.000500
1.002551
1.010253
1.031168
1.069539
1.116369
1.158994
1.190332
1.209758
1.220151
1.225005
1.226892
1.226863
1.223597
1.211459
1.180834
1.130244
1.075501
1.035150
1.013473
1.004377
1.001233
1.000306
1.000070
1.000018
1.000002
1.000000
1.000000
1.000000
1.000000
1.000000
1.000000
1.000000
1.000000
1.000000
1.000000
1.000000
1.000000
1.000000
1.000018
1.000132
1.000822
1.004165
1.016662
1.050298
1.111492
1.186756
1.257223
1.311485
1.347218
1.367727
1.378080
1.382558
1.383349
1.379023
1.361318
1.314249
1.231124
1.135669
1.063093
1.023949
1.007686
1.002139
1.000530
1.000119
1.000028
1.000006
1.000000
1.000000
1.000000
1.000000
1.000000
1.000000
1.000000
1.000000
1.000000
1.000000
1.000000
1.000000
1.000000
1.000023
1.000175
1.001080
1.005496
1.021996
1.066395
1.147416
1.248746
1.346703
1.425625
1.480561
1.514129
1.532256
1.540774
1.543213
1.538438
1.516062
1.453800
1.338020
1.199183
1.091814
1.034314
1.010839
1.002979
1.000730
1.000162
1.000036
1.000007
1.000000
1.000000
1.000000
1.000000
1.000000
1.000000
1.000000
1.000000
1.000000
1.000000
1.000000
1.000000
1.000000
1.000026
1.000201
1.001249
1.006364
1.025540
1.077373
1.172811
1.294541
1.415891
1.517663
1.591933
1.639747
1.667034
1.680686
1.685499
1.680856
1.654767
1.579354
1.433973
1.254954
1.115957
1.042588
1.013238
1.003592
1.000870
1.000191
1.000041
1.000008
1.000000
1.000000
1.000000
1.000000
1.000000
1.000000
1.000000
1.000000
1.000000
1.000000
1.000000
1.000000
1.000000
1.000028
1.000216
1.001342
1.006833
1.027504
1.083689
1.188170
1.323840
1.462634
1.582906
1.674065
1.735223
1.771661
1.790764
1.798293
1.794158
1.765179
1.678886
1.508822
1.296842
1.133094
1.048118
1.014758
1.003964
1.000952
1.000208
1.000044
1.000008
1.000000
1.000000
1.000000
1.000000
1.000000
1.000000
1.000000
1.000000
1.000000
1.000000
1.000000
1.000000
1.000000
1.000029
1.000222
1.001380
1.007049
1.028439
1.086834
1.196284
1.340338
1.490593
1.624016
1.728045
1.800015
1.844281
1.868276
1.878368
1.874863
1.843687
1.748906
1.560049
1.324119
1.143559
1.051284
1.015581
1.004156
1.000992
1.000216
1.000044
1.000008
1.000000
1.000000
1.000000
1.000000
1.000000
1.000000
1.000000
1.000000
1.000000
1.000000
1.000000
1.000000
1.000000
1.000029
1.000224
1.001395
1.007138
1.028827
1.088210
1.200071
1.348594
1.505504
1.647160
1.759777
1.839361
1.889397
1.917143
1.929263
1.926306
1.893543
1.792671
1.590932
1.339645
1.149126
1.052861
1.015968
1.004243
1.001009
1.000218
1.000044
1.000008
1.000000
1.000000
1.000000
1.000000
1.000000
1.000000
1.000000
1.000000
1.000000
1.000000
1.000000
1.000000
1.000000
1.000029
1.000224
1.001400
1.007165
1.028957
1.088710
1.201590
1.352210
1.512537
1.658741
1.776389
1.860654
1.914376
1.944591
1.958079
1.955496
1.921665
1.816836
1.607222
1.347285
1.151652
1.053522
1.016118
1.004275
1.001016
1.000219
1.000044
1.000008
1.000000
1.000000
1.000000
1.000000
1.000000
1.000000
1.000000
1.000000
1.000000
1.000000
1.000000
1.000000
1.000000
1.000029
1.000223
1.001394
1.007142
1.028880
1.088580
1.201615
1.352913
1.514648
1.662962
1.783123
1.869840
1.925559
1.957141
1.971390
1.968982
1.934433
1.827178
1.613230
1.349322
1.151963
1.053485
1.016080
1.004258
1.001009
1.000217
1.000044
1.000008
1.000000
1.000000
1.000000
1.000000
1.000000
1.000000
1.000000
1.000000
1.000000
1.000000
1.000000
1.000000
1.000000
1.000027
1.000214
1.001351
1.006940
1.028157
1.086725
1.198305
1.348438
1.509602
1.657929
1.778499
1.865775
1.921995
1.953917
1.968310
1.965746
1.930376
1.821130
1.605028
1.341900
1.147751
1.051791
1.015534
1.004108
1.000973
1.000209
1.000043
1.000007
1.000000
1.000000
1.000000
1.000000
1.000000
1.000000
1.000000
1.000000
1.000000
1.000000
1.000000
1.000000
1.000000
1.000023
1.000193
1.001198
1.006193
1.025386
1.079268
1.184051
1.327323
1.482656
1.626302
1.743150
1.827510
1.881552
1.911966
1.925322
1.921717
1.884455
1.772352
1.557664
1.307592
1.130549
1.045312
1.013524
1.003567
1.000844
1.000182
1.000036
1.000006
1.000000
1.000000
1.000000
1.000000
1.000000
1.000000
1.000000
1.000000
1.000000
1.000000
1.000000
1.000000
1.000000
1.000017
1.000145
1.000912
1.004765
1.019854
1.063408
1.151182
1.274762
1.411097
1.537872
1.640495
1.713578
1.759426
1.784473
1.794555
1.788633
1.749104
1.637914
1.441756
1.233858
1.096882
1.033299
1.009906
1.002609
1.000616
1.000132
1.000024
1.000003
1.000000
1.000000
1.000000
1.000000
1.000000
1.000000
1.000000
1.000000
1.000000
1.000000
1.000000
1.000000
1.000000
1.000011
1.000089
1.000579
1.003067
1.012989
1.042455
1.104053
1.193346
1.293185
1.385662
1.459044
1.509594
1.539955
1.555608
1.560730
1.553071
1.516778
1.424307
1.279632
1.142689
1.058282
1.020009
1.005969
1.001575
1.000369
1.000078
1.000013
1.000000
1.000000
1.000000
1.000000
1.000000
1.000000
1.000000
1.000000
1.000000
1.000000
1.000000
1.000000
1.000000
1.000000
1.000003
1.000046
1.000310
1.001648
1.007065
1.023489
1.058671
1.110351
1.167823
1.219734
1.259218
1.284960
1.299470
1.306362
1.307797
1.301499
1.277066
1.220226
1.140221
1.070376
1.028762
1.009944
1.002986
1.000791
1.000185
1.000039
1.000006
1.000000
1.000000
1.000000
1.000000
1.000000
1.000000
1.000000
1.000000
1.000000
1.000000
1.000000
1.000000
1.000000
1.000000
1.000000
1.000020
1.000139
1.000745
1.003229
1.010849
1.027331
1.051433
1.077587
1.100204
1.116437
1.126339
1.131536
1.133785
1.133888
1.130470
1.118549
1.092434
1.057995
1.029085
1.011986
1.004185
1.001267
1.000337
1.000077
1.000016
1.000001
1.000000
1.000000
1.000000
1.000000
1.000000
1.000000
1.000000
1.000000
1.000000
1.000000
1.000000
1.000000
1.000000
1.000000
1.000000
1.000007
1.000050
1.000289
1.001262
1.004263
1.010759
1.020119
1.029948
1.038042
1.043515
1.046643
1.048175
1.048778
1.048685
1.047294
1.042715
1.033011
1.020640
1.010403
1.004327
1.001524
1.000463
1.000124
1.000028
1.000004
1.000000
1.000000
1.000000
1.000000
1.000000
1.000000
1.000000
1.000000
1.000000
1.000000
1.000000
1.000000
1.000000
1.000000
1.000000
1.000000
1.000000
1.000016
1.000098
1.000428
1.001452
1.003661
1.006789
1.009970
1.012475
1.014080
1.014946
1.015348
1.015491
1.015435
1.014968
1.013478
1.010378
1.006491
1.003289
1.001377
1.000488
1.000148
1.000039
1.000008
1.000000
1.000000
1.000000
1.000000
1.000000
1.000000
1.000000
1.000000
1.000000
1.000000
1.000000
1.000000
1.000000
1.000000
1.000000
1.000000
1.000000
1.000000
1.000003
1.000025
1.000126
1.000435
1.001097
1.002018
1.002929
1.003619
1.004043
1.004260
1.004356
1.004391
1.004369
1.004232
1.003804
1.002924
1.001831
1.000931
1.000391
1.000139
1.000042
1.000010
1.000000
1.000000
1.000000
1.000000
1.000000
1.000000
1.000000
1.000000
1.000000
1.000000
1.000000
1.000000
1.000000
1.000000
1.000000
1.000000
1.000000
1.000000
1.000000
1.000000
1.000005
1.000030
1.000115
1.000292
1.000534
1.000769
1.000941
1.001044
1.001094
1.001117
1.001125
1.001117
1.001082
1.000972
1.000746
1.000467
1.000237
1.000099
1.000034
1.000009
1.000000
1.000000
1.000000
1.000000
1.000000
1.000000
1.000000
1.000000
1.000000
1.000000
1.000000
1.000000
1.000000
1.000000
1.000000
1.000000
1.000000
1.000000
1.000000
1.000000
1.000000
1.000000
1.000006
1.000024
1.000069
1.000126
1.000180
1.000220
1.000243
1.000256
1.000260
1.000261
1.000260
1.000251
1.000226
1.000172
1.000107
1.000055
1.000020
1.000005
1.000000
1.000000
1.000000
1.000000
1.000000
1.000000
1.000000
1.000000
1.000000
1.000000
1.000000
1.000000
1.000000
1.000000
1.000000
1.000000
1.000000
1.000000
1.000000
1.000000
1.000000
1.000000
1.000000
1.000000
1.000004
1.000013
1.000026
1.000039
1.000047
1.000051
1.000053
1.000054
1.000054
1.000054
1.000052
1.000046
1.000034
1.000019
1.000008
1.000002
1.000000
1.000000
1.000000
1.000000
1.000000
1.000000
1.000000
1.000000
1.000000
1.000000
1.000000
1.000000
1.000000
1.000000
1.000000
1.000000
1.000000
1.000000
1.000000
1.000000
1.000000
1.000000
1.000000
1.000000
1.000000
1.000000
1.000000
1.000004
1.000006
1.000006
1.000007
1.000008
1.000008
1.000008
1.000008
1.000007
1.000006
1.000004
1.000001
1.000000
1.000000
1.000000
1.000000
1.000000
1.000000
1.000000
1.000000
1.000000
1.000000
1.000000
1.000000
1.000000
1.000000
1.000000
1.000000
1.000000
1.000000
1.000000
1.000000
1.000000
1.000000
1.000000
1.000000
1.000000
1.000000
1.000000
1.000000
1.000000
1.000000
1.000000
1.000000
1.000000
1.000000
1.000000
1.000000
1.000000
1.000000
1.000000
1.000000
1.000000
1.000000
1.000000
1.000000
1.000000
1.000000
1.000000
1.000000
1.000000
1.000000
1.000000
1.000000
1.000000
1.000000
1.000000
1.000000
1.000000
1.000000
1.000000
1.000000
1.000000
1.000000
1.000000
1.000000
1.000000
1.000000
1.000000
1.000000
1.000000
1.000000
1.000000
1.000000
1.000000
1.000000
1.000000
1.000000
1.000000
1.000000
1.000000
1.000000
1.000000
1.000000
1.000000
1.000000
1.000000
1.000000
1.000000
1.000000
1.000000
1.000000
1.000000
1.000000
1.000000
1.000000
1.000000
1.000000
1.000000
1.000000
1.000000
1.000000
1.000000
1.000000
1.000000
1.000000
1.000000
1.000000
1.000000
1.000000
1.000000
1.000000
1.000000
1.000000
1.000000
1.000000
1.000000
1.000000
1.000000
1.000000
1.000000
1.000000
1.000000
1.000000
1.000000
1.000000
1.000000
1.000000
1.000000
1.000000
1.000000
1.000000
1.000000
1.000000
1.000000
1.000000
1.000000
1.000000
1.000000
1.000000
1.000000
1.000000
1.000000
1.000000
1.000000
1.000000
1.000000
1.000000
1.000000
1.000000
1.000000
1.000000
1.000000
1.000000
1.000000
1.000000
1.000000
1.000000
1.000000
1.000000
1.000000
1.000000
1.000000
1.000000
1.000000
1.000000
1.000000
1.000000
1.000000
1.000000
1.000000
1.000000
1.000000
1.000000
1.000000
1.000000
1.000000
1.000000
1.000000
1.000000
1.000000
1.000000
1.000000
1.000000
1.000000
1.000000
1.000000
1.000000
1.000000
1.000000
1.000000
1.000000
1.000000
1.000000
1.000000
1.000000
1.000000
1.000000
1.000000
1.000000
1.000000
1.000000
1.000000
1.000000
1.000000
1.000000
1.000000
1.000000
1.000000
1.000000
1.000000
1.000000
1.000000
1.000000
1.000000
1.000000
1.000000
1.000000
1.000000
1.000000
1.000000
1.000000
1.000000
1.000000
1.000000
1.000000
1.000000
1.000000
1.000000
1.000000
1.000000
1.000000
1.000000
1.000000
1.000000
1.000000
1.000000
1.000000
1.000000
1.000000
1.000000
1.000000
1.000000
1.000000
1.000000
1.000000
1.000000
1.000000
1.000000
1.000000
1.000000
1.000000
1.000000
1.000000
1.000000
1.000000
1.000000
1.000000
1.000000
1.000000
1.000000
1.000000
1.000000
1.000000
1.000000
1.000000
1.000000
1.000000
1.000000
1.000000
1.000000
1.000000
1.000000
1.000000
1.000000
1.000000
1.000000
1.000000
1.000000
1.000000
1.000000
1.000000
1.000000
1.000000
1.000000
1.000000
1.000000
1.000000
1.000000
1.000000
1.000000
1.000000
1.000000
1.000000
1.000000
1.000000
1.000000
1.000000
1.000000
1.000000
1.000000
1.000000
1.000000
1.000000
1.000000
1.000000
1.000000
1.000000
1.000000
1.000000
1.000000
1.000000
1.000000
1.000000
1.000000
1.000000
1.000000
1.000000
1.000000
1.000000
1.000000
1.000000
1.000000
1.000000
1.000000
1.000000
1.000000
1.000000
1.000000
1.000000
1.000000
1.000000
1.000000
1.000000
1.000000
1.000000
1.000000
1.000000
1.000000
1.000000
1.000000
1.000000
1.000000
1.000000
1.000000
1.000000
1.000000
1.000000
