1.000000
1.000000
1.000000
1.000000
1.000000
1.000000
1.000000
1.000000
1.000000
1.000000
1.000000
1.000000
1.000000
1.000000
1.000000
1.000000
1.000000
1.000000
1.000000
1.000000
1.000000
1.000000
1.000000
1.000000
1.000000
1.000000
1.000000
1.000000
1.000000
1.000000
1.000000
1.000000
1.000000
1.000000
1.000000
1.000000
1.000000
1.000000
1.000000
1.000000
1.000000
1.000000
1.000000
1.000000
1.000000
1.000000
1.000000
1.000000
1.000000
1.000000
1.000000
1.000000
1.000000
1.000000
1.000000
1.000000
1.000000
1.000000
1.000000
1.000000
1.000000
1.000000
1.000000
1.000000
1.000000
1.000000
1.000000
1.000000
1.000000
1.000000
1.000000
1.000000
1.000000
1.000000
1.000000
1.000000
1.000000
1.000000
1.000000
1.000000
1.000000
1.000000
1.000000
1.000000
1.000000
1.000000
1.000000
1.000000
1.000000
1.000000
1.000000
1.000000
1.000000
1.000000
1.000000
1.000000
1.000000
1.000000
1.000000
1.000000
1.000000
1.000000
1.000000
1.000000
1.000000
1.000000
1.000000
1.000000
1.000000
1.000000
1.000000
1.000000
1.000000
1.000000
1.000000
1.000000
1.000000
1.000000
1.000000
1.000000
1.000000
1.000000
1.000000
1.000000
1.000000
1.000000
1.000000
1.000000
1.000000
1.000000
1.000000
1.000000
1.000000
1.000000
1.000000
1.000000
1.000000
1.000000
1.000000
1.000000
1.000000
1.000000
1.000000
1.000000
1.000000
1.000000
1.000000
1.000000
1.000000
1.000000
1.000000
1.000000
1.000000
1.000000
1.000000
1.000000
1.000000
1.000000
1.000000
1.000000
1.000000
1.000000
1.000000
1.000000
1.000000
1.000000
1.000000
1.000000
1.000000
1.000000
1.000000
1.000000
1.000000
1.000000
1.000000
1.000000
1.000000
1.000000
1.000000
1.000000
1.000000
1.000000
1.000000
1.000000
1.000000
1.000000
1.000000
1.000000
1.000000
1.000000
1.000000
1.000000
1.000000
1.000000
1.000000
1.000000
1.000000
1.000000
1.000000
1.000000
1.000000
1.000000
1.000000
1.000000
1.000000
1.000000
1.000000
1.000000
1.000000
1.000000
1.000000
1.000000
1.000000
1.000000
1.000000
1.000000
1.000000
1.000000
1.000000
1.000000
1.000000
1.000000
1.000000
1.000000
1.000000
1.000000
1.000000
1.000000
1.000000
1.000000
1.000000
1.000000
1.000000
1.000000
1.000000
1.000000
1.000000
1.000000
1.000000
1.000000
1.000000
1.000000
1.000000
1.000000
1.000000
1.000000
1.000000
1.000000
1.000000
1.000000
1.000000
1.000000
1.000000
1.000000
1.000000
1.000006
1.000013
1.000027
1.000038
1.000040
1.000041
1.000041
1.000041
1.000041
1.000041
1.000040
1.000037
1.000023
1.000013
1.000003
1.000000
1.000000
1.000000
1.000000
1.000000
1.000000
1.000000
1.000000
1.000000
1.000000
1.000000
1.000000
1.000000
1.000000
1.000000
1.000000
1.000000
1.000000
1.000000
1.000000
1.000000
1.000000
1.000000
1.000000
1.000000
1.000013
1.000078
1.000206
1.000356
1.000464
1.000518
1.000541
1.000550
1.000553
1.000554
1.000550
1.000537
1.000479
1.000347
1.000192
1.000081
1.000030
1.000009
1.000000
1.000000
1.000000
1.000000
1.000000
1.000000
1.000000
1.000000
1.000000
1.000000
1.000000
1.000000
1.000000
1.000000
1.000000
1.000000
1.000000
1.000000
1.000000
1.000000
1.000000
1.000000
1.000030
1.000197
1.000768
1.002046
1.003501
1.004567
1.005140
1.005384
1.005468
1.005494
1.005502
1.005476
1.005341
1.004811
1.003519
1.001974
1.000858
1.000298
1.000085
1.000022
1.000004
1.000000
1.000000
1.000000
1.000000
1.000000
1.000000
1.000000
1.000000
1.000000
1.000000
1.000000
1.000000
1.000000
1.000000
1.000000
1.000000
1.000000
1.000000
1.000003
1.000039
1.000260
1.001392
1.005355
1.013957
1.023694
1.030944
1.034975
1.036765
1.037426
1.037632
1.037670
1.037532
1.036711
1.033404
1.024985
1.014346
1.006337
1.002223
1.000640
1.000156
1.000033
1.000007
1.000000
1.000000
1.000000
1.000000
1.000000
1.000000
1.000000
1.000000
1.000000
1.000000
1.000000
1.000000
1.000000
1.000000
1.000000
1.000000
1.000000
1.000016
1.000170
1.001158
1.006006
1.022493
1.056686
1.094840
1.123946
1.141030
1.149190
1.152466
1.153588
1.153863
1.153470
1.150756
1.139337
1.108165
1.064520
1.029173
1.010337
1.002989
1.000728
1.000152
1.000029
1.000007
1.000000
1.000000
1.000000
1.000000
1.000000
1.000000
1.000000
1.000000
1.000000
1.000000
1.000000
1.000000
1.000000
1.000000
1.000000
1.000005
1.000046
1.000378
1.002513
1.012910
1.047696
1.118276
1.197821
1.261231
1.301148
1.321950
1.331145
1.334640
1.335693
1.335173
1.330263
1.308693
1.246330
1.150951
1.068887
1.024284
1.006949
1.001677
1.000351
1.000066
1.000013
1.000000
1.000000
1.000000
1.000000
1.000000
1.000000
1.000000
1.000000
1.000000
1.000000
1.000000
1.000000
1.000000
1.000000
1.000000
1.000009
1.000067
1.000560
1.003732
1.019168
1.070682
1.175117
1.295828
1.396924
1.464983
1.503351
1.521808
1.529470
1.532103
1.531806
1.525038
1.494040
1.400624
1.248635
1.112999
1.039213
1.011027
1.002620
1.000543
1.000100
1.000018
1.000002
1.000000
1.000000
1.000000
1.000000
1.000000
1.000000
1.000000
1.000000
1.000000
1.000000
1.000000
1.000000
1.000000
1.000000
1.000010
1.000082
1.000676
1.004511
1.023260
1.086148
1.214971
1.368294
1.502638
1.598339
1.655825
1.685385
1.698514
1.703429
1.703716
1.695557
1.656678
1.536321
1.333317
1.149606
1.050911
1.014056
1.003292
1.000674
1.000123
1.000021
1.000003
1.000000
1.000000
1.000000
1.000000
1.000000
1.000000
1.000000
1.000000
1.000000
1.000000
1.000000
1.000000
1.000000
1.000000
1.000010
1.000088
1.000730
1.004901
1.025365
1.094462
1.237762
1.412684
1.571542
1.689695
1.764111
1.804291
1.823020
1.830430
1.831487
1.822344
1.777266
1.635670
1.393074
1.173859
1.058136
1.015815
1.003663
1.000742
1.000135
1.000023
1.000003
1.000000
1.000000
1.000000
1.000000
1.000000
1.000000
1.000000
1.000000
1.000000
1.000000
1.000000
1.000000
1.000000
1.000000
1.000010
1.000090
1.000751
1.005060
1.026258
1.098186
1.248760
1.435841
1.610002
1.743451
1.830272
1.878726
1.902051
1.911603
1.913376
1.903565
1.853997
1.697384
1.428284
1.187127
1.061803
1.016653
1.003832
1.000772
1.000139
1.000023
1.000003
1.000000
1.000000
1.000000
1.000000
1.000000
1.000000
1.000000
1.000000
1.000000
1.000000
1.000000
1.000000
1.000000
1.000000
1.000010
1.000091
1.000759
1.005117
1.026581
1.099615
1.253330
1.446292
1.628612
1.770883
1.865320
1.919107
1.945513
1.956546
1.958832
1.948596
1.896129
1.730207
1.445886
1.193264
1.063377
1.016991
1.003896
1.000783
1.000140
1.000023
1.000003
1.000000
1.000000
1.000000
1.000000
1.000000
1.000000
1.000000
1.000000
1.000000
1.000000
1.000000
1.000000
1.000000
1.000000
1.000010
1.000091
1.000760
1.005133
1.026682
1.100092
1.254988
1.450418
1.636489
1.783116
1.881518
1.938197
1.966320
1.978197
1.980780
1.970300
1.916198
1.745280
1.453452
1.195704
1.063958
1.017109
1.003917
1.000785
1.000140
1.000023
1.000003
1.000000
1.000000
1.000000
1.000000
1.000000
1.000000
1.000000
1.000000
1.000000
1.000000
1.000000
1.000000
1.000000
1.000000
1.000010
1.000091
1.000760
1.005135
1.026697
1.100196
1.255449
1.451755
1.639307
1.787778
1.887944
1.945950
1.974880
1.987160
1.989884
1.979276
1.924369
1.751119
1.456116
1.196457
1.064110
1.017133
1.003920
1.000786
1.000140
1.000023
1.000003
1.000000
1.000000
1.000000
1.000000
1.000000
1.000000
1.000000
1.000000
1.000000
1.000000
1.000000
1.000000
1.000000
1.000000
1.000010
1.000090
1.000757
1.005111
1.026575
1.099823
1.254778
1.450993
1.638759
1.787675
1.888338
1.946742
1.975919
1.988320
1.991077
1.980383
1.925066
1.750805
1.455026
1.195633
1.063771
1.017033
1.003896
1.000781
1.000139
1.000023
1.000003
1.000000
1.000000
1.000000
1.000000
1.000000
1.000000
1.000000
1.000000
1.000000
1.000000
1.000000
1.000000
1.000000
1.000000
1.000010
1.000086
1.000722
1.004907
1.025613
1.096709
1.248360
1.441415
1.626619
1.773561
1.872765
1.930174
1.958749
1.970829
1.973410
1.962493
1.906624
1.731921
1.439683
1.187610
1.060907
1.016238
1.003711
1.000742
1.000133
1.000022
1.000003
1.000000
1.000000
1.000000
1.000000
1.000000
1.000000
1.000000
1.000000
1.000000
1.000000
1.000000
1.000000
1.000000
1.000000
1.000007
1.000071
1.000590
1.004032
1.021352
1.082364
1.217132
1.392611
1.562429
1.696824
1.786543
1.837549
1.862373
1.872554
1.874220
1.862560
1.805776
1.634618
1.367218
1.152201
1.048713
1.012910
1.002942
1.000589
1.000106
1.000016
1.000001
1.000000
1.000000
1.000000
1.000000
1.000000
1.000000
1.000000
1.000000
1.000000
1.000000
1.000000
1.000000
1.000000
1.000000
1.000002
1.000044
1.000378
1.002629
1.014183
1.056299
1.153953
1.285089
1.412736
1.512076
1.576140
1.610895
1.626920
1.633033
1.633154
1.621763
1.570860
1.429427
1.235357
1.094625
1.030016
1.007948
1.001810
1.000360
1.000063
1.000009
1.000000
1.000000
1.000000
1.000000
1.000000
1.000000
1.000000
1.000000
1.000000
1.000000
1.000000
1.000000
1.000000
1.000000
1.000000
1.000000
1.000021
1.000192
1.001351
1.007395
1.030014
1.084326
1.158157
1.228747
1.281294
1.313102
1.329136
1.335976
1.338311
1.337680
1.329825
1.297289
1.214335
1.113301
1.045077
1.014349
1.003821
1.000874
1.000173
1.000031
1.000003
1.000000
1.000000
1.000000
1.000000
1.000000
1.000000
1.000000
1.000000
1.000000
1.000000
1.000000
1.000000
1.000000
1.000000
1.000000
1.000000
1.000007
1.000075
1.000557
1.003087
1.012692
1.036086
1.067489
1.096272
1.116354
1.127600
1.132823
1.134876
1.135487
1.135027
1.131407
1.117084
1.082481
1.043090
1.017213
1.005530
1.001484
1.000340
1.000066
1.000011
1.000000
1.000000
1.000000
1.000000
1.000000
1.000000
1.000000
1.000000
1.000000
1.000000
1.000000
1.000000
1.000000
1.000000
1.000000
1.000000
1.000000
1.000000
1.000024
1.000190
1.001061
1.004393
1.012522
1.023166
1.032451
1.038516
1.041671
1.043029
1.043524
1.043651
1.043464
1.042223
1.037423
1.026124
1.013644
1.005491
1.001779
1.000480
1.000110
1.000021
1.000002
1.000000
1.000000
1.000000
1.000000
1.000000
1.000000
1.000000
1.000000
1.000000
1.000000
1.000000
1.000000
1.000000
1.000000
1.000000
1.000000
1.000000
1.000000
1.000007
1.000054
1.000308
1.001282
1.003649
1.006671
1.009191
1.010747
1.011508
1.011815
1.011921
1.011945
1.011888
1.011538
1.010205
1.007102
1.003716
1.001505
1.000490
1.000132
1.000029
1.000004
1.000000
1.000000
1.000000
1.000000
1.000000
1.000000
1.000000
1.000000
1.000000
1.000000
1.000000
1.000000
1.000000
1.000000
1.000000
1.000000
1.000000
1.000000
1.000000
1.000000
1.000013
1.000076
1.000322
1.000916
1.001658
1.002254
1.002606
1.002770
1.002832
1.002854
1.002860
1.002843
1.002758
1.002438
1.001694
1.000888
1.000360
1.000117
1.000031
1.000006
1.000000
1.000000
1.000000
1.000000
1.000000
1.000000
1.000000
1.000000
1.000000
1.000000
1.000000
1.000000
1.000000
1.000000
1.000000
1.000000
1.000000
1.000000
1.000000
1.000000
1.000000
1.000000
1.000015
1.000069
1.000201
1.000361
1.000487
1.000557
1.000590
1.000603
1.000607
1.000607
1.000604
1.000585
1.000517
1.000359
1.000188
1.000075
1.000023
1.000005
1.000000
1.000000
1.000000
1.000000
1.000000
1.000000
1.000000
1.000000
1.000000
1.000000
1.000000
1.000000
1.000000
1.000000
1.000000
1.000000
1.000000
1.000000
1.000000
1.000000
1.000000
1.000000
1.000000
1.000001
1.000011
1.000037
1.000068
1.000092
1.000107
1.000113
1.000114
1.000115
1.000115
1.000114
1.000111
1.000097
1.000069
1.000035
1.000012
1.000002
1.000000
1.000000
1.000000
1.000000
1.000000
1.000000
1.000000
1.000000
1.000000
1.000000
1.000000
1.000000
1.000000
1.000000
1.000000
1.000000
1.000000
1.000000
1.000000
1.000000
1.000000
1.000000
1.000000
1.000000
1.000000
1.000000
1.000005
1.000010
1.000014
1.000016
1.000017
1.000017
1.000017
1.000017
1.000017
1.000017
1.000014
1.000009
1.000003
1.000000
1.000000
1.000000
1.000000
1.000000
1.000000
1.000000
1.000000
1.000000
1.000000
1.000000
1.000000
1.000000
1.000000
1.000000
1.000000
1.000000
1.000000
1.000000
1.000000
1.000000
1.000000
1.000000
1.000000
1.000000
1.000000
1.000000
1.000000
1.000000
1.000000
1.000000
1.000001
1.000001
1.000001
1.000001
1.000001
1.000001
1.000001
1.000000
1.000000
1.000000
1.000000
1.000000
1.000000
1.000000
1.000000
1.000000
1.000000
1.000000
1.000000
1.000000
1.000000
1.000000
1.000000
1.000000
1.000000
1.000000
1.000000
1.000000
1.000000
1.000000
1.000000
1.000000
1.000000
1.000000
1.000000
1.000000
1.000000
1.000000
1.000000
1.000000
1.000000
1.000000
1.000000
1.000000
1.000000
1.000000
1.000000
1.000000
1.000000
1.000000
1.000000
1.000000
1.000000
1.000000
1.000000
1.000000
1.000000
1.000000
1.000000
1.000000
1.000000
1.000000
1.000000
1.000000
1.000000
1.000000
1.000000
1.000000
1.000000
1.000000
1.000000
1.000000
1.000000
1.000000
1.000000
1.000000
1.000000
1.000000
1.000000
1.000000
1.000000
1.000000
1.000000
1.000000
1.000000
1.000000
1.000000
1.000000
1.000000
1.000000
1.000000
1.000000
1.000000
1.000000
1.000000
1.000000
1.000000
1.000000
1.000000
1.000000
1.000000
1.000000
1.000000
1.000000
1.000000
1.000000
1.000000
1.000000
1.000000
1.000000
1.000000
1.000000
1.000000
1.000000
1.000000
1.000000
1.000000
1.000000
1.000000
1.000000
1.000000
1.000000
1.000000
1.000000
1.000000
1.000000
1.000000
1.000000
1.000000
1.000000
1.000000
1.000000
1.000000
1.000000
1.000000
1.000000
1.000000
1.000000
1.000000
1.000000
1.000000
1.000000
1.000000
1.000000
1.000000
1.000000
1.000000
1.000000
1.000000
1.000000
1.000000
1.000000
1.000000
1.000000
1.000000
1.000000
1.000000
1.000000
1.000000
1.000000
1.000000
1.000000
1.000000
1.000000
1.000000
1.000000
1.000000
1.000000
1.000000
1.000000
1.000000
1.000000
1.000000
1.000000
1.000000
1.000000
1.000000
1.000000
1.000000
1.000000
1.000000
1.000000
1.000000
1.000000
1.000000
1.000000
1.000000
1.000000
1.000000
1.000000
1.000000
1.000000
1.000000
1.000000
1.000000
1.000000
1.000000
1.000000
1.000000
1.000000
1.000000
1.000000
1.000000
1.000000
1.000000
1.000000
1.000000
1.000000
1.000000
1.000000
1.000000
1.000000
1.000000
1.000000
1.000000
1.000000
1.000000
1.000000
1.000000
1.000000
1.000000
1.000000
1.000000
1.000000
1.000000
1.000000
1.000000
1.000000
1.000000
1.000000
1.000000
1.000000
1.000000
1.000000
1.000000
1.000000
1.000000
1.000000
1.000000
1.000000
1.000000
1.000000
1.000000
1.000000
1.000000
1.000000
1.000000
1.000000
1.000000
1.000000
1.000000
1.000000
1.000000
1.000000
1.000000
1.000000
1.000000
1.000000
1.000000
1.000000
1.000000
1.000000
1.000000
1.000000
1.000000
1.000000
1.000000
1.000000
1.000000
1.000000
1.000000
1.000000
1.000000
1.000000
1.000000
1.000000
1.000000
1.000000
1.000000
1.000000
1.000000
1.000000
1.000000
1.000000
1.000000
1.000000
1.000000
1.000000
1.000000
1.000000
1.000000
1.000000
1.000000
1.000000
1.000000
1.000000
1.000000
1.000000
1.000000
1.000000
1.000000
1.000000
1.000000
1.000000
1.000000
1.000000
1.000000
1.000000
1.000000
1.000000
1.000000
1.000000
1.000000
1.000000
1.000000
1.000000
1.000000
1.000000
1.000000
1.000000
1.000000
1.000000
1.000000
1.000000
1.000000
1.000000
1.000000
1.000000
1.000000
1.000000
1.000000
1.000000
1.000000
1.000000
1.000000
1.000000
1.000000
1.000000
1.000000
1.000000
1.000000
1.000000
1.000000
1.000000
1.000000
1.000000
1.000000
1.000000
1.000000
1.000000
1.000000
1.000000
1.000000
1.000000
1.000000
1.000000
1.000000
1.000000
1.000000
1.000000
1.000000
1.000000
1.000000
1.000000
1.000000
1.000000
1.000000
1.000000
1.000000
1.000000
1.000000
1.000000
1.000000
1.000000
1.000000
1.000000
1.000000
1.000000
1.000000
1.000000
1.000000
1.000000
1.000000
1.000000
1.000000
1.000000
1.000000
1.000000
1.000000
1.000000
1.000000
1.000000
1.000000
1.000000
1.000000
1.000000
1.000000
