1.000000
1.000000
1.000000
1.000000
1.000000
1.000000
1.000000
1.000000
1.000000
1.000000
1.000000
1.000000
1.000000
1.000000
1.000000
1.000000
1.000000
1.000000
1.000000
1.000000
1.000000
1.000000
1.000000
1.000000
1.000000
1.000000
1.000000
1.000000
1.000000
1.000000
1.000000
1.000000
1.000000
1.000000
1.000000
1.000000
1.000000
1.000000
1.000000
1.000000
1.000000
1.000000
1.000000
1.000000
1.000000
1.000000
1.000000
1.000000
1.000000
1.000000
1.000000
1.000000
1.000000
1.000000
1.000000
1.000000
1.000000
1.000000
1.000000
1.000000
1.000000
1.000000
1.000000
1.000000
1.000000
1.000000
1.000000
1.000000
1.000000
1.000000
1.000000
1.000000
1.000000
1.000000
1.000000
1.000000
1.000000
1.000000
1.000000
1.000000
1.000000
1.000000
1.000000
1.000000
1.000000
1.000000
1.000000
1.000000
1.000000
1.000000
1.000000
1.000000
1.000000
1.000000
1.000000
1.000000
1.000000
1.000000
1.000000
1.000000
1.000000
1.000000
1.000000
1.000000
1.000000
1.000000
1.000000
1.000000
1.000000
1.000000
1.000000
1.000000
1.000000
1.000000
1.000000
1.000000
1.000000
1.000000
1.000000
1.000000
1.000000
1.000000
1.000000
1.000000
1.000000
1.000000
1.000000
1.000000
1.000000
1.000000
1.000000
1.000000
1.000000
1.000000
1.000000
1.000000
1.000000
1.000000
1.000000
1.000000
1.000000
1.000000
1.000000
1.000000
1.000000
1.000000
1.000000
1.000000
1.000000
1.000000
1.000000
1.000000
1.000000
1.000000
1.000000
1.000000
1.000000
1.000000
1.000000
1.000000
1.000000
1.000000
1.000000
1.000000
1.000000
1.000000
1.000000
1.000000
1.000000
1.000000
1.000000
1.000000
1.000000
1.000000
1.000000
1.000000
1.000000
1.000000
1.000000
1.000000
1.000000
1.000000
1.000000
1.000000
1.000000
1.000000
1.000000
1.000000
1.000000
1.000000
1.000000
1.000000
1.000000
1.000000
1.000000
1.000000
1.000000
1.000000
1.000000
1.000000
1.000000
1.000000
1.000000
1.000000
1.000000
1.000000
1.000000
1.000000
1.000000
1.000000
1.000000
1.000000
1.000000
1.000000
1.000000
1.000000
1.000000
1.000000
1.000000
1.000000
1.000000
1.000000
1.000000
1.000000
1.000000
1.000000
1.000000
1.000000
1.000000
1.000000
1.000000
1.000000
1.000000
1.000000
1.000000
1.000000
1.000000
1.000000
1.000000
1.000000
1.000000
1.000000
1.000000
1.000000
1.000000
1.000000
1.000000
1.000000
1.000000
1.000000
1.000000
1.000000
1.000000
1.000000
1.000000
1.000010
1.000013
1.000027
1.000040
1.000058
1.000066
1.000067
1.000067
1.000067
1.000067
1.000065
1.000057
1.000044
1.000031
1.000017
1.000003
1.000000
1.000000
1.000000
1.000000
1.000000
1.000000
1.000000
1.000000
1.000000
1.000000
1.000000
1.000000
1.000000
1.000000
1.000000
1.000000
1.000000
1.000000
1.000000
1.000000
1.000000
1.000000
1.000000
1.000000
1.000013
1.000085
1.000216
1.000384
1.000521
1.000615
1.000660
1.000679
1.000690
1.000692
1.000688
1.000670
1.000604
1.000475
1.000306
1.000162
1.000069
1.000027
1.000011
1.000000
1.000000
1.000000
1.000000
1.000000
1.000000
1.000000
1.000000
1.000000
1.000000
1.000000
1.000000
1.000000
1.000000
1.000000
1.000000
1.000000
1.000000
1.000000
1.000000
1.000012
1.000051
1.000218
1.000720
1.001720
1.002970
1.004053
1.004764
1.005139
1.005306
1.005366
1.005386
1.005358
1.005219
1.004772
1.003792
1.002478
1.001317
1.000578
1.000212
1.000066
1.000018
1.000003
1.000000
1.000000
1.000000
1.000000
1.000000
1.000000
1.000000
1.000000
1.000000
1.000000
1.000000
1.000000
1.000000
1.000000
1.000000
1.000000
1.000000
1.000013
1.000055
1.000299
1.001262
1.004066
1.009551
1.016332
1.022244
1.026206
1.028363
1.029350
1.029736
1.029845
1.029732
1.029059
1.026803
1.021667
1.014464
1.007822
1.003460
1.001278
1.000403
1.000111
1.000025
1.000008
1.000000
1.000000
1.000000
1.000000
1.000000
1.000000
1.000000
1.000000
1.000000
1.000000
1.000000
1.000000
1.000000
1.000000
1.000000
1.000000
1.000029
1.000213
1.001135
1.004737
1.014931
1.034236
1.057706
1.078319
1.092564
1.100704
1.104662
1.106323
1.106868
1.106628
1.104675
1.097775
1.081122
1.055864
1.030950
1.013879
1.005158
1.001629
1.000446
1.000106
1.000024
1.000007
1.000000
1.000000
1.000000
1.000000
1.000000
1.000000
1.000000
1.000000
1.000000
1.000000
1.000000
1.000000
1.000000
1.000000
1.000013
1.000075
1.000492
1.002576
1.010640
1.033022
1.074475
1.124647
1.169646
1.202155
1.221916
1.232266
1.236989
1.238773
1.238671
1.235200
1.222117
1.188648
1.133682
1.075547
1.034095
1.012637
1.003966
1.001079
1.000259
1.000057
1.000014
1.000000
1.000000
1.000000
1.000000
1.000000
1.000000
1.000000
1.000000
1.000000
1.000000
1.000000
1.000000
1.000000
1.000000
1.000016
1.000124
1.000795
1.004160
1.017110
1.052763
1.118288
1.198366
1.272424
1.328612
1.364988
1.385470
1.395590
1.399860
1.400501
1.395866
1.376811
1.325512
1.235437
1.134507
1.060520
1.022185
1.006874
1.001847
1.000442
1.000096
1.000022
1.000004
1.000000
1.000000
1.000000
1.000000
1.000000
1.000000
1.000000
1.000000
1.000000
1.000000
1.000000
1.000000
1.000000
1.000021
1.000163
1.001034
1.005430
1.022351
1.068958
1.154957
1.261997
1.364397
1.445825
1.501630
1.535116
1.552829
1.560954
1.563106
1.557894
1.533807
1.466109
1.341098
1.195242
1.086915
1.031341
1.009555
1.002537
1.000600
1.000129
1.000028
1.000005
1.000000
1.000000
1.000000
1.000000
1.000000
1.000000
1.000000
1.000000
1.000000
1.000000
1.000000
1.000000
1.000000
1.000023
1.000184
1.001186
1.006234
1.025733
1.079709
1.180260
1.308019
1.434176
1.538688
1.613823
1.661333
1.687884
1.700848
1.705160
1.699909
1.671782
1.589962
1.433667
1.247038
1.108372
1.038394
1.011523
1.003021
1.000707
1.000150
1.000031
1.000005
1.000000
1.000000
1.000000
1.000000
1.000000
1.000000
1.000000
1.000000
1.000000
1.000000
1.000000
1.000000
1.000000
1.000024
1.000198
1.001265
1.006654
1.027552
1.085721
1.195178
1.336797
1.480344
1.603224
1.694958
1.755378
1.790601
1.808600
1.815334
1.810386
1.779090
1.685712
1.503818
1.284644
1.123042
1.042928
1.012723
1.003303
1.000767
1.000163
1.000033
1.000006
1.000000
1.000000
1.000000
1.000000
1.000000
1.000000
1.000000
1.000000
1.000000
1.000000
1.000000
1.000000
1.000000
1.000025
1.000202
1.001297
1.006841
1.028390
1.088626
1.202847
1.352608
1.507327
1.642985
1.747096
1.817741
1.860205
1.882610
1.891566
1.887032
1.853335
1.751117
1.550250
1.308221
1.131645
1.045420
1.013346
1.003444
1.000795
1.000167
1.000033
1.000006
1.000000
1.000000
1.000000
1.000000
1.000000
1.000000
1.000000
1.000000
1.000000
1.000000
1.000000
1.000000
1.000000
1.000025
1.000203
1.001311
1.006915
1.028727
1.089858
1.206326
1.360311
1.521357
1.664814
1.776972
1.854626
1.902275
1.927954
1.938615
1.934436
1.899035
1.790651
1.577217
1.321104
1.136031
1.046610
1.013628
1.003505
1.000807
1.000168
1.000034
1.000006
1.000000
1.000000
1.000000
1.000000
1.000000
1.000000
1.000000
1.000000
1.000000
1.000000
1.000000
1.000000
1.000000
1.000025
1.000203
1.001313
1.006937
1.028835
1.090288
1.207671
1.363581
1.527783
1.675427
1.792163
1.873994
1.924849
1.952611
1.964377
1.960429
1.923916
1.811666
1.590849
1.327151
1.137923
1.047081
1.013729
1.003526
1.000810
1.000168
1.000034
1.000006
1.000000
1.000000
1.000000
1.000000
1.000000
1.000000
1.000000
1.000000
1.000000
1.000000
1.000000
1.000000
1.000000
1.000025
1.000202
1.001307
1.006912
1.028746
1.090113
1.207584
1.364055
1.529487
1.678991
1.797919
1.881846
1.934363
1.963225
1.975577
1.971712
1.934480
1.819942
1.595260
1.328367
1.137973
1.046990
1.013685
1.003509
1.000805
1.000167
1.000033
1.000006
1.000000
1.000000
1.000000
1.000000
1.000000
1.000000
1.000000
1.000000
1.000000
1.000000
1.000000
1.000000
1.000000
1.000023
1.000194
1.001265
1.006706
1.027986
1.088112
1.203947
1.359049
1.523687
1.672953
1.792015
1.876226
1.929008
1.958039
1.970429
1.966361
1.928306
1.811897
1.585616
1.320452
1.133798
1.045398
1.013193
1.003379
1.000776
1.000161
1.000032
1.000005
1.000000
1.000000
1.000000
1.000000
1.000000
1.000000
1.000000
1.000000
1.000000
1.000000
1.000000
1.000000
1.000000
1.000020
1.000174
1.001112
1.005936
1.025040
1.079991
1.188207
1.335569
1.493566
1.637424
1.752143
1.832959
1.883253
1.910615
1.921906
1.916777
1.876825
1.757823
1.534621
1.285249
1.116996
1.039328
1.011377
1.002906
1.000667
1.000139
1.000026
1.000004
1.000000
1.000000
1.000000
1.000000
1.000000
1.000000
1.000000
1.000000
1.000000
1.000000
1.000000
1.000000
1.000000
1.000015
1.000128
1.000831
1.004490
1.019259
1.062983
1.152364
1.277793
1.414575
1.539614
1.638596
1.707166
1.748809
1.770709
1.778814
1.771549
1.729820
1.613642
1.414144
1.212092
1.085052
1.028350
1.008179
1.002086
1.000477
1.000098
1.000017
1.000001
1.000000
1.000000
1.000000
1.000000
1.000000
1.000000
1.000000
1.000000
1.000000
1.000000
1.000000
1.000000
1.000000
1.000009
1.000077
1.000517
1.002821
1.012295
1.041156
1.102371
1.190732
1.288145
1.376511
1.444761
1.490268
1.516602
1.529597
1.533281
1.524976
1.488160
1.395128
1.253814
1.125658
1.049825
1.016613
1.004809
1.001229
1.000278
1.000057
1.000009
1.000000
1.000000
1.000000
1.000000
1.000000
1.000000
1.000000
1.000000
1.000000
1.000000
1.000000
1.000000
1.000000
1.000000
1.000001
1.000037
1.000268
1.001471
1.006492
1.022096
1.055973
1.105392
1.159354
1.206845
1.241820
1.263789
1.275676
1.281052
1.281839
1.275635
1.252155
1.197703
1.123018
1.060109
1.023897
1.008029
1.002340
1.000601
1.000135
1.000028
1.000004
1.000000
1.000000
1.000000
1.000000
1.000000
1.000000
1.000000
1.000000
1.000000
1.000000
1.000000
1.000000
1.000000
1.000000
1.000000
1.000016
1.000116
1.000645
1.002873
1.009873
1.025203
1.047407
1.070977
1.090762
1.104465
1.112500
1.116541
1.118199
1.118130
1.114992
1.104097
1.080172
1.049274
1.024104
1.009669
1.003280
1.000963
1.000247
1.000055
1.000010
1.000000
1.000000
1.000000
1.000000
1.000000
1.000000
1.000000
1.000000
1.000000
1.000000
1.000000
1.000000
1.000000
1.000000
1.000000
1.000000
1.000003
1.000040
1.000242
1.001085
1.003748
1.009579
1.017887
1.026404
1.033199
1.037628
1.040059
1.041202
1.041625
1.041509
1.040298
1.036282
1.027723
1.017001
1.008363
1.003385
1.001158
1.000341
1.000087
1.000018
1.000002
1.000000
1.000000
1.000000
1.000000
1.000000
1.000000
1.000000
1.000000
1.000000
1.000000
1.000000
1.000000
1.000000
1.000000
1.000000
1.000000
1.000000
1.000014
1.000079
1.000355
1.001232
1.003146
1.005823
1.008478
1.010502
1.011753
1.012402
1.012690
1.012787
1.012733
1.012344
1.011084
1.008442
1.005181
1.002562
1.001044
1.000358
1.000106
1.000026
1.000004
1.000000
1.000000
1.000000
1.000000
1.000000
1.000000
1.000000
1.000000
1.000000
1.000000
1.000000
1.000000
1.000000
1.000000
1.000000
1.000000
1.000000
1.000000
1.000001
1.000020
1.000101
1.000356
1.000909
1.001669
1.002403
1.002940
1.003258
1.003417
1.003483
1.003506
1.003487
1.003376
1.003028
1.002303
1.001415
1.000701
1.000287
1.000098
1.000028
1.000006
1.000000
1.000000
1.000000
1.000000
1.000000
1.000000
1.000000
1.000000
1.000000
1.000000
1.000000
1.000000
1.000000
1.000000
1.000000
1.000000
1.000000
1.000000
1.000000
1.000000
1.000003
1.000023
1.000090
1.000233
1.000426
1.000609
1.000738
1.000812
1.000848
1.000863
1.000867
1.000862
1.000835
1.000747
1.000568
1.000349
1.000173
1.000070
1.000022
1.000005
1.000000
1.000000
1.000000
1.000000
1.000000
1.000000
1.000000
1.000000
1.000000
1.000000
1.000000
1.000000
1.000000
1.000000
1.000000
1.000000
1.000000
1.000000
1.000000
1.000000
1.000000
1.000000
1.000004
1.000018
1.000052
1.000096
1.000137
1.000166
1.000183
1.000191
1.000194
1.000194
1.000193
1.000187
1.000168
1.000126
1.000077
1.000037
1.000013
1.000002
1.000000
1.000000
1.000000
1.000000
1.000000
1.000000
1.000000
1.000000
1.000000
1.000000
1.000000
1.000000
1.000000
1.000000
1.000000
1.000000
1.000000
1.000000
1.000000
1.000000
1.000000
1.000000
1.000000
1.000000
1.000002
1.000009
1.000018
1.000027
1.000033
1.000036
1.000038
1.000038
1.000038
1.000038
1.000037
1.000032
1.000023
1.000011
1.000005
1.000000
1.000000
1.000000
1.000000
1.000000
1.000000
1.000000
1.000000
1.000000
1.000000
1.000000
1.000000
1.000000
1.000000
1.000000
1.000000
1.000000
1.000000
1.000000
1.000000
1.000000
1.000000
1.000000
1.000000
1.000000
1.000000
1.000000
1.000000
1.000002
1.000004
1.000004
1.000005
1.000005
1.000005
1.000005
1.000005
1.000005
1.000004
1.000002
1.000000
1.000000
1.000000
1.000000
1.000000
1.000000
1.000000
1.000000
1.000000
1.000000
1.000000
1.000000
1.000000
1.000000
1.000000
1.000000
1.000000
1.000000
1.000000
1.000000
1.000000
1.000000
1.000000
1.000000
1.000000
1.000000
1.000000
1.000000
1.000000
1.000000
1.000000
1.000000
1.000000
1.000000
1.000000
1.000000
1.000000
1.000000
1.000000
1.000000
1.000000
1.000000
1.000000
1.000000
1.000000
1.000000
1.000000
1.000000
1.000000
1.000000
1.000000
1.000000
1.000000
1.000000
1.000000
1.000000
1.000000
1.000000
1.000000
1.000000
1.000000
1.000000
1.000000
1.000000
1.000000
1.000000
1.000000
1.000000
1.000000
1.000000
1.000000
1.000000
1.000000
1.000000
1.000000
1.000000
1.000000
1.000000
1.000000
1.000000
1.000000
1.000000
1.000000
1.000000
1.000000
1.000000
1.000000
1.000000
1.000000
1.000000
1.000000
1.000000
1.000000
1.000000
1.000000
1.000000
1.000000
1.000000
1.000000
1.000000
1.000000
1.000000
1.000000
1.000000
1.000000
1.000000
1.000000
1.000000
1.000000
1.000000
1.000000
1.000000
1.000000
1.000000
1.000000
1.000000
1.000000
1.000000
1.000000
1.000000
1.000000
1.000000
1.000000
1.000000
1.000000
1.000000
1.000000
1.000000
1.000000
1.000000
1.000000
1.000000
1.000000
1.000000
1.000000
1.000000
1.000000
1.000000
1.000000
1.000000
1.000000
1.000000
1.000000
1.000000
1.000000
1.000000
1.000000
1.000000
1.000000
1.000000
1.000000
1.000000
1.000000
1.000000
1.000000
1.000000
1.000000
1.000000
1.000000
1.000000
1.000000
1.000000
1.000000
1.000000
1.000000
1.000000
1.000000
1.000000
1.000000
1.000000
1.000000
1.000000
1.000000
1.000000
1.000000
1.000000
1.000000
1.000000
1.000000
1.000000
1.000000
1.000000
1.000000
1.000000
1.000000
1.000000
1.000000
1.000000
1.000000
1.000000
1.000000
1.000000
1.000000
1.000000
1.000000
1.000000
1.000000
1.000000
1.000000
1.000000
1.000000
1.000000
1.000000
1.000000
1.000000
1.000000
1.000000
1.000000
1.000000
1.000000
1.000000
1.000000
1.000000
1.000000
1.000000
1.000000
1.000000
1.000000
1.000000
1.000000
1.000000
1.000000
1.000000
1.000000
1.000000
1.000000
1.000000
1.000000
1.000000
1.000000
1.000000
1.000000
1.000000
1.000000
1.000000
1.000000
1.000000
1.000000
1.000000
1.000000
1.000000
1.000000
1.000000
1.000000
1.000000
1.000000
1.000000
1.000000
1.000000
1.000000
1.000000
1.000000
1.000000
1.000000
1.000000
1.000000
1.000000
1.000000
1.000000
1.000000
1.000000
1.000000
1.000000
1.000000
1.000000
1.000000
1.000000
1.000000
1.000000
1.000000
1.000000
1.000000
1.000000
1.000000
1.000000
1.000000
1.000000
1.000000
1.000000
1.000000
1.000000
1.000000
1.000000
1.000000
1.000000
1.000000
1.000000
1.000000
1.000000
1.000000
1.000000
1.000000
1.000000
1.000000
1.000000
1.000000
1.000000
1.000000
1.000000
1.000000
1.000000
1.000000
1.000000
1.000000
1.000000
1.000000
1.000000
1.000000
1.000000
1.000000
1.000000
1.000000
1.000000
1.000000
1.000000
1.000000
1.000000
1.000000
1.000000
1.000000
1.000000
1.000000
1.000000
1.000000
1.000000
1.000000
1.000000
1.000000
1.000000
1.000000
1.000000
1.000000
1.000000
1.000000
1.000000
1.000000
1.000000
1.000000
1.000000
1.000000
1.000000
1.000000
1.000000
1.000000
1.000000
1.000000
1.000000
