1.000000
1.000000
1.000000
1.000000
1.000000
1.000000
1.000000
1.000000
1.000000
1.000000
1.000000
1.000000
1.000000
1.000000
1.000000
1.000000
1.000000
1.000000
1.000000
1.000000
1.000000
1.000000
1.000000
1.000000
1.000000
1.000000
1.000000
1.000000
1.000000
1.000000
1.000000
1.000000
1.000000
1.000000
1.000000
1.000000
1.000000
1.000000
1.000000
1.000000
1.000000
1.000000
1.000000
1.000000
1.000000
1.000000
1.000000
1.000000
1.000000
1.000000
1.000000
1.000000
1.000000
1.000000
1.000000
1.000000
1.000000
1.000000
1.000000
1.000000
1.000000
1.000000
1.000000
1.000000
1.000000
1.000000
1.000000
1.000000
1.000000
1.000000
1.000000
1.000000
1.000000
1.000000
1.000000
1.000000
1.000000
1.000000
1.000000
1.000000
1.000000
1.000000
1.000000
1.000000
1.000000
1.000000
1.000000
1.000000
1.000000
1.000000
1.000000
1.000000
1.000000
1.000000
1.000000
1.000000
1.000000
1.000000
1.000000
1.000000
1.000000
1.000000
1.000000
1.000000
1.000000
1.000000
1.000000
1.000000
1.000000
1.000000
1.000000
1.000000
1.000000
1.000000
1.000000
1.000000
1.000000
1.000000
1.000000
1.000000
1.000000
1.000000
1.000000
1.000000
1.000000
1.000000
1.000000
1.000000
1.000000
1.000000
1.000000
1.000000
1.000000
1.000000
1.000000
1.000000
1.000000
1.000000
1.000000
1.000000
1.000000
1.000000
1.000000
1.000000
1.000000
1.000000
1.000000
1.000000
1.000000
1.000000
1.000000
1.000000
1.000000
1.000000
1.000000
1.000000
1.000000
1.000000
1.000000
1.000000
1.000000
1.000000
1.000000
1.000000
1.000000
1.000000
1.000000
1.000000
1.000000
1.000000
1.000000
1.000000
1.000000
1.000000
1.000000
1.000000
1.000000
1.000000
1.000000
1.000000
1.000000
1.000000
1.000000
1.000000
1.000000
1.000000
1.000000
1.000000
1.000000
1.000000
1.000000
1.000000
1.000000
1.000000
1.000000
1.000000
1.000000
1.000000
1.000000
1.000000
1.000000
1.000000
1.000000
1.000000
1.000000
1.000000
1.000000
1.000000
1.000000
1.000000
1.000000
1.000000
1.000000
1.000000
1.000000
1.000000
1.000000
1.000000
1.000000
1.000000
1.000000
1.000000
1.000000
1.000000
1.000000
1.000000
1.000000
1.000000
1.000000
1.000000
1.000000
1.000000
1.000000
1.000000
1.000000
1.000000
1.000000
1.000000
1.000000
1.000000
1.000000
1.000000
1.000000
1.000000
1.000000
1.000000
1.000000
1.000000
1.000000
1.000000
1.000000
1.000000
1.000000
1.000000
1.000000
1.000000
1.000013
1.000021
1.000024
1.000027
1.000027
1.000028
1.000028
1.000028
1.000027
1.000027
1.000023
1.000016
1.000007
1.000000
1.000000
1.000000
1.000000
1.000000
1.000000
1.000000
1.000000
1.000000
1.000000
1.000000
1.000000
1.000000
1.000000
1.000000
1.000000
1.000000
1.000000
1.000000
1.000000
1.000000
1.000000
1.000000
1.000000
1.000000
1.000000
1.000013
1.000063
1.000186
1.000310
1.000389
1.000426
1.000440
1.000443
1.000444
1.000444
1.000443
1.000429
1.000384
1.000258
1.000127
1.000049
1.000016
1.000002
1.000000
1.000000
1.000000
1.000000
1.000000
1.000000
1.000000
1.000000
1.000000
1.000000
1.000000
1.000000
1.000000
1.000000
1.000000
1.000000
1.000000
1.000000
1.000000
1.000000
1.000000
1.000000
1.000021
1.000164
1.000737
1.002146
1.003622
1.004574
1.005017
1.005179
1.005226
1.005241
1.005242
1.005222
1.005102
1.004565
1.003115
1.001549
1.000580
1.000171
1.000043
1.000008
1.000000
1.000000
1.000000
1.000000
1.000000
1.000000
1.000000
1.000000
1.000000
1.000000
1.000000
1.000000
1.000000
1.000000
1.000000
1.000000
1.000000
1.000000
1.000000
1.000000
1.000025
1.000219
1.001359
1.005997
1.017035
1.028601
1.036245
1.039954
1.041378
1.041830
1.041951
1.041965
1.041839
1.040985
1.037026
1.025932
1.013206
1.005016
1.001490
1.000361
1.000074
1.000014
1.000000
1.000000
1.000000
1.000000
1.000000
1.000000
1.000000
1.000000
1.000000
1.000000
1.000000
1.000000
1.000000
1.000000
1.000000
1.000000
1.000000
1.000000
1.000013
1.000135
1.001084
1.006576
1.028112
1.076609
1.126958
1.161571
1.179637
1.187231
1.189889
1.190678
1.190831
1.190405
1.187278
1.172125
1.126247
1.067008
1.025995
1.007782
1.001889
1.000385
1.000067
1.000013
1.000000
1.000000
1.000000
1.000000
1.000000
1.000000
1.000000
1.000000
1.000000
1.000000
1.000000
1.000000
1.000000
1.000000
1.000000
1.000000
1.000000
1.000030
1.000286
1.002257
1.013605
1.057532
1.154542
1.257633
1.332979
1.375881
1.395850
1.403643
1.406236
1.406893
1.406239
1.400552
1.372033
1.280855
1.152291
1.059051
1.017462
1.004180
1.000842
1.000148
1.000026
1.000003
1.000000
1.000000
1.000000
1.000000
1.000000
1.000000
1.000000
1.000000
1.000000
1.000000
1.000000
1.000000
1.000000
1.000000
1.000000
1.000002
1.000043
1.000401
1.003166
1.019144
1.081083
1.218483
1.369877
1.487419
1.559641
1.596227
1.611817
1.617485
1.619147
1.618480
1.610615
1.570132
1.436249
1.237456
1.090789
1.026302
1.006180
1.001227
1.000213
1.000035
1.000005
1.000000
1.000000
1.000000
1.000000
1.000000
1.000000
1.000000
1.000000
1.000000
1.000000
1.000000
1.000000
1.000000
1.000000
1.000000
1.000003
1.000047
1.000461
1.003663
1.022252
1.094833
1.258041
1.444226
1.596120
1.695086
1.748474
1.772716
1.782096
1.785084
1.784592
1.775046
1.724993
1.556571
1.300911
1.112933
1.032066
1.007413
1.001455
1.000249
1.000040
1.000005
1.000000
1.000000
1.000000
1.000000
1.000000
1.000000
1.000000
1.000000
1.000000
1.000000
1.000000
1.000000
1.000000
1.000000
1.000000
1.000003
1.000048
1.000484
1.003873
1.023614
1.101193
1.277823
1.484576
1.659273
1.777804
1.844533
1.876134
1.888864
1.893119
1.892862
1.882116
1.825129
1.632252
1.338446
1.125017
1.034982
1.008002
1.001559
1.000266
1.000041
1.000005
1.000000
1.000000
1.000000
1.000000
1.000000
1.000000
1.000000
1.000000
1.000000
1.000000
1.000000
1.000000
1.000000
1.000000
1.000000
1.000004
1.000049
1.000493
1.003947
1.024103
1.103626
1.286090
1.503001
1.690229
1.820457
1.895697
1.932241
1.947314
1.952486
1.952422
1.940904
1.879506
1.671744
1.356635
1.130394
1.036185
1.008229
1.001597
1.000271
1.000042
1.000005
1.000000
1.000000
1.000000
1.000000
1.000000
1.000000
1.000000
1.000000
1.000000
1.000000
1.000000
1.000000
1.000000
1.000000
1.000000
1.000004
1.000049
1.000495
1.003968
1.024252
1.104421
1.289043
1.510204
1.703214
1.839249
1.918945
1.958179
1.974562
1.980259
1.980305
1.968360
1.904553
1.689107
1.364031
1.132404
1.036603
1.008305
1.001608
1.000272
1.000042
1.000005
1.000000
1.000000
1.000000
1.000000
1.000000
1.000000
1.000000
1.000000
1.000000
1.000000
1.000000
1.000000
1.000000
1.000000
1.000000
1.000004
1.000049
1.000495
1.003972
1.024292
1.104645
1.289957
1.512646
1.707932
1.846403
1.928053
1.968501
1.985488
1.991428
1.991527
1.979375
1.914451
1.695635
1.366600
1.133046
1.036726
1.008325
1.001611
1.000272
1.000042
1.000005
1.000000
1.000000
1.000000
1.000000
1.000000
1.000000
1.000000
1.000000
1.000000
1.000000
1.000000
1.000000
1.000000
1.000000
1.000000
1.000004
1.000049
1.000495
1.003972
1.024288
1.104668
1.290136
1.513269
1.709303
1.848634
1.931002
1.971906
1.989123
1.995156
1.995275
1.983036
1.917663
1.697579
1.367244
1.133167
1.036740
1.008326
1.001611
1.000272
1.000042
1.000005
1.000000
1.000000
1.000000
1.000000
1.000000
1.000000
1.000000
1.000000
1.000000
1.000000
1.000000
1.000000
1.000000
1.000000
1.000000
1.000003
1.000049
1.000492
1.003953
1.024175
1.104250
1.289258
1.512038
1.707907
1.847206
1.929595
1.970520
1.987746
1.993781
1.993892
1.981606
1.916044
1.695621
1.365671
1.132459
1.036527
1.008275
1.001600
1.000270
1.000041
1.000005
1.000000
1.000000
1.000000
1.000000
1.000000
1.000000
1.000000
1.000000
1.000000
1.000000
1.000000
1.000000
1.000000
1.000000
1.000000
1.000003
1.000046
1.000468
1.003773
1.023166
1.100441
1.280659
1.498779
1.690802
1.827160
1.907515
1.947224
1.963835
1.969603
1.969598
1.957188
1.891437
1.672257
1.350006
1.125984
1.034647
1.007841
1.001516
1.000256
1.000040
1.000005
1.000000
1.000000
1.000000
1.000000
1.000000
1.000000
1.000000
1.000000
1.000000
1.000000
1.000000
1.000000
1.000000
1.000000
1.000000
1.000000
1.000033
1.000358
1.002905
1.018130
1.080709
1.233474
1.423075
1.590718
1.708365
1.776077
1.808505
1.821591
1.825914
1.825366
1.812740
1.748343
1.543891
1.270450
1.094715
1.025767
1.005807
1.001120
1.000189
1.000027
1.000003
1.000000
1.000000
1.000000
1.000000
1.000000
1.000000
1.000000
1.000000
1.000000
1.000000
1.000000
1.000000
1.000000
1.000000
1.000000
1.000000
1.000018
1.000202
1.001681
1.010693
1.049060
1.147865
1.273484
1.383334
1.457422
1.497619
1.515583
1.522321
1.524316
1.523329
1.512930
1.463049
1.318348
1.150567
1.051751
1.014049
1.003171
1.000612
1.000102
1.000013
1.000000
1.000000
1.000000
1.000000
1.000000
1.000000
1.000000
1.000000
1.000000
1.000000
1.000000
1.000000
1.000000
1.000000
1.000000
1.000000
1.000000
1.000006
1.000085
1.000742
1.004791
1.022426
1.069244
1.128450
1.178051
1.209234
1.224778
1.231133
1.233317
1.233866
1.233169
1.227617
1.202224
1.133729
1.061867
1.021271
1.005814
1.001319
1.000254
1.000042
1.000004
1.000000
1.000000
1.000000
1.000000
1.000000
1.000000
1.000000
1.000000
1.000000
1.000000
1.000000
1.000000
1.000000
1.000000
1.000000
1.000000
1.000000
1.000000
1.000028
1.000259
1.001691
1.007999
1.024896
1.045671
1.062064
1.071587
1.075940
1.077574
1.078090
1.078196
1.077913
1.075900
1.066915
1.043528
1.020086
1.006960
1.001918
1.000437
1.000084
1.000013
1.000000
1.000000
1.000000
1.000000
1.000000
1.000000
1.000000
1.000000
1.000000
1.000000
1.000000
1.000000
1.000000
1.000000
1.000000
1.000000
1.000000
1.000000
1.000000
1.000009
1.000074
1.000487
1.002320
1.007224
1.013056
1.017405
1.019761
1.020763
1.021111
1.021214
1.021231
1.021147
1.020583
1.018095
1.011708
1.005417
1.001890
1.000524
1.000119
1.000022
1.000002
1.000000
1.000000
1.000000
1.000000
1.000000
1.000000
1.000000
1.000000
1.000000
1.000000
1.000000
1.000000
1.000000
1.000000
1.000000
1.000000
1.000000
1.000000
1.000000
1.000000
1.000016
1.000118
1.000565
1.001757
1.003134
1.004114
1.004616
1.004817
1.004883
1.004903
1.004906
1.004885
1.004753
1.004175
1.002696
1.001250
1.000438
1.000121
1.000026
1.000004
1.000000
1.000000
1.000000
1.000000
1.000000
1.000000
1.000000
1.000000
1.000000
1.000000
1.000000
1.000000
1.000000
1.000000
1.000000
1.000000
1.000000
1.000000
1.000000
1.000000
1.000000
1.000001
1.000022
1.000117
1.000367
1.000649
1.000841
1.000936
1.000973
1.000985
1.000988
1.000988
1.000984
1.000957
1.000840
1.000542
1.000252
1.000087
1.000023
1.000004
1.000000
1.000000
1.000000
1.000000
1.000000
1.000000
1.000000
1.000000
1.000000
1.000000
1.000000
1.000000
1.000000
1.000000
1.000000
1.000000
1.000000
1.000000
1.000000
1.000000
1.000000
1.000000
1.000000
1.000003
1.000020
1.000066
1.000116
1.000150
1.000167
1.000173
1.000175
1.000175
1.000175
1.000174
1.000170
1.000149
1.000096
1.000045
1.000013
1.000002
1.000000
1.000000
1.000000
1.000000
1.000000
1.000000
1.000000
1.000000
1.000000
1.000000
1.000000
1.000000
1.000000
1.000000
1.000000
1.000000
1.000000
1.000000
1.000000
1.000000
1.000000
1.000000
1.000000
1.000000
1.000000
1.000001
1.000009
1.000018
1.000023
1.000026
1.000026
1.000026
1.000026
1.000026
1.000026
1.000026
1.000022
1.000012
1.000004
1.000000
1.000000
1.000000
1.000000
1.000000
1.000000
1.000000
1.000000
1.000000
1.000000
1.000000
1.000000
1.000000
1.000000
1.000000
1.000000
1.000000
1.000000
1.000000
1.000000
1.000000
1.000000
1.000000
1.000000
1.000000
1.000000
1.000000
1.000000
1.000000
1.000001
1.000002
1.000002
1.000002
1.000002
1.000002
1.000002
1.000002
1.000002
1.000002
1.000000
1.000000
1.000000
1.000000
1.000000
1.000000
1.000000
1.000000
1.000000
1.000000
1.000000
1.000000
1.000000
1.000000
1.000000
1.000000
1.000000
1.000000
1.000000
1.000000
1.000000
1.000000
1.000000
1.000000
1.000000
1.000000
1.000000
1.000000
1.000000
1.000000
1.000000
1.000000
1.000000
1.000000
1.000000
1.000000
1.000000
1.000000
1.000000
1.000000
1.000000
1.000000
1.000000
1.000000
1.000000
1.000000
1.000000
1.000000
1.000000
1.000000
1.000000
1.000000
1.000000
1.000000
1.000000
1.000000
1.000000
1.000000
1.000000
1.000000
1.000000
1.000000
1.000000
1.000000
1.000000
1.000000
1.000000
1.000000
1.000000
1.000000
1.000000
1.000000
1.000000
1.000000
1.000000
1.000000
1.000000
1.000000
1.000000
1.000000
1.000000
1.000000
1.000000
1.000000
1.000000
1.000000
1.000000
1.000000
1.000000
1.000000
1.000000
1.000000
1.000000
1.000000
1.000000
1.000000
1.000000
1.000000
1.000000
1.000000
1.000000
1.000000
1.000000
1.000000
1.000000
1.000000
1.000000
1.000000
1.000000
1.000000
1.000000
1.000000
1.000000
1.000000
1.000000
1.000000
1.000000
1.000000
1.000000
1.000000
1.000000
1.000000
1.000000
1.000000
1.000000
1.000000
1.000000
1.000000
1.000000
1.000000
1.000000
1.000000
1.000000
1.000000
1.000000
1.000000
1.000000
1.000000
1.000000
1.000000
1.000000
1.000000
1.000000
1.000000
1.000000
1.000000
1.000000
1.000000
1.000000
1.000000
1.000000
1.000000
1.000000
1.000000
1.000000
1.000000
1.000000
1.000000
1.000000
1.000000
1.000000
1.000000
1.000000
1.000000
1.000000
1.000000
1.000000
1.000000
1.000000
1.000000
1.000000
1.000000
1.000000
1.000000
1.000000
1.000000
1.000000
1.000000
1.000000
1.000000
1.000000
1.000000
1.000000
1.000000
1.000000
1.000000
1.000000
1.000000
1.000000
1.000000
1.000000
1.000000
1.000000
1.000000
1.000000
1.000000
1.000000
1.000000
1.000000
1.000000
1.000000
1.000000
1.000000
1.000000
1.000000
1.000000
1.000000
1.000000
1.000000
1.000000
1.000000
1.000000
1.000000
1.000000
1.000000
1.000000
1.000000
1.000000
1.000000
1.000000
1.000000
1.000000
1.000000
1.000000
1.000000
1.000000
1.000000
1.000000
1.000000
1.000000
1.000000
1.000000
1.000000
1.000000
1.000000
1.000000
1.000000
1.000000
1.000000
1.000000
1.000000
1.000000
1.000000
1.000000
1.000000
1.000000
1.000000
1.000000
1.000000
1.000000
1.000000
1.000000
1.000000
1.000000
1.000000
1.000000
1.000000
1.000000
1.000000
1.000000
1.000000
1.000000
1.000000
1.000000
1.000000
1.000000
1.000000
1.000000
1.000000
1.000000
1.000000
1.000000
1.000000
1.000000
1.000000
1.000000
1.000000
1.000000
1.000000
1.000000
1.000000
1.000000
1.000000
1.000000
1.000000
1.000000
1.000000
1.000000
1.000000
1.000000
1.000000
1.000000
1.000000
1.000000
1.000000
1.000000
1.000000
1.000000
1.000000
1.000000
1.000000
1.000000
1.000000
1.000000
1.000000
1.000000
1.000000
1.000000
1.000000
1.000000
1.000000
1.000000
1.000000
1.000000
1.000000
1.000000
1.000000
1.000000
1.000000
1.000000
1.000000
1.000000
1.000000
1.000000
1.000000
1.000000
1.000000
1.000000
1.000000
1.000000
1.000000
1.000000
1.000000
1.000000
1.000000
1.000000
1.000000
1.000000
1.000000
1.000000
1.000000
1.000000
1.000000
1.000000
1.000000
1.000000
1.000000
1.000000
1.000000
1.000000
1.000000
1.000000
1.000000
1.000000
1.000000
1.000000
1.000000
1.000000
1.000000
1.000000
1.000000
1.000000
1.000000
1.000000
1.000000
1.000000
1.000000
1.000000
1.000000
1.000000
1.000000
1.000000
1.000000
1.000000
1.000000
1.000000
1.000000
1.000000
1.000000
1.000000
1.000000
1.000000
1.000000
1.000000
1.000000
1.000000
1.000000
1.000000
1.000000
1.000000
1.000000
1.000000
1.000000
1.000000
1.000000
1.000000
1.000000
1.000000
1.000000
1.000000
1.000000
1.000000
1.000000
1.000000
1.000000
1.000000
1.000000
1.000000
1.000000
1.000000
1.000000
1.000000
1.000000
1.000000
1.000000
1.000000
1.000000
1.000000
1.000000
1.000000
1.000000
1.000000
1.000000
1.000000
1.000000
1.000000
1.000000
1.000000
1.000000
1.000000
