1.000000
1.000000
1.000000
1.000000
1.000000
1.000000
1.000000
1.000000
1.000000
1.000000
1.000000
1.000000
1.000000
1.000000
1.000000
1.000000
1.000000
1.000000
1.000000
1.000000
1.000000
1.000000
1.000000
1.000000
1.000000
1.000000
1.000000
1.000000
1.000000
1.000000
1.000000
1.000000
1.000000
1.000000
1.000000
1.000000
1.000000
1.000000
1.000000
1.000000
1.000000
1.000000
1.000000
1.000000
1.000000
1.000000
1.000000
1.000000
1.000000
1.000000
1.000000
1.000000
1.000000
1.000000
1.000000
1.000000
1.000000
1.000000
1.000000
1.000000
1.000000
1.000000
1.000000
1.000000
1.000000
1.000000
1.000000
1.000000
1.000000
1.000000
1.000000
1.000000
1.000000
1.000000
1.000000
1.000000
1.000000
1.000000
1.000000
1.000000
1.000000
1.000000
1.000000
1.000000
1.000000
1.000000
1.000000
1.000000
1.000000
1.000000
1.000000
1.000000
1.000000
1.000000
1.000000
1.000000
1.000000
1.000000
1.000000
1.000000
1.000000
1.000000
1.000000
1.000000
1.000000
1.000000
1.000000
1.000000
1.000000
1.000000
1.000000
1.000000
1.000000
1.000000
1.000000
1.000000
1.000000
1.000000
1.000000
1.000000
1.000000
1.000000
1.000000
1.000000
1.000000
1.000000
1.000000
1.000000
1.000000
1.000000
1.000000
1.000000
1.000000
1.000000
1.000000
1.000000
1.000000
1.000000
1.000000
1.000000
1.000000
1.000000
1.000000
1.000000
1.000000
1.000000
1.000000
1.000000
1.000000
1.000000
1.000000
1.000000
1.000000
1.000000
1.000000
1.000000
1.000000
1.000000
1.000000
1.000000
1.000000
1.000000
1.000000
1.000000
1.000000
1.000000
1.000000
1.000000
1.000000
1.000000
1.000000
1.000000
1.000000
1.000000
1.000000
1.000000
1.000000
1.000000
1.000000
1.000000
1.000000
1.000000
1.000000
1.000000
1.000000
1.000000
1.000000
1.000000
1.000000
1.000000
1.000000
1.000000
1.000000
1.000000
1.000000
1.000000
1.000000
1.000000
1.000000
1.000000
1.000000
1.000000
1.000000
1.000000
1.000000
1.000000
1.000000
1.000000
1.000000
1.000000
1.000000
1.000000
1.000000
1.000000
1.000000
1.000000
1.000000
1.000000
1.000000
1.000000
1.000000
1.000000
1.000000
1.000000
1.000000
1.000000
1.000000
1.000000
1.000000
1.000000
1.000000
1.000000
1.000000
1.000000
1.000000
1.000000
1.000000
1.000000
1.000000
1.000000
1.000000
1.000000
1.000000
1.000000
1.000000
1.000000
1.000000
1.000000
1.000000
1.000000
1.000000
1.000000
1.000000
1.000000
1.000000
1.000009
1.000013
1.000027
1.000040
1.000049
1.000052
1.000052
1.000053
1.000053
1.000052
1.000051
1.000044
1.000033
1.000019
1.000009
1.000000
1.000000
1.000000
1.000000
1.000000
1.000000
1.000000
1.000000
1.000000
1.000000
1.000000
1.000000
1.000000
1.000000
1.000000
1.000000
1.000000
1.000000
1.000000
1.000000
1.000000
1.000000
1.000000
1.000000
1.000000
1.000013
1.000084
1.000214
1.000376
1.000502
1.000572
1.000606
1.000620
1.000625
1.000626
1.000622
1.000606
1.000543
1.000412
1.000244
1.000115
1.000046
1.000017
1.000004
1.000000
1.000000
1.000000
1.000000
1.000000
1.000000
1.000000
1.000000
1.000000
1.000000
1.000000
1.000000
1.000000
1.000000
1.000000
1.000000
1.000000
1.000000
1.000000
1.000000
1.000005
1.000042
1.000212
1.000760
1.001915
1.003296
1.004396
1.005048
1.005356
1.005476
1.005516
1.005529
1.005499
1.005358
1.004859
1.003708
1.002246
1.001078
1.000419
1.000137
1.000039
1.000010
1.000000
1.000000
1.000000
1.000000
1.000000
1.000000
1.000000
1.000000
1.000000
1.000000
1.000000
1.000000
1.000000
1.000000
1.000000
1.000000
1.000000
1.000000
1.000008
1.000047
1.000282
1.001356
1.004777
1.011810
1.020144
1.026852
1.030939
1.032940
1.033760
1.034047
1.034112
1.033978
1.033215
1.030408
1.023663
1.014657
1.007153
1.002809
1.000912
1.000252
1.000060
1.000014
1.000001
1.000000
1.000000
1.000000
1.000000
1.000000
1.000000
1.000000
1.000000
1.000000
1.000000
1.000000
1.000000
1.000000
1.000000
1.000000
1.000000
1.000022
1.000196
1.001169
1.005451
1.018743
1.045027
1.075671
1.100720
1.116636
1.124928
1.128579
1.129959
1.130350
1.130013
1.127646
1.118539
1.095199
1.061066
1.030532
1.012132
1.003958
1.001092
1.000261
1.000055
1.000013
1.000000
1.000000
1.000000
1.000000
1.000000
1.000000
1.000000
1.000000
1.000000
1.000000
1.000000
1.000000
1.000000
1.000000
1.000000
1.000011
1.000060
1.000439
1.002597
1.011989
1.040613
1.095956
1.160621
1.215223
1.251977
1.272622
1.282535
1.286653
1.288041
1.287687
1.283431
1.266198
1.219377
1.144813
1.073505
1.029217
1.009467
1.002590
1.000614
1.000130
1.000028
1.000005
1.000000
1.000000
1.000000
1.000000
1.000000
1.000000
1.000000
1.000000
1.000000
1.000000
1.000000
1.000000
1.000000
1.000000
1.000013
1.000093
1.000675
1.004015
1.018494
1.062382
1.146875
1.247350
1.335711
1.398802
1.436886
1.456692
1.465653
1.469062
1.469160
1.463352
1.438415
1.367462
1.246799
1.125697
1.049453
1.015782
1.004256
1.000996
1.000208
1.000042
1.000007
1.000000
1.000000
1.000000
1.000000
1.000000
1.000000
1.000000
1.000000
1.000000
1.000000
1.000000
1.000000
1.000000
1.000000
1.000014
1.000115
1.000845
1.005028
1.023214
1.078506
1.185758
1.316442
1.436107
1.526183
1.584002
1.616134
1.631710
1.638165
1.639255
1.632400
1.600941
1.508333
1.343765
1.174033
1.067345
1.021098
1.005599
1.001295
1.000267
1.000052
1.000009
1.000000
1.000000
1.000000
1.000000
1.000000
1.000000
1.000000
1.000000
1.000000
1.000000
1.000000
1.000000
1.000000
1.000000
1.000016
1.000130
1.000940
1.005593
1.025922
1.088105
1.210110
1.362323
1.506611
1.619994
1.696400
1.741109
1.763950
1.773997
1.776445
1.768970
1.732239
1.621631
1.420167
1.210381
1.079993
1.024640
1.006451
1.001477
1.000302
1.000057
1.000010
1.000000
1.000000
1.000000
1.000000
1.000000
1.000000
1.000000
1.000000
1.000000
1.000000
1.000000
1.000000
1.000000
1.000000
1.000016
1.000134
1.000980
1.005854
1.027210
1.092891
1.223059
1.388471
1.549411
1.679987
1.771182
1.826586
1.855977
1.869436
1.873276
1.865458
1.824669
1.700237
1.471268
1.233249
1.087410
1.026587
1.006896
1.001569
1.000319
1.000059
1.000010
1.000000
1.000000
1.000000
1.000000
1.000000
1.000000
1.000000
1.000000
1.000000
1.000000
1.000000
1.000000
1.000000
1.000000
1.000016
1.000136
1.000995
1.005957
1.027733
1.094945
1.229025
1.401462
1.572144
1.713620
1.814839
1.877906
1.912211
1.928331
1.933302
1.925293
1.881618
1.747603
1.500621
1.245511
1.091106
1.027497
1.007093
1.001607
1.000325
1.000060
1.000010
1.000000
1.000000
1.000000
1.000000
1.000000
1.000000
1.000000
1.000000
1.000000
1.000000
1.000000
1.000000
1.000000
1.000000
1.000016
1.000136
1.001000
1.005991
1.027917
1.095714
1.231435
1.407142
1.582790
1.730246
1.837301
1.905039
1.942452
1.960303
1.966029
1.957905
1.912389
1.772499
1.515231
1.251190
1.092698
1.027865
1.007169
1.001620
1.000327
1.000060
1.000010
1.000000
1.000000
1.000000
1.000000
1.000000
1.000000
1.000000
1.000000
1.000000
1.000000
1.000000
1.000000
1.000000
1.000000
1.000016
1.000136
1.001000
1.006000
1.027961
1.095930
1.232233
1.409254
1.587102
1.737407
1.847394
1.917576
1.956661
1.975465
1.981609
1.973413
1.926853
1.783793
1.521409
1.253371
1.093246
1.027977
1.007190
1.001623
1.000327
1.000060
1.000010
1.000000
1.000000
1.000000
1.000000
1.000000
1.000000
1.000000
1.000000
1.000000
1.000000
1.000000
1.000000
1.000000
1.000000
1.000016
1.000135
1.000995
1.005972
1.027847
1.095628
1.231788
1.408984
1.587457
1.738768
1.849894
1.921072
1.960858
1.980062
1.986373
1.978102
1.930950
1.786273
1.521819
1.252905
1.092898
1.027841
1.007148
1.001613
1.000324
1.000059
1.000010
1.000000
1.000000
1.000000
1.000000
1.000000
1.000000
1.000000
1.000000
1.000000
1.000000
1.000000
1.000000
1.000000
1.000000
1.000015
1.000129
1.000955
1.005760
1.026964
1.093043
1.226765
1.401714
1.578491
1.728619
1.838936
1.909563
1.948986
1.967964
1.974114
1.965579
1.917703
1.771781
1.508223
1.244348
1.089295
1.026692
1.006844
1.001544
1.000310
1.000057
1.000009
1.000000
1.000000
1.000000
1.000000
1.000000
1.000000
1.000000
1.000000
1.000000
1.000000
1.000000
1.000000
1.000000
1.000000
1.000013
1.000111
1.000809
1.004920
1.023320
1.081934
1.203949
1.366799
1.532983
1.674331
1.777670
1.843148
1.879172
1.896172
1.901215
1.891702
1.842176
1.695762
1.444538
1.207783
1.074705
1.022164
1.005664
1.001274
1.000257
1.000046
1.000007
1.000000
1.000000
1.000000
1.000000
1.000000
1.000000
1.000000
1.000000
1.000000
1.000000
1.000000
1.000000
1.000000
1.000000
1.000008
1.000073
1.000561
1.003457
1.016686
1.060200
1.154823
1.285194
1.419982
1.534080
1.615864
1.666086
1.692646
1.704538
1.707130
1.696572
1.648390
1.516038
1.313037
1.140963
1.049913
1.014752
1.003765
1.000845
1.000169
1.000031
1.000004
1.000000
1.000000
1.000000
1.000000
1.000000
1.000000
1.000000
1.000000
1.000000
1.000000
1.000000
1.000000
1.000000
1.000000
1.000002
1.000040
1.000316
1.001962
1.009616
1.035505
1.093907
1.176135
1.260954
1.330929
1.378888
1.406683
1.420449
1.426100
1.426442
1.417531
1.381475
1.291113
1.168885
1.074457
1.026313
1.007810
1.002003
1.000450
1.000089
1.000015
1.000000
1.000000
1.000000
1.000000
1.000000
1.000000
1.000000
1.000000
1.000000
1.000000
1.000000
1.000000
1.000000
1.000000
1.000000
1.000000
1.000018
1.000144
1.000907
1.004500
1.016861
1.045270
1.085222
1.125337
1.156822
1.177024
1.187895
1.192878
1.194711
1.194358
1.189346
1.170558
1.126577
1.071918
1.031640
1.011268
1.003372
1.000869
1.000196
1.000039
1.000005
1.000000
1.000000
1.000000
1.000000
1.000000
1.000000
1.000000
1.000000
1.000000
1.000000
1.000000
1.000000
1.000000
1.000000
1.000000
1.000000
1.000005
1.000051
1.000348
1.001747
1.006598
1.017797
1.033280
1.048204
1.059241
1.065842
1.069138
1.070539
1.070996
1.070743
1.068719
1.061435
1.045010
1.025453
1.011265
1.004051
1.001222
1.000316
1.000070
1.000013
1.000000
1.000000
1.000000
1.000000
1.000000
1.000000
1.000000
1.000000
1.000000
1.000000
1.000000
1.000000
1.000000
1.000000
1.000000
1.000000
1.000000
1.000000
1.000016
1.000114
1.000576
1.002184
1.005887
1.010896
1.015528
1.018770
1.020592
1.021443
1.021783
1.021882
1.021780
1.021126
1.018822
1.013722
1.007767
1.003459
1.001253
1.000380
1.000098
1.000021
1.000002
1.000000
1.000000
1.000000
1.000000
1.000000
1.000000
1.000000
1.000000
1.000000
1.000000
1.000000
1.000000
1.000000
1.000000
1.000000
1.000000
1.000000
1.000000
1.000003
1.000029
1.000163
1.000624
1.001680
1.003079
1.004327
1.005162
1.005608
1.005804
1.005878
1.005901
1.005868
1.005687
1.005059
1.003681
1.002087
1.000934
1.000340
1.000102
1.000026
1.000004
1.000000
1.000000
1.000000
1.000000
1.000000
1.000000
1.000000
1.000000
1.000000
1.000000
1.000000
1.000000
1.000000
1.000000
1.000000
1.000000
1.000000
1.000000
1.000000
1.000000
1.000006
1.000039
1.000155
1.000421
1.000765
1.001064
1.001256
1.001355
1.001397
1.001413
1.001417
1.001407
1.001364
1.001212
1.000881
1.000500
1.000223
1.000080
1.000023
1.000005
1.000000
1.000000
1.000000
1.000000
1.000000
1.000000
1.000000
1.000000
1.000000
1.000000
1.000000
1.000000
1.000000
1.000000
1.000000
1.000000
1.000000
1.000000
1.000000
1.000000
1.000000
1.000000
1.000007
1.000033
1.000093
1.000168
1.000232
1.000273
1.000293
1.000303
1.000305
1.000305
1.000303
1.000294
1.000261
1.000190
1.000107
1.000048
1.000015
1.000002
1.000000
1.000000
1.000000
1.000000
1.000000
1.000000
1.000000
1.000000
1.000000
1.000000
1.000000
1.000000
1.000000
1.000000
1.000000
1.000000
1.000000
1.000000
1.000000
1.000000
1.000000
1.000000
1.000000
1.000000
1.000005
1.000016
1.000032
1.000046
1.000053
1.000056
1.000058
1.000058
1.000058
1.000057
1.000056
1.000049
1.000035
1.000018
1.000006
1.000000
1.000000
1.000000
1.000000
1.000000
1.000000
1.000000
1.000000
1.000000
1.000000
1.000000
1.000000
1.000000
1.000000
1.000000
1.000000
1.000000
1.000000
1.000000
1.000000
1.000000
1.000000
1.000000
1.000000
1.000000
1.000000
1.000000
1.000001
1.000004
1.000006
1.000007
1.000008
1.000008
1.000008
1.000008
1.000008
1.000008
1.000006
1.000004
1.000001
1.000000
1.000000
1.000000
1.000000
1.000000
1.000000
1.000000
1.000000
1.000000
1.000000
1.000000
1.000000
1.000000
1.000000
1.000000
1.000000
1.000000
1.000000
1.000000
1.000000
1.000000
1.000000
1.000000
1.000000
1.000000
1.000000
1.000000
1.000000
1.000000
1.000000
1.000000
1.000000
1.000000
1.000000
1.000000
1.000000
1.000000
1.000000
1.000000
1.000000
1.000000
1.000000
1.000000
1.000000
1.000000
1.000000
1.000000
1.000000
1.000000
1.000000
1.000000
1.000000
1.000000
1.000000
1.000000
1.000000
1.000000
1.000000
1.000000
1.000000
1.000000
1.000000
1.000000
1.000000
1.000000
1.000000
1.000000
1.000000
1.000000
1.000000
1.000000
1.000000
1.000000
1.000000
1.000000
1.000000
1.000000
1.000000
1.000000
1.000000
1.000000
1.000000
1.000000
1.000000
1.000000
1.000000
1.000000
1.000000
1.000000
1.000000
1.000000
1.000000
1.000000
1.000000
1.000000
1.000000
1.000000
1.000000
1.000000
1.000000
1.000000
1.000000
1.000000
1.000000
1.000000
1.000000
1.000000
1.000000
1.000000
1.000000
1.000000
1.000000
1.000000
1.000000
1.000000
1.000000
1.000000
1.000000
1.000000
1.000000
1.000000
1.000000
1.000000
1.000000
1.000000
1.000000
1.000000
1.000000
1.000000
1.000000
1.000000
1.000000
1.000000
1.000000
1.000000
1.000000
1.000000
1.000000
1.000000
1.000000
1.000000
1.000000
1.000000
1.000000
1.000000
1.000000
1.000000
1.000000
1.000000
1.000000
1.000000
1.000000
1.000000
1.000000
1.000000
1.000000
1.000000
1.000000
1.000000
1.000000
1.000000
1.000000
1.000000
1.000000
1.000000
1.000000
1.000000
1.000000
1.000000
1.000000
1.000000
1.000000
1.000000
1.000000
1.000000
1.000000
1.000000
1.000000
1.000000
1.000000
1.000000
1.000000
1.000000
1.000000
1.000000
1.000000
1.000000
1.000000
1.000000
1.000000
1.000000
1.000000
1.000000
1.000000
1.000000
1.000000
1.000000
1.000000
1.000000
1.000000
1.000000
1.000000
1.000000
1.000000
1.000000
1.000000
1.000000
1.000000
1.000000
1.000000
1.000000
1.000000
1.000000
1.000000
1.000000
1.000000
1.000000
1.000000
1.000000
1.000000
1.000000
1.000000
1.000000
1.000000
1.000000
1.000000
1.000000
1.000000
1.000000
1.000000
1.000000
1.000000
1.000000
1.000000
1.000000
1.000000
1.000000
1.000000
1.000000
1.000000
1.000000
1.000000
1.000000
1.000000
1.000000
1.000000
1.000000
1.000000
1.000000
1.000000
1.000000
1.000000
1.000000
1.000000
1.000000
1.000000
1.000000
1.000000
1.000000
1.000000
1.000000
1.000000
1.000000
1.000000
1.000000
1.000000
1.000000
1.000000
1.000000
1.000000
1.000000
1.000000
1.000000
1.000000
1.000000
1.000000
1.000000
1.000000
1.000000
1.000000
1.000000
1.000000
1.000000
1.000000
1.000000
1.000000
1.000000
1.000000
1.000000
1.000000
1.000000
1.000000
1.000000
1.000000
1.000000
1.000000
1.000000
1.000000
1.000000
1.000000
1.000000
1.000000
1.000000
1.000000
1.000000
1.000000
1.000000
1.000000
1.000000
1.000000
1.000000
1.000000
1.000000
1.000000
1.000000
1.000000
1.000000
1.000000
1.000000
1.000000
1.000000
1.000000
1.000000
1.000000
1.000000
1.000000
1.000000
1.000000
1.000000
1.000000
1.000000
1.000000
1.000000
1.000000
1.000000
1.000000
1.000000
1.000000
1.000000
1.000000
1.000000
1.000000
1.000000
1.000000
1.000000
1.000000
1.000000
1.000000
1.000000
1.000000
1.000000
1.000000
1.000000
1.000000
1.000000
1.000000
1.000000
1.000000
1.000000
1.000000
1.000000
1.000000
1.000000
1.000000
1.000000
1.000000
1.000000
1.000000
1.000000
1.000000
1.000000
1.000000
1.000000
1.000000
1.000000
1.000000
1.000000
1.000000
1.000000
1.000000
1.000000
1.000000
1.000000
1.000000
1.000000
1.000000
1.000000
