1.000000
1.000000
1.000000
1.000000
1.000000
1.000000
1.000000
1.000000
1.000000
1.000000
1.000000
1.000000
1.000000
1.000000
1.000000
1.000000
1.000000
1.000000
1.000000
1.000000
1.000000
1.000000
1.000000
1.000000
1.000000
1.000000
1.000000
1.000000
1.000000
1.000000
1.000000
1.000000
1.000000
1.000000
1.000000
1.000000
1.000000
1.000000
1.000000
1.000000
1.000000
1.000000
1.000000
1.000000
1.000000
1.000000
1.000000
1.000000
1.000000
1.000000
1.000000
1.000000
1.000000
1.000000
1.000000
1.000000
1.000000
1.000000
1.000000
1.000000
1.000000
1.000000
1.000000
1.000000
1.000000
1.000000
1.000000
1.000000
1.000000
1.000000
1.000000
1.000000
1.000000
1.000000
1.000000
1.000000
1.000000
1.000000
1.000000
1.000000
1.000000
1.000000
1.000000
1.000000
1.000000
1.000000
1.000000
1.000000
1.000000
1.000000
1.000000
1.000000
1.000000
1.000000
1.000000
1.000000
1.000000
1.000000
1.000000
1.000000
1.000000
1.000000
1.000000
1.000000
1.000000
1.000000
1.000000
1.000000
1.000000
1.000000
1.000000
1.000000
1.000000
1.000000
1.000000
1.000000
1.000000
1.000000
1.000000
1.000000
1.000000
1.000000
1.000000
1.000000
1.000000
1.000000
1.000000
1.000000
1.000000
1.000000
1.000000
1.000000
1.000000
1.000000
1.000000
1.000000
1.000000
1.000000
1.000000
1.000000
1.000000
1.000000
1.000000
1.000000
1.000000
1.000000
1.000000
1.000000
1.000000
1.000000
1.000000
1.000000
1.000000
1.000000
1.000000
1.000000
1.000000
1.000000
1.000000
1.000000
1.000000
1.000000
1.000000
1.000000
1.000000
1.000000
1.000000
1.000000
1.000000
1.000000
1.000000
1.000000
1.000000
1.000000
1.000000
1.000000
1.000000
1.000000
1.000000
1.000000
1.000000
1.000000
1.000000
1.000000
1.000000
1.000000
1.000000
1.000000
1.000000
1.000000
1.000000
1.000000
1.000000
1.000000
1.000000
1.000000
1.000000
1.000000
1.000000
1.000000
1.000000
1.000000
1.000000
1.000000
1.000000
1.000000
1.000000
1.000000
1.000000
1.000000
1.000000
1.000000
1.000000
1.000000
1.000000
1.000000
1.000000
1.000000
1.000000
1.000003
1.000003
1.000003
1.000003
1.000003
1.000003
1.000001
1.000000
1.000000
1.000000
1.000000
1.000000
1.000000
1.000000
1.000000
1.000000
1.000000
1.000000
1.000000
1.000000
1.000000
1.000000
1.000000
1.000000
1.000000
1.000000
1.000000
1.000000
1.000000
1.000000
1.000000
1.000000
1.000000
1.000000
1.000000
1.000000
1.000010
1.000013
1.000027
1.000040
1.000064
1.000072
1.000072
1.000073
1.000073
1.000072
1.000072
1.000068
1.000054
1.000041
1.000023
1.000009
1.000000
1.000000
1.000000
1.000000
1.000000
1.000000
1.000000
1.000000
1.000000
1.000000
1.000000
1.000000
1.000000
1.000000
1.000000
1.000000
1.000000
1.000000
1.000000
1.000000
1.000000
1.000000
1.000000
1.000000
1.000013
1.000085
1.000212
1.000377
1.000523
1.000626
1.000679
1.000705
1.000720
1.000725
1.000721
1.000702
1.000637
1.000515
1.000350
1.000197
1.000091
1.000039
1.000014
1.000000
1.000000
1.000000
1.000000
1.000000
1.000000
1.000000
1.000000
1.000000
1.000000
1.000000
1.000000
1.000000
1.000000
1.000000
1.000000
1.000000
1.000000
1.000000
1.000000
1.000013
1.000052
1.000213
1.000672
1.001555
1.002688
1.003725
1.004455
1.004871
1.005069
1.005148
1.005177
1.005152
1.005020
1.004618
1.003764
1.002585
1.001469
1.000696
1.000279
1.000096
1.000030
1.000009
1.000000
1.000000
1.000000
1.000000
1.000000
1.000000
1.000000
1.000000
1.000000
1.000000
1.000000
1.000000
1.000000
1.000000
1.000000
1.000000
1.000000
1.000013
1.000061
1.000298
1.001167
1.003544
1.008060
1.013789
1.019052
1.022814
1.025013
1.026100
1.026560
1.026708
1.026618
1.026024
1.024138
1.019982
1.013989
1.008091
1.003878
1.001565
1.000541
1.000162
1.000046
1.000013
1.000000
1.000000
1.000000
1.000000
1.000000
1.000000
1.000000
1.000000
1.000000
1.000000
1.000000
1.000000
1.000000
1.000000
1.000000
1.000002
1.000035
1.000222
1.001084
1.004193
1.012485
1.027797
1.046901
1.064499
1.077379
1.085218
1.089298
1.091139
1.091803
1.091654
1.090003
1.084442
1.071500
1.051484
1.030496
1.014836
1.006029
1.002090
1.000630
1.000168
1.000041
1.000013
1.000000
1.000000
1.000000
1.000000
1.000000
1.000000
1.000000
1.000000
1.000000
1.000000
1.000000
1.000000
1.000000
1.000000
1.000013
1.000083
1.000513
1.002488
1.009532
1.027959
1.061249
1.102455
1.140946
1.170129
1.188852
1.199252
1.204312
1.206376
1.206487
1.203588
1.193029
1.166993
1.123606
1.074839
1.036781
1.014957
1.005165
1.001549
1.000410
1.000098
1.000026
1.000006
1.000000
1.000000
1.000000
1.000000
1.000000
1.000000
1.000000
1.000000
1.000000
1.000000
1.000000
1.000000
1.000000
1.000022
1.000148
1.000863
1.004138
1.015778
1.045921
1.099855
1.166925
1.231081
1.281787
1.316182
1.336596
1.347290
1.352120
1.353189
1.349419
1.333976
1.293765
1.222163
1.136561
1.067269
1.027158
1.009279
1.002753
1.000725
1.000172
1.000042
1.000009
1.000000
1.000000
1.000000
1.000000
1.000000
1.000000
1.000000
1.000000
1.000000
1.000000
1.000000
1.000000
1.000000
1.000028
1.000198
1.001157
1.005571
1.021231
1.061725
1.134282
1.225766
1.315820
1.390044
1.443111
1.476562
1.495281
1.504448
1.507402
1.503417
1.483924
1.430528
1.330228
1.204442
1.100171
1.039900
1.013426
1.003929
1.001023
1.000242
1.000055
1.000012
1.000000
1.000000
1.000000
1.000000
1.000000
1.000000
1.000000
1.000000
1.000000
1.000000
1.000000
1.000000
1.000000
1.000034
1.000233
1.001359
1.006557
1.025045
1.073028
1.159676
1.270891
1.383564
1.480061
1.552298
1.600239
1.628590
1.643378
1.649086
1.645548
1.622924
1.558057
1.431266
1.267054
1.129457
1.050722
1.016790
1.004848
1.001248
1.000292
1.000064
1.000014
1.000000
1.000000
1.000000
1.000000
1.000000
1.000000
1.000000
1.000000
1.000000
1.000000
1.000000
1.000000
1.000001
1.000036
1.000250
1.001478
1.007120
1.027276
1.079867
1.175743
1.300942
1.431026
1.546093
1.635552
1.697458
1.735720
1.756667
1.765629
1.763000
1.738018
1.663530
1.514011
1.316868
1.151637
1.058462
1.019073
1.005444
1.001390
1.000321
1.000069
1.000014
1.000000
1.000000
1.000000
1.000000
1.000000
1.000000
1.000000
1.000000
1.000000
1.000000
1.000000
1.000000
1.000002
1.000036
1.000262
1.001530
1.007395
1.028399
1.083455
1.184644
1.318615
1.460582
1.589342
1.692416
1.766069
1.813152
1.839867
1.852040
1.850484
1.823743
1.741536
1.573955
1.351491
1.166175
1.063228
1.020401
1.005775
1.001463
1.000337
1.000071
1.000015
1.000001
1.000000
1.000000
1.000000
1.000000
1.000000
1.000000
1.000000
1.000000
1.000000
1.000000
1.000000
1.000002
1.000037
1.000264
1.001551
1.007512
1.028893
1.085113
1.189015
1.327878
1.477058
1.614767
1.727334
1.809648
1.863557
1.894927
1.909787
1.909202
1.881173
1.793170
1.612489
1.372654
1.174511
1.065790
1.021075
1.005935
1.001497
1.000343
1.000072
1.000015
1.000001
1.000000
1.000000
1.000000
1.000000
1.000000
1.000000
1.000000
1.000000
1.000000
1.000000
1.000000
1.000002
1.000037
1.000265
1.001561
1.007555
1.029072
1.085762
1.190880
1.332163
1.485233
1.628134
1.746551
1.834477
1.892997
1.927619
1.944410
1.944538
1.915603
1.823606
1.634351
1.383948
1.178641
1.066967
1.021363
1.006001
1.001512
1.000345
1.000072
1.000015
1.000001
1.000000
1.000000
1.000000
1.000000
1.000000
1.000000
1.000000
1.000000
1.000000
1.000000
1.000000
1.000002
1.000036
1.000263
1.001555
1.007537
1.029021
1.085724
1.191131
1.333314
1.488130
1.633621
1.755164
1.846241
1.907445
1.944011
1.961970
1.962506
1.932917
1.838313
1.643942
1.388040
1.179703
1.067120
1.021360
1.005990
1.001505
1.000343
1.000072
1.000015
1.000001
1.000000
1.000000
1.000000
1.000000
1.000000
1.000000
1.000000
1.000000
1.000000
1.000000
1.000000
1.000001
1.000035
1.000254
1.001512
1.007343
1.028369
1.084125
1.188383
1.329752
1.484389
1.630350
1.752826
1.845011
1.907221
1.944523
1.962889
1.963413
1.933044
1.836284
1.638860
1.381973
1.175626
1.065284
1.020717
1.005798
1.001455
1.000330
1.000069
1.000014
1.000000
1.000000
1.000000
1.000000
1.000000
1.000000
1.000000
1.000000
1.000000
1.000000
1.000000
1.000000
1.000000
1.000030
1.000232
1.001360
1.006643
1.025902
1.077760
1.176509
1.312394
1.462485
1.604939
1.724743
1.814881
1.875541
1.911713
1.929228
1.928804
1.896616
1.796718
1.598331
1.349898
1.157980
1.058097
1.018334
1.005115
1.001282
1.000292
1.000060
1.000011
1.000000
1.000000
1.000000
1.000000
1.000000
1.000000
1.000000
1.000000
1.000000
1.000000
1.000000
1.000000
1.000000
1.000021
1.000179
1.001066
1.005262
1.020834
1.063870
1.148538
1.268310
1.402967
1.531757
1.639946
1.720634
1.774115
1.805289
1.819517
1.816570
1.781512
1.679949
1.492164
1.276469
1.121526
1.044146
1.013867
1.003862
1.000967
1.000220
1.000045
1.000007
1.000000
1.000000
1.000000
1.000000
1.000000
1.000000
1.000000
1.000000
1.000000
1.000000
1.000000
1.000000
1.000000
1.000014
1.000115
1.000705
1.003532
1.014216
1.044585
1.106504
1.196790
1.300040
1.398993
1.481098
1.540836
1.579069
1.600310
1.608756
1.602914
1.568408
1.478377
1.329856
1.177814
1.076648
1.027723
1.008721
1.002433
1.000608
1.000137
1.000028
1.000004
1.000000
1.000000
1.000000
1.000000
1.000000
1.000000
1.000000
1.000000
1.000000
1.000000
1.000000
1.000000
1.000000
1.000007
1.000063
1.000397
1.001997
1.008142
1.025993
1.063351
1.118787
1.182288
1.242161
1.290238
1.323644
1.343859
1.354308
1.357476
1.351420
1.325757
1.265271
1.175989
1.092702
1.039804
1.014474
1.004583
1.001285
1.000322
1.000071
1.000013
1.000000
1.000000
1.000000
1.000000
1.000000
1.000000
1.000000
1.000000
1.000000
1.000000
1.000000
1.000000
1.000000
1.000000
1.000000
1.000028
1.000189
1.000957
1.003941
1.012726
1.031334
1.058953
1.090034
1.118304
1.139876
1.153974
1.161949
1.165731
1.166397
1.162567
1.148796
1.118573
1.077165
1.040441
1.017477
1.006418
1.002049
1.000577
1.000144
1.000032
1.000005
1.000000
1.000000
1.000000
1.000000
1.000000
1.000000
1.000000
1.000000
1.000000
1.000000
1.000000
1.000000
1.000000
1.000000
1.000000
1.000014
1.000073
1.000393
1.001636
1.005316
1.013128
1.024593
1.037131
1.048033
1.055894
1.060714
1.063263
1.064369
1.064392
1.062658
1.056933
1.044883
1.029031
1.015266
1.006658
1.002469
1.000794
1.000224
1.000054
1.000011
1.000000
1.000000
1.000000
1.000000
1.000000
1.000000
1.000000
1.000000
1.000000
1.000000
1.000000
1.000000
1.000000
1.000000
1.000000
1.000000
1.000001
1.000025
1.000141
1.000591
1.001928
1.004760
1.008851
1.013191
1.016804
1.019275
1.020706
1.021419
1.021702
1.021658
1.021025
1.019032
1.014933
1.009652
1.005101
1.002242
1.000838
1.000270
1.000076
1.000018
1.000001
1.000000
1.000000
1.000000
1.000000
1.000000
1.000000
1.000000
1.000000
1.000000
1.000000
1.000000
1.000000
1.000000
1.000000
1.000000
1.000000
1.000000
1.000007
1.000042
1.000188
1.000616
1.001520
1.002805
1.004132
1.005196
1.005892
1.006275
1.006458
1.006526
1.006502
1.006302
1.005693
1.004457
1.002883
1.001529
1.000676
1.000253
1.000081
1.000022
1.000003
1.000000
1.000000
1.000000
1.000000
1.000000
1.000000
1.000000
1.000000
1.000000
1.000000
1.000000
1.000000
1.000000
1.000000
1.000000
1.000000
1.000000
1.000000
1.000000
1.000011
1.000053
1.000175
1.000432
1.000793
1.001158
1.001442
1.001621
1.001715
1.001758
1.001775
1.001764
1.001711
1.001543
1.001206
1.000781
1.000415
1.000183
1.000068
1.000021
1.000004
1.000000
1.000000
1.000000
1.000000
1.000000
1.000000
1.000000
1.000000
1.000000
1.000000
1.000000
1.000000
1.000000
1.000000
1.000000
1.000000
1.000000
1.000000
1.000000
1.000000
1.000000
1.000010
1.000044
1.000110
1.000201
1.000293
1.000361
1.000404
1.000425
1.000437
1.000440
1.000437
1.000422
1.000381
1.000298
1.000192
1.000101
1.000045
1.000015
1.000002
1.000000
1.000000
1.000000
1.000000
1.000000
1.000000
1.000000
1.000000
1.000000
1.000000
1.000000
1.000000
1.000000
1.000000
1.000000
1.000000
1.000000
1.000000
1.000000
1.000000
1.000000
1.000000
1.000000
1.000008
1.000022
1.000044
1.000065
1.000082
1.000092
1.000097
1.000098
1.000099
1.000098
1.000095
1.000084
1.000067
1.000043
1.000020
1.000006
1.000000
1.000000
1.000000
1.000000
1.000000
1.000000
1.000000
1.000000
1.000000
1.000000
1.000000
1.000000
1.000000
1.000000
1.000000
1.000000
1.000000
1.000000
1.000000
1.000000
1.000000
1.000000
1.000000
1.000000
1.000000
1.000000
1.000004
1.000007
1.000012
1.000014
1.000016
1.000017
1.000017
1.000017
1.000017
1.000016
1.000014
1.000010
1.000005
1.000002
1.000000
1.000000
1.000000
1.000000
1.000000
1.000000
1.000000
1.000000
1.000000
1.000000
1.000000
1.000000
1.000000
1.000000
1.000000
1.000000
1.000000
1.000000
1.000000
1.000000
1.000000
1.000000
1.000000
1.000000
1.000000
1.000000
1.000000
1.000000
1.000000
1.000000
1.000000
1.000001
1.000001
1.000001
1.000001
1.000001
1.000001
1.000000
1.000000
1.000000
1.000000
1.000000
1.000000
1.000000
1.000000
1.000000
1.000000
1.000000
1.000000
1.000000
1.000000
1.000000
1.000000
1.000000
1.000000
1.000000
1.000000
1.000000
1.000000
1.000000
1.000000
1.000000
1.000000
1.000000
1.000000
1.000000
1.000000
1.000000
1.000000
1.000000
1.000000
1.000000
1.000000
1.000000
1.000000
1.000000
1.000000
1.000000
1.000000
1.000000
1.000000
1.000000
1.000000
1.000000
1.000000
1.000000
1.000000
1.000000
1.000000
1.000000
1.000000
1.000000
1.000000
1.000000
1.000000
1.000000
1.000000
1.000000
1.000000
1.000000
1.000000
1.000000
1.000000
1.000000
1.000000
1.000000
1.000000
1.000000
1.000000
1.000000
1.000000
1.000000
1.000000
1.000000
1.000000
1.000000
1.000000
1.000000
1.000000
1.000000
1.000000
1.000000
1.000000
1.000000
1.000000
1.000000
1.000000
1.000000
1.000000
1.000000
1.000000
1.000000
1.000000
1.000000
1.000000
1.000000
1.000000
1.000000
1.000000
1.000000
1.000000
1.000000
1.000000
1.000000
1.000000
1.000000
1.000000
1.000000
1.000000
1.000000
1.000000
1.000000
1.000000
1.000000
1.000000
1.000000
1.000000
1.000000
1.000000
1.000000
1.000000
1.000000
1.000000
1.000000
1.000000
1.000000
1.000000
1.000000
1.000000
1.000000
1.000000
1.000000
1.000000
1.000000
1.000000
1.000000
1.000000
1.000000
1.000000
1.000000
1.000000
1.000000
1.000000
1.000000
1.000000
1.000000
1.000000
1.000000
1.000000
1.000000
1.000000
1.000000
1.000000
1.000000
1.000000
1.000000
1.000000
1.000000
1.000000
1.000000
1.000000
1.000000
1.000000
1.000000
1.000000
1.000000
1.000000
1.000000
1.000000
1.000000
1.000000
1.000000
1.000000
1.000000
1.000000
1.000000
1.000000
1.000000
1.000000
1.000000
1.000000
1.000000
1.000000
1.000000
1.000000
1.000000
1.000000
1.000000
1.000000
1.000000
1.000000
1.000000
1.000000
1.000000
1.000000
1.000000
1.000000
1.000000
1.000000
1.000000
1.000000
1.000000
1.000000
1.000000
1.000000
1.000000
1.000000
1.000000
1.000000
1.000000
1.000000
1.000000
1.000000
1.000000
1.000000
1.000000
1.000000
1.000000
1.000000
1.000000
1.000000
1.000000
1.000000
1.000000
1.000000
1.000000
1.000000
1.000000
1.000000
1.000000
1.000000
1.000000
1.000000
1.000000
1.000000
1.000000
1.000000
1.000000
1.000000
1.000000
1.000000
1.000000
1.000000
1.000000
1.000000
1.000000
1.000000
1.000000
1.000000
1.000000
1.000000
1.000000
1.000000
1.000000
1.000000
1.000000
1.000000
1.000000
1.000000
1.000000
1.000000
1.000000
1.000000
1.000000
1.000000
1.000000
1.000000
1.000000
1.000000
1.000000
1.000000
1.000000
1.000000
1.000000
1.000000
1.000000
1.000000
1.000000
1.000000
1.000000
1.000000
1.000000
1.000000
1.000000
1.000000
1.000000
1.000000
1.000000
1.000000
1.000000
1.000000
1.000000
1.000000
1.000000
1.000000
1.000000
1.000000
1.000000
1.000000
1.000000
1.000000
1.000000
1.000000
1.000000
1.000000
