1.000000
1.000000
1.000000
1.000000
1.000000
1.000000
1.000000
1.000000
1.000000
1.000000
1.000000
1.000000
1.000000
1.000000
1.000000
1.000000
1.000000
1.000000
1.000000
1.000000
1.000000
1.000000
1.000000
1.000000
1.000000
1.000000
1.000000
1.000000
1.000000
1.000000
1.000000
1.000000
1.000000
1.000000
1.000000
1.000000
1.000000
1.000000
1.000000
1.000000
1.000000
1.000000
1.000000
1.000000
1.000000
1.000000
1.000000
1.000000
1.000000
1.000000
1.000000
1.000000
1.000000
1.000000
1.000000
1.000000
1.000000
1.000000
1.000000
1.000000
1.000000
1.000000
1.000000
1.000000
1.000000
1.000000
1.000000
1.000000
1.000000
1.000000
1.000000
1.000000
1.000000
1.000000
1.000000
1.000000
1.000000
1.000000
1.000000
1.000000
1.000000
1.000000
1.000000
1.000000
1.000000
1.000000
1.000000
1.000000
1.000000
1.000000
1.000000
1.000000
1.000000
1.000000
1.000000
1.000000
1.000000
1.000000
1.000000
1.000000
1.000000
1.000000
1.000000
1.000000
1.000000
1.000000
1.000000
1.000000
1.000000
1.000000
1.000000
1.000000
1.000000
1.000000
1.000000
1.000000
1.000000
1.000000
1.000000
1.000000
1.000000
1.000000
1.000000
1.000000
1.000000
1.000000
1.000000
1.000000
1.000000
1.000000
1.000000
1.000000
1.000000
1.000000
1.000000
1.000000
1.000000
1.000000
1.000000
1.000000
1.000000
1.000000
1.000000
1.000000
1.000000
1.000000
1.000000
1.000000
1.000000
1.000000
1.000000
1.000000
1.000000
1.000000
1.000000
1.000000
1.000000
1.000000
1.000000
1.000000
1.000000
1.000000
1.000000
1.000000
1.000000
1.000000
1.000000
1.000000
1.000000
1.000000
1.000000
1.000000
1.000000
1.000000
1.000000
1.000000
1.000000
1.000000
1.000000
1.000000
1.000000
1.000000
1.000000
1.000000
1.000000
1.000000
1.000000
1.000000
1.000000
1.000000
1.000000
1.000000
1.000000
1.000000
1.000000
1.000000
1.000000
1.000000
1.000000
1.000000
1.000000
1.000000
1.000000
1.000000
1.000000
1.000000
1.000000
1.000000
1.000000
1.000000
1.000000
1.000000
1.000000
1.000000
1.000000
1.000000
1.000000
1.000000
1.000000
1.000002
1.000002
1.000002
1.000002
1.000002
1.000001
1.000000
1.000000
1.000000
1.000000
1.000000
1.000000
1.000000
1.000000
1.000000
1.000000
1.000000
1.000000
1.000000
1.000000
1.000000
1.000000
1.000000
1.000000
1.000000
1.000000
1.000000
1.000000
1.000000
1.000000
1.000000
1.000000
1.000000
1.000000
1.000000
1.000000
1.000010
1.000013
1.000027
1.000040
1.000061
1.000069
1.000070
1.000070
1.000070
1.000070
1.000069
1.000064
1.000050
1.000037
1.000020
1.000007
1.000000
1.000000
1.000000
1.000000
1.000000
1.000000
1.000000
1.000000
1.000000
1.000000
1.000000
1.000000
1.000000
1.000000
1.000000
1.000000
1.000000
1.000000
1.000000
1.000000
1.000000
1.000000
1.000000
1.000000
1.000013
1.000085
1.000215
1.000382
1.000523
1.000623
1.000672
1.000695
1.000709
1.000711
1.000707
1.000690
1.000623
1.000498
1.000329
1.000181
1.000080
1.000033
1.000013
1.000000
1.000000
1.000000
1.000000
1.000000
1.000000
1.000000
1.000000
1.000000
1.000000
1.000000
1.000000
1.000000
1.000000
1.000000
1.000000
1.000000
1.000000
1.000000
1.000000
1.000013
1.000052
1.000216
1.000695
1.001632
1.002820
1.003883
1.004608
1.005005
1.005188
1.005259
1.005283
1.005257
1.005120
1.004697
1.003786
1.002544
1.001404
1.000641
1.000248
1.000081
1.000024
1.000006
1.000000
1.000000
1.000000
1.000000
1.000000
1.000000
1.000000
1.000000
1.000000
1.000000
1.000000
1.000000
1.000000
1.000000
1.000000
1.000000
1.000000
1.000013
1.000059
1.000299
1.001213
1.003783
1.008727
1.014929
1.020495
1.024360
1.026547
1.027590
1.028017
1.028145
1.028043
1.027414
1.025361
1.020774
1.014240
1.007992
1.003694
1.001432
1.000475
1.000138
1.000035
1.000011
1.000000
1.000000
1.000000
1.000000
1.000000
1.000000
1.000000
1.000000
1.000000
1.000000
1.000000
1.000000
1.000000
1.000000
1.000000
1.000000
1.000032
1.000219
1.001110
1.004443
1.013573
1.030618
1.051642
1.070597
1.084115
1.092112
1.096146
1.097908
1.098518
1.098325
1.096536
1.090387
1.075846
1.053544
1.030782
1.014435
1.005633
1.001872
1.000540
1.000138
1.000032
1.000010
1.000000
1.000000
1.000000
1.000000
1.000000
1.000000
1.000000
1.000000
1.000000
1.000000
1.000000
1.000000
1.000000
1.000000
1.000013
1.000081
1.000504
1.002535
1.010049
1.030230
1.067082
1.112245
1.153665
1.184390
1.203627
1.214032
1.218949
1.220887
1.220897
1.217737
1.206068
1.176828
1.128393
1.075387
1.035656
1.013903
1.004597
1.001319
1.000333
1.000077
1.000020
1.000003
1.000000
1.000000
1.000000
1.000000
1.000000
1.000000
1.000000
1.000000
1.000000
1.000000
1.000000
1.000000
1.000000
1.000019
1.000137
1.000835
1.004162
1.016418
1.049032
1.108072
1.180923
1.249556
1.302807
1.338179
1.358679
1.369140
1.373723
1.374593
1.370427
1.353393
1.308388
1.228701
1.136083
1.064356
1.024868
1.008127
1.002304
1.000580
1.000133
1.000032
1.000007
1.000000
1.000000
1.000000
1.000000
1.000000
1.000000
1.000000
1.000000
1.000000
1.000000
1.000000
1.000000
1.000000
1.000024
1.000181
1.001103
1.005523
1.021792
1.065060
1.143587
1.242033
1.337706
1.415302
1.469739
1.503307
1.521625
1.530337
1.532924
1.528376
1.506854
1.447255
1.336070
1.200939
1.094284
1.035891
1.011545
1.003231
1.000806
1.000182
1.000042
1.000008
1.000000
1.000000
1.000000
1.000000
1.000000
1.000000
1.000000
1.000000
1.000000
1.000000
1.000000
1.000000
1.000000
1.000028
1.000210
1.001281
1.006425
1.025417
1.076144
1.169003
1.287669
1.406528
1.506827
1.580574
1.628479
1.656106
1.670099
1.675170
1.670844
1.645777
1.573518
1.433620
1.258725
1.119868
1.044850
1.014196
1.003922
1.000968
1.000216
1.000047
1.000009
1.000000
1.000000
1.000000
1.000000
1.000000
1.000000
1.000000
1.000000
1.000000
1.000000
1.000000
1.000000
1.000000
1.000031
1.000225
1.001381
1.006921
1.027457
1.082613
1.184578
1.317209
1.453519
1.572360
1.663115
1.724564
1.761575
1.781228
1.789170
1.785463
1.757656
1.674875
1.510819
1.302870
1.138375
1.050957
1.015909
1.004349
1.001063
1.000235
1.000049
1.000009
1.000000
1.000000
1.000000
1.000000
1.000000
1.000000
1.000000
1.000000
1.000000
1.000000
1.000000
1.000000
1.000000
1.000031
1.000234
1.001423
1.007152
1.028445
1.085884
1.192919
1.334054
1.481959
1.614124
1.717983
1.790529
1.835662
1.860460
1.871147
1.868190
1.838303
1.747239
1.564549
1.332172
1.149912
1.054529
1.016855
1.004573
1.001111
1.000245
1.000050
1.000009
1.000000
1.000000
1.000000
1.000000
1.000000
1.000000
1.000000
1.000000
1.000000
1.000000
1.000000
1.000000
1.000000
1.000031
1.000235
1.001440
1.007249
1.028862
1.087337
1.196871
1.342597
1.497323
1.637936
1.750652
1.831120
1.882328
1.911131
1.924025
1.921729
1.890328
1.793238
1.597556
1.349200
1.156184
1.056347
1.017310
1.004678
1.001131
1.000248
1.000051
1.000009
1.000000
1.000000
1.000000
1.000000
1.000000
1.000000
1.000000
1.000000
1.000000
1.000000
1.000000
1.000000
1.000000
1.000031
1.000235
1.001446
1.007280
1.029005
1.087878
1.198485
1.346400
1.504678
1.650024
1.768008
1.853422
1.908575
1.940061
1.954473
1.952637
1.920203
1.819127
1.615342
1.357781
1.159105
1.057130
1.017492
1.004717
1.001140
1.000249
1.000051
1.000009
1.000000
1.000000
1.000000
1.000000
1.000000
1.000000
1.000000
1.000000
1.000000
1.000000
1.000000
1.000000
1.000000
1.000031
1.000234
1.001440
1.007258
1.028934
1.087772
1.198572
1.347226
1.507007
1.654599
1.775267
1.863326
1.920663
1.953669
1.968948
1.967342
1.934200
1.830637
1.622282
1.360327
1.159590
1.057134
1.017460
1.004701
1.001133
1.000247
1.000051
1.000009
1.000000
1.000000
1.000000
1.000000
1.000000
1.000000
1.000000
1.000000
1.000000
1.000000
1.000000
1.000000
1.000000
1.000029
1.000225
1.001397
1.007059
1.028231
1.085991
1.195426
1.343019
1.502343
1.650077
1.771301
1.860070
1.918042
1.951490
1.966978
1.965251
1.931294
1.825684
1.614905
1.353228
1.155387
1.055392
1.016886
1.004539
1.001093
1.000238
1.000049
1.000008
1.000000
1.000000
1.000000
1.000000
1.000000
1.000000
1.000000
1.000000
1.000000
1.000000
1.000000
1.000000
1.000000
1.000025
1.000204
1.001243
1.006324
1.025548
1.078861
1.181893
1.323045
1.476930
1.620336
1.738149
1.824251
1.880217
1.912254
1.926747
1.923998
1.888162
1.779590
1.569465
1.319477
1.138018
1.048705
1.014772
1.003960
1.000953
1.000209
1.000042
1.000007
1.000000
1.000000
1.000000
1.000000
1.000000
1.000000
1.000000
1.000000
1.000000
1.000000
1.000000
1.000000
1.000000
1.000018
1.000154
1.000955
1.004908
1.020147
1.063581
1.150489
1.273035
1.409000
1.536498
1.640851
1.716194
1.764234
1.790984
1.802180
1.797038
1.758726
1.650221
1.456165
1.245648
1.103502
1.036144
1.010923
1.002923
1.000702
1.000153
1.000029
1.000004
1.000000
1.000000
1.000000
1.000000
1.000000
1.000000
1.000000
1.000000
1.000000
1.000000
1.000000
1.000000
1.000000
1.000012
1.000096
1.000614
1.003198
1.013345
1.043095
1.104833
1.194502
1.295448
1.389912
1.465877
1.519063
1.551610
1.568764
1.574741
1.567513
1.531620
1.439659
1.293574
1.152173
1.063120
1.021998
1.006663
1.001787
1.000427
1.000092
1.000016
1.000001
1.000000
1.000000
1.000000
1.000000
1.000000
1.000000
1.000000
1.000000
1.000000
1.000000
1.000000
1.000000
1.000000
1.000004
1.000050
1.000333
1.001744
1.007369
1.024211
1.060041
1.112844
1.172092
1.226298
1.268196
1.296029
1.312046
1.319845
1.321696
1.315407
1.290550
1.232565
1.149842
1.076254
1.031610
1.011090
1.003382
1.000911
1.000218
1.000047
1.000007
1.000000
1.000000
1.000000
1.000000
1.000000
1.000000
1.000000
1.000000
1.000000
1.000000
1.000000
1.000000
1.000000
1.000000
1.000000
1.000023
1.000152
1.000802
1.003425
1.011373
1.028459
1.053560
1.081096
1.105265
1.122928
1.133921
1.139817
1.142438
1.142665
1.139112
1.126657
1.099380
1.063015
1.032007
1.013373
1.004739
1.001456
1.000394
1.000092
1.000020
1.000002
1.000000
1.000000
1.000000
1.000000
1.000000
1.000000
1.000000
1.000000
1.000000
1.000000
1.000000
1.000000
1.000000
1.000000
1.000000
1.000009
1.000056
1.000317
1.001362
1.004549
1.011406
1.021344
1.031904
1.040741
1.046828
1.050379
1.052158
1.052878
1.052807
1.051319
1.046427
1.036088
1.022788
1.011628
1.004903
1.001753
1.000542
1.000147
1.000034
1.000005
1.000000
1.000000
1.000000
1.000000
1.000000
1.000000
1.000000
1.000000
1.000000
1.000000
1.000000
1.000000
1.000000
1.000000
1.000000
1.000000
1.000000
1.000018
1.000109
1.000470
1.001578
1.003953
1.007338
1.010822
1.013610
1.015432
1.016435
1.016909
1.017084
1.017028
1.016518
1.014895
1.011532
1.007283
1.003735
1.001586
1.000571
1.000177
1.000047
1.000010
1.000000
1.000000
1.000000
1.000000
1.000000
1.000000
1.000000
1.000000
1.000000
1.000000
1.000000
1.000000
1.000000
1.000000
1.000000
1.000000
1.000000
1.000000
1.000004
1.000029
1.000142
1.000481
1.001206
1.002221
1.003239
1.004022
1.004511
1.004768
1.004884
1.004926
1.004903
1.004749
1.004275
1.003304
1.002089
1.001075
1.000458
1.000165
1.000051
1.000013
1.000000
1.000000
1.000000
1.000000
1.000000
1.000000
1.000000
1.000000
1.000000
1.000000
1.000000
1.000000
1.000000
1.000000
1.000000
1.000000
1.000000
1.000000
1.000000
1.000000
1.000006
1.000036
1.000131
1.000327
1.000600
1.000867
1.001066
1.001187
1.001246
1.001274
1.001284
1.001275
1.001235
1.001111
1.000857
1.000542
1.000279
1.000118
1.000042
1.000011
1.000000
1.000000
1.000000
1.000000
1.000000
1.000000
1.000000
1.000000
1.000000
1.000000
1.000000
1.000000
1.000000
1.000000
1.000000
1.000000
1.000000
1.000000
1.000000
1.000000
1.000000
1.000000
1.000007
1.000030
1.000078
1.000145
1.000208
1.000253
1.000282
1.000296
1.000302
1.000304
1.000302
1.000292
1.000262
1.000202
1.000127
1.000065
1.000025
1.000007
1.000000
1.000000
1.000000
1.000000
1.000000
1.000000
1.000000
1.000000
1.000000
1.000000
1.000000
1.000000
1.000000
1.000000
1.000000
1.000000
1.000000
1.000000
1.000000
1.000000
1.000000
1.000000
1.000000
1.000000
1.000005
1.000015
1.000030
1.000045
1.000055
1.000061
1.000063
1.000064
1.000064
1.000064
1.000062
1.000055
1.000041
1.000025
1.000010
1.000003
1.000000
1.000000
1.000000
1.000000
1.000000
1.000000
1.000000
1.000000
1.000000
1.000000
1.000000
1.000000
1.000000
1.000000
1.000000
1.000000
1.000000
1.000000
1.000000
1.000000
1.000000
1.000000
1.000000
1.000000
1.000000
1.000000
1.000001
1.000005
1.000007
1.000009
1.000010
1.000010
1.000010
1.000010
1.000010
1.000010
1.000008
1.000005
1.000002
1.000000
1.000000
1.000000
1.000000
1.000000
1.000000
1.000000
1.000000
1.000000
1.000000
1.000000
1.000000
1.000000
1.000000
1.000000
1.000000
1.000000
1.000000
1.000000
1.000000
1.000000
1.000000
1.000000
1.000000
1.000000
1.000000
1.000000
1.000000
1.000000
1.000000
1.000000
1.000000
1.000000
1.000000
1.000000
1.000000
1.000000
1.000000
1.000000
1.000000
1.000000
1.000000
1.000000
1.000000
1.000000
1.000000
1.000000
1.000000
1.000000
1.000000
1.000000
1.000000
1.000000
1.000000
1.000000
1.000000
1.000000
1.000000
1.000000
1.000000
1.000000
1.000000
1.000000
1.000000
1.000000
1.000000
1.000000
1.000000
1.000000
1.000000
1.000000
1.000000
1.000000
1.000000
1.000000
1.000000
1.000000
1.000000
1.000000
1.000000
1.000000
1.000000
1.000000
1.000000
1.000000
1.000000
1.000000
1.000000
1.000000
1.000000
1.000000
1.000000
1.000000
1.000000
1.000000
1.000000
1.000000
1.000000
1.000000
1.000000
1.000000
1.000000
1.000000
1.000000
1.000000
1.000000
1.000000
1.000000
1.000000
1.000000
1.000000
1.000000
1.000000
1.000000
1.000000
1.000000
1.000000
1.000000
1.000000
1.000000
1.000000
1.000000
1.000000
1.000000
1.000000
1.000000
1.000000
1.000000
1.000000
1.000000
1.000000
1.000000
1.000000
1.000000
1.000000
1.000000
1.000000
1.000000
1.000000
1.000000
1.000000
1.000000
1.000000
1.000000
1.000000
1.000000
1.000000
1.000000
1.000000
1.000000
1.000000
1.000000
1.000000
1.000000
1.000000
1.000000
1.000000
1.000000
1.000000
1.000000
1.000000
1.000000
1.000000
1.000000
1.000000
1.000000
1.000000
1.000000
1.000000
1.000000
1.000000
1.000000
1.000000
1.000000
1.000000
1.000000
1.000000
1.000000
1.000000
1.000000
1.000000
1.000000
1.000000
1.000000
1.000000
1.000000
1.000000
1.000000
1.000000
1.000000
1.000000
1.000000
1.000000
1.000000
1.000000
1.000000
1.000000
1.000000
1.000000
1.000000
1.000000
1.000000
1.000000
1.000000
1.000000
1.000000
1.000000
1.000000
1.000000
1.000000
1.000000
1.000000
1.000000
1.000000
1.000000
1.000000
1.000000
1.000000
1.000000
1.000000
1.000000
1.000000
1.000000
1.000000
1.000000
1.000000
1.000000
1.000000
1.000000
1.000000
1.000000
1.000000
1.000000
1.000000
1.000000
1.000000
1.000000
1.000000
1.000000
1.000000
1.000000
1.000000
1.000000
1.000000
1.000000
1.000000
1.000000
1.000000
1.000000
1.000000
1.000000
1.000000
1.000000
1.000000
1.000000
1.000000
1.000000
1.000000
1.000000
1.000000
1.000000
1.000000
1.000000
1.000000
1.000000
1.000000
1.000000
1.000000
1.000000
1.000000
1.000000
1.000000
1.000000
1.000000
1.000000
1.000000
1.000000
1.000000
1.000000
1.000000
1.000000
1.000000
1.000000
1.000000
1.000000
1.000000
1.000000
1.000000
1.000000
1.000000
1.000000
1.000000
1.000000
1.000000
1.000000
1.000000
1.000000
1.000000
1.000000
1.000000
1.000000
1.000000
1.000000
1.000000
1.000000
1.000000
1.000000
1.000000
1.000000
1.000000
1.000000
1.000000
1.000000
1.000000
1.000000
1.000000
1.000000
1.000000
1.000000
1.000000
1.000000
1.000000
1.000000
1.000000
1.000000
1.000000
1.000000
1.000000
1.000000
1.000000
1.000000
1.000000
1.000000
1.000000
1.000000
1.000000
1.000000
1.000000
1.000000
1.000000
1.000000
1.000000
1.000000
1.000000
1.000000
1.000000
