1.000000
1.000000
1.000000
1.000000
1.000000
1.000000
1.000000
1.000000
1.000000
1.000000
1.000000
1.000000
1.000000
1.000000
1.000000
1.000000
1.000000
1.000000
1.000000
1.000000
1.000000
1.000000
1.000000
1.000000
1.000000
1.000000
1.000000
1.000000
1.000000
1.000000
1.000000
1.000000
1.000000
1.000000
1.000000
1.000000
1.000000
1.000000
1.000000
1.000000
1.000000
1.000000
1.000000
1.000000
1.000000
1.000000
1.000000
1.000000
1.000000
1.000000
1.000000
1.000000
1.000000
1.000000
1.000000
1.000000
1.000000
1.000000
1.000000
1.000000
1.000000
1.000000
1.000000
1.000000
1.000000
1.000000
1.000000
1.000000
1.000000
1.000000
1.000000
1.000000
1.000000
1.000000
1.000000
1.000000
1.000000
1.000000
1.000000
1.000000
1.000000
1.000000
1.000000
1.000000
1.000000
1.000000
1.000000
1.000000
1.000000
1.000000
1.000000
1.000000
1.000000
1.000000
1.000000
1.000000
1.000000
1.000000
1.000000
1.000000
1.000000
1.000000
1.000000
1.000000
1.000000
1.000000
1.000000
1.000000
1.000000
1.000000
1.000000
1.000000
1.000000
1.000000
1.000000
1.000000
1.000000
1.000000
1.000000
1.000000
1.000000
1.000000
1.000000
1.000000
1.000000
1.000000
1.000000
1.000000
1.000000
1.000000
1.000000
1.000000
1.000000
1.000000
1.000000
1.000000
1.000000
1.000000
1.000000
1.000000
1.000000
1.000000
1.000000
1.000000
1.000000
1.000000
1.000000
1.000000
1.000000
1.000000
1.000000
1.000000
1.000000
1.000000
1.000000
1.000000
1.000000
1.000000
1.000000
1.000000
1.000000
1.000000
1.000000
1.000000
1.000000
1.000000
1.000000
1.000000
1.000000
1.000000
1.000000
1.000000
1.000000
1.000000
1.000000
1.000000
1.000000
1.000000
1.000000
1.000000
1.000000
1.000000
1.000000
1.000000
1.000000
1.000000
1.000000
1.000000
1.000000
1.000000
1.000000
1.000000
1.000000
1.000000
1.000000
1.000000
1.000000
1.000000
1.000000
1.000000
1.000000
1.000000
1.000000
1.000000
1.000000
1.000000
1.000000
1.000000
1.000000
1.000000
1.000000
1.000000
1.000000
1.000000
1.000000
1.000000
1.000000
1.000000
1.000000
1.000000
1.000000
1.000000
1.000000
1.000000
1.000000
1.000000
1.000000
1.000000
1.000000
1.000000
1.000000
1.000000
1.000000
1.000000
1.000000
1.000000
1.000000
1.000000
1.000000
1.000000
1.000000
1.000000
1.000000
1.000000
1.000000
1.000000
1.000000
1.000000
1.000000
1.000000
1.000000
1.000000
1.000000
1.000000
1.000000
1.000010
1.000013
1.000027
1.000040
1.000054
1.000059
1.000059
1.000060
1.000060
1.000059
1.000058
1.000050
1.000040
1.000026
1.000012
1.000000
1.000000
1.000000
1.000000
1.000000
1.000000
1.000000
1.000000
1.000000
1.000000
1.000000
1.000000
1.000000
1.000000
1.000000
1.000000
1.000000
1.000000
1.000000
1.000000
1.000000
1.000000
1.000000
1.000000
1.000000
1.000013
1.000085
1.000216
1.000382
1.000514
1.000597
1.000637
1.000652
1.000659
1.000660
1.000657
1.000640
1.000575
1.000444
1.000275
1.000138
1.000057
1.000021
1.000007
1.000000
1.000000
1.000000
1.000000
1.000000
1.000000
1.000000
1.000000
1.000000
1.000000
1.000000
1.000000
1.000000
1.000000
1.000000
1.000000
1.000000
1.000000
1.000000
1.000000
1.000008
1.000047
1.000216
1.000744
1.001825
1.003148
1.004244
1.004931
1.005274
1.005416
1.005464
1.005481
1.005452
1.005310
1.004836
1.003767
1.002371
1.001198
1.000494
1.000171
1.000051
1.000013
1.000000
1.000000
1.000000
1.000000
1.000000
1.000000
1.000000
1.000000
1.000000
1.000000
1.000000
1.000000
1.000000
1.000000
1.000000
1.000000
1.000000
1.000000
1.000012
1.000052
1.000293
1.001316
1.004432
1.010676
1.018236
1.024574
1.028623
1.030714
1.031618
1.031953
1.032038
1.031912
1.031191
1.028659
1.022741
1.014633
1.007520
1.003134
1.001086
1.000320
1.000081
1.000018
1.000004
1.000000
1.000000
1.000000
1.000000
1.000000
1.000000
1.000000
1.000000
1.000000
1.000000
1.000000
1.000000
1.000000
1.000000
1.000000
1.000000
1.000025
1.000205
1.001158
1.005110
1.016811
1.039438
1.066390
1.089232
1.104367
1.112623
1.116443
1.117965
1.118429
1.118135
1.115969
1.107999
1.088192
1.058660
1.030890
1.013040
1.004540
1.001339
1.000342
1.000076
1.000018
1.000003
1.000000
1.000000
1.000000
1.000000
1.000000
1.000000
1.000000
1.000000
1.000000
1.000000
1.000000
1.000000
1.000000
1.000000
1.000013
1.000068
1.000467
1.002602
1.011360
1.036814
1.084933
1.142177
1.191996
1.226734
1.247033
1.257212
1.261644
1.263227
1.262990
1.259115
1.244016
1.204245
1.139830
1.074947
1.031746
1.010997
1.003220
1.000816
1.000183
1.000040
1.000009
1.000000
1.000000
1.000000
1.000000
1.000000
1.000000
1.000000
1.000000
1.000000
1.000000
1.000000
1.000000
1.000000
1.000000
1.000013
1.000109
1.000736
1.004111
1.017890
1.057662
1.132398
1.222519
1.303803
1.363636
1.401050
1.421301
1.430880
1.434719
1.435073
1.429834
1.407914
1.347296
1.242356
1.130847
1.055048
1.018816
1.005436
1.001361
1.000304
1.000062
1.000013
1.000000
1.000000
1.000000
1.000000
1.000000
1.000000
1.000000
1.000000
1.000000
1.000000
1.000000
1.000000
1.000000
1.000000
1.000017
1.000138
1.000939
1.005254
1.022895
1.073912
1.170333
1.289123
1.400336
1.486411
1.543529
1.576535
1.593260
1.600557
1.602154
1.596090
1.568395
1.488813
1.344351
1.185521
1.076969
1.025845
1.007345
1.001818
1.000402
1.000081
1.000016
1.000001
1.000000
1.000000
1.000000
1.000000
1.000000
1.000000
1.000000
1.000000
1.000000
1.000000
1.000000
1.000000
1.000000
1.000019
1.000154
1.001062
1.005932
1.025941
1.084126
1.195268
1.335278
1.470806
1.580223
1.656443
1.702850
1.727670
1.739184
1.742522
1.736106
1.703730
1.608058
1.429216
1.229362
1.093595
1.030881
1.008648
1.002116
1.000463
1.000093
1.000018
1.000002
1.000000
1.000000
1.000000
1.000000
1.000000
1.000000
1.000000
1.000000
1.000000
1.000000
1.000000
1.000000
1.000000
1.000019
1.000164
1.001117
1.006266
1.027480
1.089517
1.209227
1.362832
1.515480
1.642800
1.734830
1.793115
1.825565
1.841280
1.846487
1.840011
1.803970
1.695496
1.489719
1.259019
1.104124
1.033873
1.009382
1.002278
1.000494
1.000098
1.000018
1.000002
1.000000
1.000000
1.000000
1.000000
1.000000
1.000000
1.000000
1.000000
1.000000
1.000000
1.000000
1.000000
1.000000
1.000020
1.000166
1.001139
1.006404
1.028146
1.091972
1.216020
1.377229
1.540380
1.679600
1.782886
1.850131
1.888630
1.907823
1.914648
1.908230
1.869477
1.751652
1.527062
1.276219
1.109814
1.035388
1.009734
1.002352
1.000508
1.000099
1.000018
1.000002
1.000000
1.000000
1.000000
1.000000
1.000000
1.000000
1.000000
1.000000
1.000000
1.000000
1.000000
1.000000
1.000000
1.000020
1.000166
1.001148
1.006454
1.028397
1.092950
1.218928
1.383873
1.552669
1.698783
1.808999
1.882044
1.924620
1.946234
1.954218
1.947864
1.907278
1.783324
1.547146
1.284868
1.112478
1.036053
1.009880
1.002380
1.000513
1.000100
1.000018
1.000002
1.000000
1.000000
1.000000
1.000000
1.000000
1.000000
1.000000
1.000000
1.000000
1.000000
1.000000
1.000000
1.000000
1.000020
1.000167
1.001149
1.006469
1.028467
1.093258
1.219970
1.386516
1.557967
1.707569
1.821493
1.897781
1.942710
1.965757
1.974435
1.968115
1.926413
1.798891
1.556446
1.288549
1.113509
1.036286
1.009926
1.002389
1.000514
1.000100
1.000018
1.000002
1.000000
1.000000
1.000000
1.000000
1.000000
1.000000
1.000000
1.000000
1.000000
1.000000
1.000000
1.000000
1.000000
1.000019
1.000166
1.001143
1.006441
1.028360
1.093011
1.219686
1.386585
1.558941
1.709940
1.825479
1.903245
1.949281
1.973010
1.982014
1.975666
1.933288
1.803804
1.558432
1.288666
1.113267
1.036150
1.009880
1.002375
1.000510
1.000099
1.000018
1.000002
1.000000
1.000000
1.000000
1.000000
1.000000
1.000000
1.000000
1.000000
1.000000
1.000000
1.000000
1.000000
1.000000
1.000019
1.000158
1.001102
1.006229
1.027535
1.090716
1.215369
1.380469
1.551580
1.701854
1.817021
1.894601
1.940528
1.964176
1.973083
1.966479
1.923314
1.792245
1.546477
1.280209
1.109321
1.034783
1.009489
1.002279
1.000491
1.000095
1.000017
1.000001
1.000000
1.000000
1.000000
1.000000
1.000000
1.000000
1.000000
1.000000
1.000000
1.000000
1.000000
1.000000
1.000000
1.000016
1.000140
1.000951
1.005421
1.024238
1.081160
1.196307
1.351656
1.514287
1.657552
1.767076
1.840340
1.883251
1.905014
1.912777
1.905126
1.860130
1.727291
1.488716
1.243915
1.093541
1.029513
1.008021
1.001922
1.000414
1.000079
1.000013
1.000000
1.000000
1.000000
1.000000
1.000000
1.000000
1.000000
1.000000
1.000000
1.000000
1.000000
1.000000
1.000000
1.000000
1.000012
1.000097
1.000686
1.003956
1.017996
1.061791
1.154053
1.282477
1.419018
1.539314
1.630084
1.689379
1.723021
1.739366
1.744251
1.734953
1.689512
1.564408
1.361235
1.173262
1.065200
1.020449
1.005548
1.001326
1.000284
1.000055
1.000008
1.000000
1.000000
1.000000
1.000000
1.000000
1.000000
1.000000
1.000000
1.000000
1.000000
1.000000
1.000000
1.000000
1.000000
1.000005
1.000054
1.000407
1.002362
1.010921
1.038384
1.098427
1.184153
1.275739
1.355124
1.412987
1.449005
1.468300
1.476995
1.478585
1.469646
1.432704
1.340132
1.207536
1.096841
1.036219
1.011390
1.003102
1.000743
1.000157
1.000031
1.000004
1.000000
1.000000
1.000000
1.000000
1.000000
1.000000
1.000000
1.000000
1.000000
1.000000
1.000000
1.000000
1.000000
1.000000
1.000000
1.000026
1.000198
1.001160
1.005430
1.019383
1.050538
1.095235
1.142122
1.181153
1.208014
1.223637
1.231416
1.234594
1.234589
1.228879
1.207654
1.158388
1.094135
1.043618
1.016407
1.005203
1.001426
1.000342
1.000071
1.000013
1.000000
1.000000
1.000000
1.000000
1.000000
1.000000
1.000000
1.000000
1.000000
1.000000
1.000000
1.000000
1.000000
1.000000
1.000000
1.000000
1.000012
1.000077
1.000476
1.002249
1.008101
1.021254
1.039889
1.058766
1.073653
1.083236
1.088421
1.090816
1.091694
1.091467
1.088910
1.079945
1.060056
1.035404
1.016472
1.006256
1.002001
1.000552
1.000133
1.000028
1.000003
1.000000
1.000000
1.000000
1.000000
1.000000
1.000000
1.000000
1.000000
1.000000
1.000000
1.000000
1.000000
1.000000
1.000000
1.000000
1.000000
1.000000
1.000025
1.000166
1.000793
1.002870
1.007530
1.014007
1.020320
1.025039
1.027894
1.029340
1.029964
1.030169
1.030049
1.029151
1.026098
1.019484
1.011482
1.005376
1.002059
1.000663
1.000183
1.000043
1.000008
1.000000
1.000000
1.000000
1.000000
1.000000
1.000000
1.000000
1.000000
1.000000
1.000000
1.000000
1.000000
1.000000
1.000000
1.000000
1.000000
1.000000
1.000000
1.000008
1.000049
1.000241
1.000879
1.002303
1.004245
1.006072
1.007378
1.008126
1.008485
1.008631
1.008676
1.008632
1.008365
1.007474
1.005566
1.003285
1.001545
1.000595
1.000191
1.000053
1.000011
1.000000
1.000000
1.000000
1.000000
1.000000
1.000000
1.000000
1.000000
1.000000
1.000000
1.000000
1.000000
1.000000
1.000000
1.000000
1.000000
1.000000
1.000000
1.000000
1.000000
1.000013
1.000064
1.000236
1.000619
1.001132
1.001602
1.001924
1.002102
1.002182
1.002215
1.002226
1.002210
1.002142
1.001912
1.001422
1.000840
1.000396
1.000152
1.000049
1.000012
1.000000
1.000000
1.000000
1.000000
1.000000
1.000000
1.000000
1.000000
1.000000
1.000000
1.000000
1.000000
1.000000
1.000000
1.000000
1.000000
1.000000
1.000000
1.000000
1.000000
1.000000
1.000000
1.000014
1.000056
1.000147
1.000268
1.000377
1.000448
1.000488
1.000506
1.000513
1.000514
1.000511
1.000493
1.000441
1.000327
1.000193
1.000090
1.000034
1.000009
1.000000
1.000000
1.000000
1.000000
1.000000
1.000000
1.000000
1.000000
1.000000
1.000000
1.000000
1.000000
1.000000
1.000000
1.000000
1.000000
1.000000
1.000000
1.000000
1.000000
1.000000
1.000000
1.000000
1.000000
1.000009
1.000029
1.000054
1.000078
1.000094
1.000102
1.000105
1.000106
1.000106
1.000106
1.000103
1.000091
1.000068
1.000040
1.000016
1.000004
1.000000
1.000000
1.000000
1.000000
1.000000
1.000000
1.000000
1.000000
1.000000
1.000000
1.000000
1.000000
1.000000
1.000000
1.000000
1.000000
1.000000
1.000000
1.000000
1.000000
1.000000
1.000000
1.000000
1.000000
1.000000
1.000000
1.000004
1.000009
1.000013
1.000015
1.000017
1.000017
1.000017
1.000017
1.000017
1.000016
1.000014
1.000010
1.000004
1.000001
1.000000
1.000000
1.000000
1.000000
1.000000
1.000000
1.000000
1.000000
1.000000
1.000000
1.000000
1.000000
1.000000
1.000000
1.000000
1.000000
1.000000
1.000000
1.000000
1.000000
1.000000
1.000000
1.000000
1.000000
1.000000
1.000000
1.000000
1.000000
1.000000
1.000000
1.000001
1.000001
1.000001
1.000001
1.000001
1.000001
1.000001
1.000000
1.000000
1.000000
1.000000
1.000000
1.000000
1.000000
1.000000
1.000000
1.000000
1.000000
1.000000
1.000000
1.000000
1.000000
1.000000
1.000000
1.000000
1.000000
1.000000
1.000000
1.000000
1.000000
1.000000
1.000000
1.000000
1.000000
1.000000
1.000000
1.000000
1.000000
1.000000
1.000000
1.000000
1.000000
1.000000
1.000000
1.000000
1.000000
1.000000
1.000000
1.000000
1.000000
1.000000
1.000000
1.000000
1.000000
1.000000
1.000000
1.000000
1.000000
1.000000
1.000000
1.000000
1.000000
1.000000
1.000000
1.000000
1.000000
1.000000
1.000000
1.000000
1.000000
1.000000
1.000000
1.000000
1.000000
1.000000
1.000000
1.000000
1.000000
1.000000
1.000000
1.000000
1.000000
1.000000
1.000000
1.000000
1.000000
1.000000
1.000000
1.000000
1.000000
1.000000
1.000000
1.000000
1.000000
1.000000
1.000000
1.000000
1.000000
1.000000
1.000000
1.000000
1.000000
1.000000
1.000000
1.000000
1.000000
1.000000
1.000000
1.000000
1.000000
1.000000
1.000000
1.000000
1.000000
1.000000
1.000000
1.000000
1.000000
1.000000
1.000000
1.000000
1.000000
1.000000
1.000000
1.000000
1.000000
1.000000
1.000000
1.000000
1.000000
1.000000
1.000000
1.000000
1.000000
1.000000
1.000000
1.000000
1.000000
1.000000
1.000000
1.000000
1.000000
1.000000
1.000000
1.000000
1.000000
1.000000
1.000000
1.000000
1.000000
1.000000
1.000000
1.000000
1.000000
1.000000
1.000000
1.000000
1.000000
1.000000
1.000000
1.000000
1.000000
1.000000
1.000000
1.000000
1.000000
1.000000
1.000000
1.000000
1.000000
1.000000
1.000000
1.000000
1.000000
1.000000
1.000000
1.000000
1.000000
1.000000
1.000000
1.000000
1.000000
1.000000
1.000000
1.000000
1.000000
1.000000
1.000000
1.000000
1.000000
1.000000
1.000000
1.000000
1.000000
1.000000
1.000000
1.000000
1.000000
1.000000
1.000000
1.000000
1.000000
1.000000
1.000000
1.000000
1.000000
1.000000
1.000000
1.000000
1.000000
1.000000
1.000000
1.000000
1.000000
1.000000
1.000000
1.000000
1.000000
1.000000
1.000000
1.000000
1.000000
1.000000
1.000000
1.000000
1.000000
1.000000
1.000000
1.000000
1.000000
1.000000
1.000000
1.000000
1.000000
1.000000
1.000000
1.000000
1.000000
1.000000
1.000000
1.000000
1.000000
1.000000
1.000000
1.000000
1.000000
1.000000
1.000000
1.000000
1.000000
1.000000
1.000000
1.000000
1.000000
1.000000
1.000000
1.000000
1.000000
1.000000
1.000000
1.000000
1.000000
1.000000
1.000000
1.000000
1.000000
1.000000
1.000000
1.000000
1.000000
1.000000
1.000000
1.000000
1.000000
1.000000
1.000000
1.000000
1.000000
1.000000
1.000000
1.000000
1.000000
1.000000
1.000000
1.000000
1.000000
1.000000
1.000000
1.000000
1.000000
1.000000
1.000000
1.000000
1.000000
1.000000
1.000000
1.000000
1.000000
1.000000
1.000000
1.000000
1.000000
1.000000
1.000000
1.000000
1.000000
1.000000
1.000000
1.000000
1.000000
1.000000
1.000000
1.000000
1.000000
1.000000
1.000000
1.000000
1.000000
1.000000
1.000000
1.000000
1.000000
1.000000
1.000000
1.000000
1.000000
1.000000
1.000000
1.000000
1.000000
1.000000
1.000000
1.000000
1.000000
1.000000
1.000000
1.000000
1.000000
1.000000
1.000000
1.000000
1.000000
1.000000
1.000000
1.000000
1.000000
1.000000
1.000000
1.000000
1.000000
1.000000
1.000000
1.000000
1.000000
1.000000
1.000000
